2.0000000000000004
2.1000000000000005
2.2000000000000006
2.3000000000000007
2.400000000000001
2.500000000000001
2.600000000000001
2.700000000000001
2.800000000000001
2.9000000000000012
3.0000000000000013
3.1000000000000014
3.2000000000000015
3.3000000000000016
3.4000000000000017
3.5000000000000018
3.600000000000002
3.700000000000002
3.800000000000002
3.900000000000002
4.000000000000002
4.100000000000001
4.200000000000001
4.300000000000001
4.4
4.5
4.6
4.699999999999999
4.799999999999999
4.899999999999999
4.999999999999998
5.099999999999998
5.1999999999999975
5.299999999999997
5.399999999999997
5.4999999999999964
5.599999999999996
5.699999999999996
5.799999999999995
5.899999999999995
5.999999999999995
6.099999999999994
6.199999999999994
6.299999999999994
6.399999999999993
6.499999999999993
6.5999999999999925
6.699999999999992
6.799999999999992
6.8999999999999915
6.999999999999991
7.099999999999991
7.19999999999999
7.29999999999999
7.39999999999999
7.499999999999989
7.599999999999989
7.699999999999989
7.799999999999988
7.899999999999988
7.999999999999988
8.099999999999987
8.199999999999987
8.299999999999986
8.399999999999986
8.499999999999986
8.599999999999985
8.699999999999985
8.799999999999985
8.899999999999984
8.999999999999984
9.099999999999984
9.199999999999983
9.299999999999983
9.399999999999983
9.499999999999982
9.599999999999982
9.699999999999982
9.799999999999981
9.89999999999998
9.99999999999998
10.09999999999998
10.19999999999998
10.29999999999998
10.399999999999979
10.499999999999979
10.599999999999978
10.699999999999978
10.799999999999978
10.899999999999977
10.999999999999977
11.099999999999977
11.199999999999976
11.299999999999976
11.399999999999975
11.499999999999975
11.599999999999975
11.699999999999974
11.799999999999974
11.899999999999974
11.999999999999973
12.099999999999973
12.199999999999973
12.299999999999972
12.399999999999972
12.499999999999972
12.599999999999971
12.69999999999997
12.79999999999997
12.89999999999997
12.99999999999997
13.09999999999997
13.199999999999969
13.299999999999969
13.399999999999968
13.499999999999968
13.599999999999968
13.699999999999967
13.799999999999967
13.899999999999967
13.999999999999966
14.099999999999966
14.199999999999966
14.299999999999965
14.399999999999965
14.499999999999964
14.599999999999964
14.699999999999964
14.799999999999963
14.899999999999963
14.999999999999963
15.099999999999962
15.199999999999962
15.299999999999962
15.399999999999961
15.499999999999961
15.59999999999996
15.69999999999996
15.79999999999996
15.89999999999996
15.99999999999996
16.09999999999996
16.19999999999996
16.29999999999996
16.399999999999963
16.499999999999964
16.599999999999966
16.699999999999967
16.79999999999997
16.89999999999997
16.99999999999997
17.099999999999973
17.199999999999974
17.299999999999976
17.399999999999977
17.49999999999998
17.59999999999998
17.69999999999998
17.799999999999983
17.899999999999984
17.999999999999986
18.099999999999987
18.19999999999999
18.29999999999999
18.39999999999999
18.499999999999993
18.599999999999994
18.699999999999996
18.799999999999997
18.9
19.0
19.1
19.200000000000003
19.300000000000004
19.400000000000006
19.500000000000007
19.60000000000001
19.70000000000001
19.80000000000001
19.900000000000013
20.000000000000014
20.100000000000016
20.200000000000017
20.30000000000002
20.40000000000002
20.50000000000002
20.600000000000023
20.700000000000024
20.800000000000026
20.900000000000027
21.00000000000003
21.10000000000003
21.20000000000003
21.300000000000033
21.400000000000034
21.500000000000036
21.600000000000037
21.70000000000004
21.80000000000004
21.90000000000004
22.000000000000043
22.100000000000044
22.200000000000045
22.300000000000047
22.40000000000005
22.50000000000005
22.60000000000005
22.700000000000053
22.800000000000054
22.900000000000055
23.000000000000057
23.10000000000006
23.20000000000006
23.30000000000006
23.400000000000063
23.500000000000064
23.600000000000065
23.700000000000067
23.800000000000068
23.90000000000007
24.00000000000007
24.100000000000072
24.200000000000074
24.300000000000075
24.400000000000077
24.500000000000078
24.60000000000008
24.70000000000008
24.800000000000082
24.900000000000084
25.000000000000085
25.100000000000087
25.200000000000088
25.30000000000009
25.40000000000009
25.500000000000092
25.600000000000094
25.700000000000095
25.800000000000097
25.900000000000098
26.0000000000001
26.1000000000001
26.200000000000102
26.300000000000104
26.400000000000105
26.500000000000107
26.600000000000108
26.70000000000011
26.80000000000011
26.900000000000112
27.000000000000114
27.100000000000115
27.200000000000117
27.300000000000118
27.40000000000012
27.50000000000012
27.600000000000122
27.700000000000124
27.800000000000125
27.900000000000126
28.000000000000128
28.10000000000013
28.20000000000013
28.300000000000132
28.400000000000134
28.500000000000135
28.600000000000136
28.700000000000138
28.80000000000014
28.90000000000014
29.000000000000142
29.100000000000144
29.200000000000145
29.300000000000146
29.400000000000148
29.50000000000015
29.60000000000015
29.700000000000152
29.800000000000153
29.900000000000155
30.000000000000156
30.100000000000158
30.20000000000016
30.30000000000016
30.400000000000162
30.500000000000163
30.600000000000165
30.700000000000166
30.800000000000168
30.90000000000017
31.00000000000017
31.100000000000172
31.200000000000173
31.300000000000175
31.400000000000176
31.500000000000178
31.60000000000018
31.70000000000018
31.800000000000182
31.900000000000183
32.000000000000185
32.100000000000186
32.20000000000019
32.30000000000019
32.40000000000019
32.50000000000019
32.60000000000019
32.700000000000195
32.800000000000196
32.9000000000002
33.0000000000002
33.1000000000002
33.2000000000002
33.3000000000002
33.400000000000205
33.500000000000206
33.60000000000021
33.70000000000021
33.80000000000021
33.90000000000021
34.00000000000021
34.100000000000215
34.200000000000216
34.30000000000022
34.40000000000022
34.50000000000022
34.60000000000022
34.70000000000022
34.800000000000225
34.900000000000226
35.00000000000023
35.10000000000023
35.20000000000023
35.30000000000023
35.40000000000023
35.500000000000234
35.600000000000236
35.70000000000024
35.80000000000024
35.90000000000024
36.00000000000024
36.10000000000024
36.200000000000244
36.300000000000246
36.40000000000025
36.50000000000025
36.60000000000025
36.70000000000025
36.80000000000025
36.900000000000254
37.000000000000256
37.10000000000026
37.20000000000026
37.30000000000026
37.40000000000026
37.50000000000026
37.600000000000264
37.700000000000266
37.80000000000027
37.90000000000027
38.00000000000027
38.10000000000027
38.20000000000027
38.300000000000274
38.400000000000276
38.50000000000028
38.60000000000028
38.70000000000028
38.80000000000028
38.90000000000028
39.000000000000284
39.100000000000286
39.20000000000029
39.30000000000029
39.40000000000029
39.50000000000029
39.60000000000029
39.700000000000294
39.800000000000296
39.9000000000003
40.0000000000003
40.1000000000003
40.2000000000003
40.3000000000003
40.400000000000304
40.500000000000306
40.60000000000031
40.70000000000031
40.80000000000031
40.90000000000031
41.00000000000031
41.100000000000314
41.200000000000315
41.30000000000032
41.40000000000032
41.50000000000032
41.60000000000032
41.70000000000032
41.800000000000324
41.900000000000325
42.00000000000033
42.10000000000033
42.20000000000033
42.30000000000033
42.40000000000033
42.500000000000334
42.600000000000335
42.70000000000034
42.80000000000034
42.90000000000034
43.00000000000034
43.10000000000034
43.200000000000344
43.300000000000345
43.40000000000035
43.50000000000035
43.60000000000035
43.70000000000035
43.80000000000035
43.900000000000354
44.000000000000355
44.10000000000036
44.20000000000036
44.30000000000036
44.40000000000036
44.50000000000036
44.600000000000364
44.700000000000365
44.80000000000037
44.90000000000037
45.00000000000037
