0.0010000000000000113   0.0   0.0   0.0
0.0020000000000000304   0.0   0.0   0.0
0.0029999999999999463   0.0   0.0   0.0
0.003999999999999882   0.0   0.0   0.0
0.005000000000000015   0.0   0.0   0.0
0.006000000000000148   0.0   0.0   0.0
0.00700000000000028   0.0   0.0   0.0
0.008000000000000413   0.0   0.0   0.0
0.009000000000000546   0.0   0.0   0.0
0.010000000000000678   0.0   0.0   0.0
0.011000000000000811   0.0   0.0   0.0
0.012000000000000944   0.0   0.0   0.0
0.013000000000001077   0.0   0.0   0.0
0.01400000000000121   0.0038217734882785227   -0.0016116036227282204   -0.13978818815496746
0.015000000000001342   0.0014171464507266537   -0.0021913714751141027   -0.15157294289408485
0.01600000000000115   0.0015601871430705975   -0.002835499996670534   -0.16146169665752397
0.017000000000000414   0.003162334399884846   -0.002455917922807952   -0.1712909919803522
0.01799999999999968   0.0029437261887375016   0.00014945145672166718   -0.18105999183661795
0.018999999999998945   0.0030598770776941596   0.0006646373845268283   -0.18860692116249225
0.01999999999999821   0.002448076787745307   0.00115452082226675   -0.1992409606249297
0.020999999999997476   0.00274169156662103   0.002451401998586526   -0.21044325373324294
0.02199999999999674   0.0016877433623373411   0.0011133507876292569   -0.22020969232556153
0.022999999999996006   0.00217473626522167   0.0007176223967007904   -0.2295038936372878
0.02399999999999527   0.0028810912808995156   0.0011323945149638245   -0.23927353031759097
0.024999999999994537   0.0032791250331169973   0.001593061980671029   -0.24925501571941971
0.025999999999993802   0.0034212579867242475   -0.0005678019933114675   -0.259307412316817
0.026999999999993068   0.004388141914738275   -7.923572778990657e-05   -0.2695886061503872
0.027999999999992333   0.0038017310808443902   -0.0006626955188992125   -0.2772825076604738
0.0289999999999916   0.0034941744043874034   0.0009660182564571493   -0.2846467090094824
0.029999999999990864   0.0040371115185807915   0.0014198531714784712   -0.29349275362753474
0.03099999999999013   0.004922395112768341   -0.0006352913863925281   -0.3019719573303046
0.031999999999990696   0.004948988409467223   9.174526165272953e-07   -0.3103039922414084
0.032999999999991696   0.0051273976888970745   -0.00039697106280590694   -0.3195890558827901
0.033999999999992696   0.005232274164787393   -0.00013421648226328263   -0.3264173687829886
0.034999999999993696   0.003913083748854957   0.0007498135217025835   -0.3311213184642234
0.035999999999994696   0.003522119765716541   0.0012452414230255044   -0.34075693125938816
0.036999999999995696   0.0030981892464917813   0.0009784199949239975   -0.34864093090806714
0.037999999999996696   0.0031996971700620725   0.0006650783849115873   -0.35447027063174147
0.038999999999997696   0.0026793319535591766   0.000984809849771649   -0.36061686204865473
0.039999999999998696   0.0022828351953828327   0.00108617452725193   -0.3694854611629847
0.040999999999999696   0.0014556786578388532   0.0021545975206267785   -0.3769346975442568
0.042000000000000696   0.0012257751473407142   0.0032758900751358247   -0.3850502744452921
0.0430000000000017   0.0009914960361599385   0.0037228184661595967   -0.39125291452131505
0.0440000000000027   0.000970062036025136   0.0025567328142507726   -0.39666196138685106
0.0450000000000037   0.0012695300617081133   0.0021144474164239277   -0.4017010928713065
0.0460000000000047   0.0014777410496455143   0.0021817162586196853   -0.4093502132189612
0.0470000000000057   0.0018065169373961444   0.0021919354179575174   -0.4163894416780594
0.0480000000000067   0.0026502239666969206   0.0015845697943522518   -0.42389605428377036
0.0490000000000077   0.003950191684228582   0.0011465412047069795   -0.4301750052867401
0.0500000000000087   0.003999981535110546   0.0008448407083043479   -0.4382120401874568
0.0510000000000097   0.004187436623411445   0.0008868934634963475   -0.44511797657566676
0.0520000000000107   0.005032350470063512   0.0006279914546815155   -0.44949168770423276
0.0530000000000117   0.005515528875794676   0.0007936207629599637   -0.4548559510738647
0.0540000000000127   0.006811584820125866   0.0002816915904855147   -0.4599746223037574
0.0550000000000137   0.0061734428003949494   0.0003476090875378644   -0.4687675848790178
0.0560000000000147   0.0054893255322653895   0.0006296160563462616   -0.4713052226221367
0.0570000000000157   0.005747881470126695   0.0005447280066719536   -0.4759075274735356
0.0580000000000167   0.006343948624817316   0.0007072967716949559   -0.48370108715033117
0.0590000000000177   0.00778771188271802   5.925073402104475e-05   -0.4882088592762033
0.0600000000000187   0.0075978123157455285   -0.00015439086328716177   -0.49299132502169307
0.0610000000000197   0.007275261206907929   -0.0001381346623271114   -0.5010024110900347
0.0620000000000207   0.0073524766870693   -0.00010349670696938338   -0.5053207618098469
0.06300000000002169   0.007163153713776941   0.0001027717894633682   -0.5125359865373526
0.06400000000002269   0.006832053111058213   0.0005446632419378335   -0.5197159363285376
0.06500000000002369   0.007022338609284264   0.0005536134024515932   -0.5280409921666704
0.06600000000002469   0.006974873917628164   0.0006712575647915927   -0.5290543128248237
0.06700000000002569   0.006825511108607138   0.0008462478607027291   -0.5360019606520502
0.06800000000002669   0.006414353540528726   0.0007528800099464645   -0.54325352017902
0.06900000000002769   0.005638621277196437   0.0010395473571173325   -0.5460401903364969
0.07000000000002869   0.005643485175757761   0.0008558377394212685   -0.5540746346014062
0.07100000000002969   0.005754412115597431   0.0006295368400600503   -0.5612160743235786
0.07200000000003069   0.005655446329881908   0.0006270553371751836   -0.569500274980566
0.07300000000003169   0.005468252603162867   0.0007451814826624225   -0.5745233316649029
0.07400000000003269   0.005545053962630555   0.0011527156892420943   -0.5792474022492781
0.07500000000003369   0.0055648920898030705   0.001318765167120516   -0.5832187723257082
0.07600000000003469   0.005707884644984356   0.0013887036246434832   -0.5915704214921427
0.07700000000003569   0.005859346052933565   0.0014181256512055126   -0.5980074602464266
0.07800000000003669   0.005560668574219648   0.0016409834552450746   -0.6024024813427921
0.07900000000003769   0.005283808673234587   0.0016657395260551836   -0.60749480112384
0.08000000000003869   0.005584427915898037   0.001657324097655415   -0.6157631740017195
0.08100000000003969   0.005216044363247471   0.0021617278607739057   -0.6215339483199257
0.0820000000000407   0.004867949492100504   0.0018109357323088863   -0.6250692316600096
0.0830000000000417   0.004845244497071922   0.002086392968196335   -0.6285781843643604
0.0840000000000427   0.0048059829873358835   0.0018067126461085417   -0.6333032515476975
0.0850000000000437   0.004965615019572922   0.0021698510842408877   -0.6397893203647261
0.0860000000000447   0.0048553105417758645   0.002311437807416635   -0.6481529799815161
0.0870000000000457   0.004670135598553584   0.0025126498212842572   -0.653214740466032
0.0880000000000467   0.004857698717687658   0.0025746162062551857   -0.6604225005006328
0.0890000000000477   0.004798628649077644   0.002445766140775601   -0.6667840806123938
0.0900000000000487   0.004482119487250101   0.0029857605989271753   -0.6716686744977612
0.0910000000000497   0.004377767723503122   0.002497178986437466   -0.6732647117269678
0.0920000000000507   0.004239807013335703   0.0024141787096435482   -0.6675647821282984
0.0930000000000517   0.004282832405734539   0.00204603948445375   -0.6597261019880211
0.0940000000000527   0.004302553263207088   0.001635371709409065   -0.6501486873242848
0.0950000000000537   0.004225597914747211   0.0015864863404037896   -0.6512535880885632
0.0960000000000547   0.003960844567295011   0.0015299651326210095   -0.6525230833231609
0.0970000000000557   0.0038595652004518094   0.0011726153708289408   -0.6483980179097659
0.0980000000000567   0.00339256575496096   0.0005321596392322001   -0.6482081029704776
0.0990000000000577   0.003559413117779313   0.00010537183566239302   -0.6509943017414903
0.1000000000000587   0.0037734863273452446   0.00018896345756831958   -0.6477242224141365
0.1010000000000597   0.003424893853439232   -0.00016315404366230244   -0.6422579615875637
0.1020000000000607   0.003344618418060703   -0.0003536882522073061   -0.6446849466903353
0.1030000000000617   0.0033897279673306244   -0.0013877419447623535   -0.6445834671644557
0.1040000000000627   0.0039145341299864295   -0.0016224578130662878   -0.6477186782927831
0.1050000000000637   0.0039052994911924804   -0.002269488572230334   -0.6475874974709352
0.1060000000000647   0.003940772990999056   -0.002675928999551951   -0.6492372361543705
0.1070000000000657   0.003709943522534482   -0.0025280064362900568   -0.6541600592761787
0.1080000000000667   0.0038502546616591233   -0.0024101018046506825   -0.6580720539135008
0.1090000000000677   0.0030489892528987633   -0.002502233632953862   -0.6540692512145554
0.1100000000000687   0.003453257564973411   -0.001850440164843191   -0.6484176495182139
0.1110000000000697   0.003619679865182224   -0.001638410801427377   -0.6524052235915136
0.1120000000000707   0.0034707391103163615   -0.0014571458356156001   -0.6576969709358687
0.1130000000000717   0.003012756378621494   -0.001244145100323987   -0.6630271835425254
0.1140000000000727   0.0021314179430091673   -0.0017646038684162012   -0.6598240983649976
0.1150000000000737   0.0017152304341934124   -0.0020583665725264185   -0.6609330337156072
0.1160000000000747   0.001351087946460828   -0.0023008464224109192   -0.6632211259683876
0.1170000000000757   0.0011224340097248397   -0.002401002088351338   -0.6701382920469084
0.1180000000000767   0.0013323073303211053   -0.003186705889231366   -0.6675077509898459
0.1190000000000777   0.0008526040049242508   -0.0035067895414644013   -0.6658387493127788
0.1200000000000787   0.0006827434552687873   -0.003899274301104159   -0.6658565413480175
0.1210000000000797   0.0003103638753445817   -0.0038614089130246756   -0.668960168543228
0.1220000000000807   0.0007792211971756339   -0.004182514584448127   -0.6686702263049569
0.1230000000000817   0.00028185493388868324   -0.003913983360496727   -0.6694082733890232
0.1240000000000827   0.0003801994231957368   -0.004020351478251428   -0.6682646135231429
0.12500000000008368   0.0004166760378090671   -0.0037336806673167067   -0.6655536457703054
0.12600000000008468   0.0007607050053665359   -0.003936608999912098   -0.6689780453254953
0.12700000000008568   0.0008157904893521678   -0.003678852402558307   -0.6658975886654777
0.12800000000008668   0.0011463383738889714   -0.003957301822453194   -0.6609544202615812
0.12900000000008768   0.0012942844647022022   -0.004470252665801265   -0.6635653871382909
0.13000000000008868   0.0016071126277678767   -0.0046621164006116385   -0.6603982538022853
0.13100000000008968   0.00190520757609322   -0.004947985185028592   -0.6606307889651301
0.13200000000009068   0.0024038118100716773   -0.00507898325961719   -0.6548321851886075
0.13300000000009168   0.002327724157839773   -0.005277934871610017   -0.6473290522412143
0.13400000000009268   0.0018591697870253107   -0.005393357867587247   -0.647979762960153
0.13500000000009368   0.0018758113519677796   -0.005566001784004985   -0.6497741015330647
0.13600000000009468   0.0018700890529375772   -0.005540534922833518   -0.6468426298407943
0.13700000000009568   0.0013585579783483373   -0.0057906147797948705   -0.6480951253147719
0.13800000000009668   0.0017455875704873122   -0.006340084683319635   -0.6425357348762715
0.13900000000009768   0.0012368474993274597   -0.007357848043672008   -0.6386348419583951
0.14000000000009868   0.0012730670085823162   -0.007598267002240828   -0.6401297302835276
0.14100000000009968   0.0010740660438191046   -0.007863464878742671   -0.6413549013765708
0.14200000000010068   0.001304532213443452   -0.008272016941374579   -0.6420725779936841
0.14300000000010168   0.0012426829460134934   -0.008035725465424852   -0.6442898023853972
0.14400000000010268   0.0011528851820447503   -0.008482041034989458   -0.6450028884287509
0.14500000000010368   0.0012812583257407477   -0.00910120315938079   -0.6469739698639418
0.14600000000010468   0.0010715025742938022   -0.008868576349440955   -0.6504336132034803
0.14700000000010569   0.0007793501696250202   -0.009216501167144132   -0.6530019917060674
0.14800000000010669   8.007026719596969e-05   -0.009303581839698137   -0.6562857603569084
0.14900000000010769   -0.0005558899455490617   -0.00948580558518952   -0.6559726710273556
0.15000000000010869   -0.0005336444329145329   -0.009284897477939041   -0.6534703983686596
0.15100000000010969   -0.0005568001783027148   -0.009685254074156956   -0.6508574418452628
0.15200000000011069   -0.0005740732702474743   -0.010283367547491805   -0.6533022314866913
0.15300000000011169   -0.0006952029088410042   -0.009941002148816977   -0.6523250597481979
0.15400000000011269   -0.0010107351803272438   -0.00943395276859107   -0.6506875153249936
0.15500000000011369   -0.0005948148862351265   -0.00967198268005117   -0.6534562274380272
0.15600000000011469   -0.0002382042218534266   -0.009176530849878179   -0.6522577982073563
0.15700000000011569   -0.0012673546544091903   -0.008746510150835765   -0.6520832571787544
0.15800000000011669   -0.001283411542659103   -0.008818956649863704   -0.6521597309371291
0.15900000000011769   -0.0012330465410578194   -0.008661227601384826   -0.6506639349151186
0.1600000000001187   -0.0013017343657693305   -0.008077108310373858   -0.6506018313466361
0.1610000000001197   -0.0012772749893946763   -0.007728889983982848   -0.6527227752330393
0.1620000000001207   -0.0012670921534965835   -0.007425017958544115   -0.6554198193892283
0.1630000000001217   -0.0012984502372595077   -0.0068066509515553545   -0.6507501473870929
0.1640000000001227   -0.0012150577862099295   -0.006904967306411536   -0.6517799024787677
0.1650000000001237   -0.0013664497759519336   -0.006355875711071478   -0.6515837857300971
0.1660000000001247   -0.0012440006846359296   -0.005986194523765641   -0.6496825560245275
0.1670000000001257   -0.001492768987496103   -0.005683263433158384   -0.6557367920966158
0.1680000000001267   -0.0014642552460265939   -0.00560769079665922   -0.6583325937271696
0.1690000000001277   -0.001389645553119893   -0.005092080521607541   -0.657695397863694
0.1700000000001287   -0.0009764070726151259   -0.005154479509570406   -0.6592020073391615
0.1710000000001297   -0.00026878255458661417   -0.004306522192948699   -0.6591050089762507
0.1720000000001307   -0.00047860052031731715   -0.004357702469582566   -0.6647640028167999
0.1730000000001317   -0.00014370338087456202   -0.004004690798937899   -0.6665921234997797
0.1740000000001327   0.00026722959356776944   -0.003304061165879465   -0.6692363431023424
0.1750000000001337   0.0004748202039796344   -0.0033125602276650526   -0.6724577388573616
0.1760000000001347   0.00030329498022320443   -0.003132084089274482   -0.6728888803753122
0.1770000000001357   -2.1038782151978704e-05   -0.0028195137643537366   -0.6702870536666006
0.1780000000001367   0.00020565957685240682   -0.002510818897973238   -0.6750193532358948
0.1790000000001377   0.0005387029171799408   -0.002158857477503354   -0.6765450071909583
0.1800000000001387   0.0007582328308315633   -0.0021225520963830003   -0.6774209352748961
0.1810000000001397   0.0009424308606234117   -0.001355858846552279   -0.6813813499519766
0.1820000000001407   0.0007672362643842311   -0.0007847510333790922   -0.6848466628761077
0.1830000000001417   0.0007397722688613365   -0.0004851818986821791   -0.6825617003529861
0.1840000000001427   0.0005243750274241852   -0.0008761658372770739   -0.6843018667849818
0.1850000000001437   0.0006046803467518009   -0.0006693510171846406   -0.6857859261297645
0.1860000000001447   0.0005247810518629074   -0.0006381887803799651   -0.6844890959345193
0.1870000000001457   0.0009341436452933889   -0.00012389378363627352   -0.6821367520266588
0.1880000000001467   0.0008536608404034539   0.0007711673149868699   -0.6790318221844931
0.1890000000001477   0.0006520336607368962   0.0007221655286827432   -0.6815391602703428
0.1900000000001487   0.0004939579290155652   0.0014303760723093637   -0.6822750024532941
0.1910000000001497   -0.00023393739519158235   0.0012954658185529422   -0.6812599236409727
0.1920000000001507   -0.0005980325238884636   0.0026425833755916394   -0.6818306184272239
0.1930000000001517   0.00016935159751230904   0.003270594455700084   -0.6820955718735148
0.1940000000001527   0.0006127278919907869   0.003162781541098919   -0.6750640144919864
0.1950000000001537   0.000755320742572889   0.003542691720371342   -0.6747798731482815
0.1960000000001547   0.00039948460556736294   0.003297618363015877   -0.6735184072820506
0.1970000000001557   -6.467235771393896e-05   0.0034080930403093197   -0.6719356523389879
0.1980000000001567   0.00048778375152420917   0.003754919980272517   -0.6695117817638373
0.1990000000001577   0.0008929386940107813   0.004027598687059568   -0.6691678185910797
0.2000000000001587   0.0013564381116597146   0.004209812619112077   -0.6689041485564651
0.2010000000001597   0.0018116462307674467   0.004198941631720916   -0.6713196173078807
0.2020000000001607   0.001990673603699099   0.004183714026113424   -0.6727462213765723
0.2030000000001617   0.0026340424109446655   0.003733811831662701   -0.6680039478338615
0.2040000000001627   0.002855192697801937   0.004015404925248057   -0.6710497824176747
0.2050000000001637   0.0031741141583399813   0.003972588226960814   -0.6737613065678271
0.2060000000001647   0.0028678988804087552   0.004727140915105987   -0.671947572957235
0.2070000000001657   0.0036923123361445524   0.004939263195590775   -0.669973221178325
0.2080000000001667   0.0043865677789613035   0.0055968910224811   -0.664513610438088
0.2090000000001677   0.003841395184123541   0.005465904835039319   -0.664067061484043
0.2100000000001687   0.0038895673344869763   0.005789369632085707   -0.6607067941844299
0.2110000000001697   0.003954067879471973   0.005964458638632694   -0.6597609525164937
0.2120000000001707   0.0037266997139503537   0.006183919345477408   -0.6551170904499576
0.2130000000001717   0.003953419578340883   0.0064542824810644404   -0.6529060771888485
0.2140000000001727   0.0037971054536136183   0.0058697458798005015   -0.6551850697011438
0.2150000000001737   0.0033673864525774764   0.005839019460574843   -0.652485227156495
0.2160000000001747   0.003282440169224556   0.006027259184934164   -0.6516427431041102
0.2170000000001757   0.002863873904659302   0.005712283418268811   -0.6533208826348085
0.2180000000001767   0.0022411711579144854   0.0054470420773573575   -0.6492433649850373
0.2190000000001777   0.0018362991760024203   0.005237970329589203   -0.6520391657328061
0.2200000000001787   0.001513126258205878   0.005174296222545851   -0.6511962314564659
0.2210000000001797   0.0007085125821539006   0.004959700698360781   -0.6486760644370062
0.2220000000001807   0.0001363739498987826   0.00504631453630509   -0.6489908098930333
0.2230000000001817   -0.00019482265405121698   0.005229670823662536   -0.6511546338332326
0.2240000000001827   -0.00045833031919961445   0.005246099402992195   -0.6520900083652585
0.2250000000001837   -0.0007504496629758751   0.005699823416081795   -0.651278389531034
0.2260000000001847   -0.0007803245620147329   0.005549979238558625   -0.6528385528550442
0.2270000000001857   -0.0005269807053713402   0.005503312863165588   -0.6531991875599737
0.2280000000001867   -0.0004392486753665172   0.005412756228805834   -0.651729914628772
0.2290000000001877   -0.0005105374170119412   0.005456808041552572   -0.6533479023224729
0.2300000000001887   -0.00038835197644367743   0.004789848480915132   -0.6557774838110925
0.2310000000001897   -0.0006804257250694859   0.004637151983895376   -0.6605822684499197
0.2320000000001907   -0.0007341182586753017   0.004221371308603701   -0.6641188383757519
0.2330000000001917   -0.0012550320768850995   0.004360395864726511   -0.6639559131355237
0.2340000000001927   -0.0019269658005043508   0.003893835178386582   -0.6648193551780437
0.2350000000001937   -0.002052857423424766   0.003768874159306998   -0.6705334210921173
0.2360000000001947   -0.0026278542762320075   0.003802875346189949   -0.6681523974252525
0.2370000000001957   -0.003212174082748561   0.003871268004290387   -0.6709632453488034
0.2380000000001967   -0.0034066532854586107   0.0040968875355310444   -0.6788871951132234
0.2390000000001977   -0.0032046509249162186   0.003915777033403647   -0.678465666252177
0.2400000000001987   -0.0026601748036889634   0.0037018206273081136   -0.6717097225873581
0.2410000000001997   -0.00254269756236281   0.0038549445044515785   -0.6719541798218325
0.2420000000002007   -0.0024388252358146963   0.0035952626311369323   -0.6778575704341763
0.2430000000002017   -0.002636853424217003   0.003465825239733173   -0.6772398248657456
0.2440000000002027   -0.0025412027502916498   0.0034004300909856932   -0.672689819915895
0.2450000000002037   -0.002707966544506921   0.0032839319602063054   -0.6737548778423806
0.2460000000002047   -0.003056401543667845   0.002728425206408048   -0.6716055298100737
0.2470000000002057   -0.003107068231367592   0.002724565090776242   -0.671115078781718
0.2480000000002067   -0.0032503546649829637   0.00223390862125679   -0.6751955637105319
0.2490000000002077   -0.0032647517938549273   0.0015349588689136807   -0.6778601739590389
0.25000000000020867   -0.002880420217632117   0.0006754148784853313   -0.6779548321521631
0.25100000000020967   -0.003002056833043333   0.0006003316308816718   -0.681314209495397
0.25200000000021067   -0.002968532513762773   0.00025877686769522725   -0.6794986474141642
0.25300000000021167   -0.0028039663325371217   -0.00030479216376973434   -0.6773973988841324
0.25400000000021267   -0.0025054131826016375   -0.0005553439727815631   -0.6771996134650713
0.25500000000021367   -0.002880614314068943   -0.00091067738533307   -0.6757118033806285
0.25600000000021467   -0.0029694204861187017   -0.0010303292701337164   -0.6788940702110255
0.25700000000021567   -0.0026454106426880126   -0.0008057063725740446   -0.6766363903276355
0.25800000000021667   -0.0034414968232760307   -0.0012223092603328776   -0.6764361671534009
0.25900000000021767   -0.0026995332785886505   -0.0012519477366788759   -0.6772653671680634
0.26000000000021867   -0.0030519611588144977   -0.0010004041996898225   -0.6800810178216473
0.26100000000021967   -0.003054237895392023   -0.0011973280945880487   -0.6807188228820452
0.26200000000022067   -0.003230786452197014   -0.0009536288527366584   -0.6840182251387914
0.26300000000022167   -0.0031121316571431357   -0.0003946654745895356   -0.6839925845976325
0.26400000000022267   -0.0034670929711065578   -3.297047810742881e-05   -0.6782281527558395
0.26500000000022367   -0.0036655642785485337   0.0001507908267630164   -0.6830118559658362
0.26600000000022467   -0.004044910921715908   0.00022910356465141596   -0.6859731223194621
0.26700000000022567   -0.00432489025930287   0.00020911719014347777   -0.6867152650587156
0.26800000000022667   -0.004289731317646989   0.00034722528698531225   -0.6831839258997853
0.26900000000022767   -0.00421301548576355   8.571397232010553e-05   -0.6784784573960158
0.27000000000022867   -0.003970083538715323   0.0003866999327708316   -0.6817948024125297
0.27100000000022967   -0.003900162662621768   0.00022340570060074545   -0.6784214576948144
0.27200000000023067   -0.0037801458536451753   -1.5750237280302374e-05   -0.6820734589211652
0.27300000000023167   -0.0035383602408737484   -2.96253450430255e-05   -0.6769243227239731
0.27400000000023267   -0.0033408930621782644   -0.00015328196236557602   -0.6788334744781912
0.27500000000023367   -0.003551417944598234   -0.00041938022569861877   -0.6773369109995208
0.27600000000023467   -0.0029270484230703242   -0.000645801500181345   -0.6721428946959644
0.27700000000023567   -0.003196040916574218   -0.0006970793535156665   -0.6708379132912285
0.27800000000023667   -0.00298874969952701   -0.0006780941361608969   -0.6733527739441627
0.27900000000023767   -0.0024285008889132695   -0.0005479822606874908   -0.6740240380618018
0.28000000000023867   -0.0018767683124213841   -0.0007992704173505325   -0.6720152547647084
0.28100000000023967   -0.002066565404591584   -0.0010882514264373437   -0.6686540018609386
0.28200000000024067   -0.0023001802417178443   -0.0015284136377286199   -0.6699635307457791
0.28300000000024167   -0.002258730602673355   -0.002023203362349683   -0.6681729678363817
0.28400000000024267   -0.0022009999228475626   -0.0027084622519822905   -0.6704473345146315
0.28500000000024367   -0.0022682854472233526   -0.0026513223223472507   -0.6630658423021812
0.28600000000024467   -0.002682571504077692   -0.002662132830693201   -0.6605320592885466
0.28700000000024567   -0.0032396778419753825   -0.0024051861692248816   -0.6654480189074223
0.28800000000024667   -0.003545556302023411   -0.0020058519560943885   -0.6671590377274635
0.28900000000024767   -0.0037450172035113916   -0.002381395575812914   -0.6666775800470657
0.29000000000024867   -0.004373232034096337   -0.0025788449387025014   -0.6671984667094752
0.29100000000024967   -0.0046711571342152826   -0.003013498587394257   -0.668907494796658
0.29200000000025067   -0.00482997716139117   -0.003603378707799763   -0.6681006559251561
0.29300000000025167   -0.004660191924384477   -0.0040885424271976745   -0.6733269568329299
0.29400000000025267   -0.005506184323620703   -0.0038350992737334506   -0.6683049733337376
0.29500000000025367   -0.005752472698211403   -0.004182363195209082   -0.6707438104936445
0.29600000000025467   -0.005943287337933892   -0.004850731995734086   -0.672490153385798
0.29700000000025567   -0.00644164660106217   -0.0052657128588099456   -0.6710326167686954
0.29800000000025667   -0.007325606243941872   -0.005979136445328622   -0.6708392886006099
0.29900000000025767   -0.007585295581612023   -0.005819352710560001   -0.6775599944800582
0.30000000000025867   -0.00791077408213615   -0.0059441081578140665   -0.6779853776637919
0.30100000000025967   -0.008249508238801478   -0.00599113908616302   -0.6812227540493994
0.30200000000026067   -0.009098088971382794   -0.005801061600200704   -0.6811625889643138
0.30300000000026167   -0.009459376867316896   -0.006053916791323758   -0.6803340113266888
0.30400000000026267   -0.009642564886881151   -0.006023720126726722   -0.6853236710020193
0.30500000000026367   -0.01018393207064245   -0.0060882691329088995   -0.6817717830649946
0.30600000000026467   -0.010102670353752062   -0.006708355099420816   -0.6784434718390207
0.30700000000026567   -0.01007568412870842   -0.006957183187878454   -0.6798463316132841
0.30800000000026667   -0.010029264121572224   -0.007394971698277721   -0.6762559852368728
0.30900000000026767   -0.010784772539270397   -0.007646584888852551   -0.6719396596187344
0.31000000000026867   -0.010893192213822378   -0.00779276616734581   -0.6738402760455415
0.31100000000026967   -0.010869155744534498   -0.0072875875169590544   -0.672180195704154
0.31200000000027067   -0.010784123460778144   -0.007454030454253713   -0.675712109290112
0.31300000000027167   -0.011327025512526978   -0.007362423165884398   -0.6747297663463417
0.31400000000027267   -0.011568146711441688   -0.007342347478036787   -0.6749677794479948
0.31500000000027367   -0.011450500909721523   -0.00656007276519021   -0.6717153504329897
0.3160000000002747   -0.011338201901142767   -0.006819068540850056   -0.6746275382389906
0.3170000000002757   -0.011440475248666981   -0.006971984109432397   -0.6748342101390081
0.3180000000002767   -0.011264267571187054   -0.007106438667927248   -0.6777348187403032
0.3190000000002777   -0.011820495092347028   -0.007322580528556438   -0.6810232302868211
0.3200000000002787   -0.01238226270006216   -0.006958368290564128   -0.6809138191858718
0.3210000000002797   -0.012808169267453035   -0.006296672452678627   -0.6746520023517811
0.3220000000002807   -0.013100924541650936   -0.0064582145189562784   -0.6769388784758943
0.3230000000002817   -0.013265277232654147   -0.006952422189221324   -0.6788795741714958
0.3240000000002827   -0.013332964268963748   -0.007412050049519876   -0.6775797701522712
0.3250000000002837   -0.013049017258606386   -0.007118530645949289   -0.6801475383619134
0.3260000000002847   -0.013068044925162862   -0.006780513649796837   -0.6839742480700112
0.3270000000002857   -0.013002150396249993   -0.006754533483527474   -0.6818017741237299
0.3280000000002867   -0.012982414107993251   -0.006888828154135982   -0.6872589302302963
0.3290000000002877   -0.013202495818134678   -0.0070582318824609245   -0.6859551395864842
0.3300000000002887   -0.014188434064608815   -0.0075935283272184195   -0.6851614591726402
0.3310000000002897   -0.014483351249026475   -0.007669149758079896   -0.679299847518235
0.3320000000002907   -0.014489097356430308   -0.00797803718741965   -0.6820110627893416
0.3330000000002917   -0.014842753665976984   -0.0075414199155185045   -0.6756205864170982
0.3340000000002927   -0.015010071861382068   -0.007609559274487961   -0.6810063392443441
0.3350000000002937   -0.014796978275236001   -0.006993606638898236   -0.681992000852016
0.3360000000002947   -0.01455576591581303   -0.0069174294278239136   -0.6814206425124197
0.3370000000002957   -0.0145868414890043   -0.006498111939570207   -0.6838804533123579
0.3380000000002967   -0.014833108477500405   -0.006116582764109104   -0.6809648497610805
0.3390000000002977   -0.014965305595427653   -0.00537295623472427   -0.675964085181344
0.3400000000002987   -0.015437536290756637   -0.005106332642668741   -0.6745952245975781
0.3410000000002997   -0.01505063773484781   -0.0047313289747271175   -0.6734066980988818
0.3420000000003007   -0.014849493643716606   -0.004722115724126003   -0.6721491227747551
0.3430000000003017   -0.014945456961805407   -0.005067863042793292   -0.6715522488728634
0.3440000000003027   -0.014986290981248   -0.005149053715006294   -0.6694329267474523
0.3450000000003037   -0.014618672962840508   -0.005988041733640973   -0.6690158173531422
0.3460000000003047   -0.01426886725047314   -0.005343458774215373   -0.6643959792234522
0.3470000000003057   -0.013936333272285318   -0.005520710629876989   -0.6647798353757277
0.3480000000003067   -0.013359424184680965   -0.006113059857404176   -0.66237751489414
0.3490000000003077   -0.012924446423598634   -0.005756893780326733   -0.6657487704967405
0.3500000000003087   -0.012500805823496313   -0.0056999321287787615   -0.6672704286377958
0.3510000000003097   -0.012416055953775835   -0.005687384159598808   -0.6667334323455071
0.3520000000003107   -0.01183479421995673   -0.006846019740516331   -0.6679357396374498
0.3530000000003117   -0.010930860431874625   -0.0074808859543775575   -0.668894248672295
0.3540000000003127   -0.01017516155033315   -0.007654869240357445   -0.6689516702064489
0.3550000000003137   -0.010146989261494302   -0.007591348755390864   -0.674158705132872
0.3560000000003147   -0.009776435781050323   -0.007958112103464072   -0.6759739880435082
0.3570000000003157   -0.009263777830907226   -0.00857060138093218   -0.6742952826546081
0.3580000000003167   -0.008577449798640613   -0.008459253039949195   -0.6762427749916516
0.3590000000003177   -0.008465375175960809   -0.008911081346637545   -0.6773197630544872
0.3600000000003187   -0.008168647946396466   -0.00933025473126416   -0.6785712824736854
0.3610000000003197   -0.007617007244793731   -0.010128005274142734   -0.6794085700502355
0.3620000000003207   -0.0073054817320720965   -0.011055078179167564   -0.6810186423557401
0.3630000000003217   -0.0070196217395444484   -0.011847972304107505   -0.6818401673724238
0.3640000000003227   -0.006478189819214929   -0.0127213440219477   -0.6803849357874854
0.3650000000003237   -0.006355897563773851   -0.012622251528338742   -0.6837328739228798
0.3660000000003247   -0.005987620885775682   -0.012610769282011453   -0.6835113500333658
0.3670000000003257   -0.005720174699797558   -0.012963366225099795   -0.6830625889657385
0.3680000000003267   -0.004986742940355254   -0.014511595479254555   -0.6806168530368606
0.3690000000003277   -0.004895375615245043   -0.01515444769214123   -0.6777031125474767
0.3700000000003287   -0.004683157278715838   -0.015832769592814915   -0.6792197974246874
0.3710000000003297   -0.005024674999552115   -0.016273491048472682   -0.6806573261316352
0.3720000000003307   -0.004751580005174193   -0.01681113487778708   -0.6807404451078063
0.3730000000003317   -0.004009704942054537   -0.01806581456065518   -0.6779798755844324
0.3740000000003327   -0.004094079907145903   -0.018348289812223792   -0.6812491758406191
0.3750000000003337   -0.004844743561615488   -0.01836577698152688   -0.6802317757671184
0.3760000000003347   -0.005212163676137   -0.01917633174936351   -0.6801225644333724
0.3770000000003357   -0.004863001257658233   -0.020174832341257852   -0.6789827915432121
0.3780000000003367   -0.005261160758256979   -0.02037984515721233   -0.6790686707471454
0.3790000000003377   -0.004865340085913594   -0.02037671533350632   -0.6790141904345719
0.3800000000003387   -0.004268333981438553   -0.020758654785988442   -0.6776034298617326
0.3810000000003397   -0.00410026337556902   -0.020776388361218923   -0.6791472365205684
0.3820000000003407   -0.004241762821544042   -0.021673683790137416   -0.6797770201836342
0.3830000000003417   -0.004063855628900543   -0.021829254825746023   -0.6802148626414328
0.3840000000003427   -0.004014868263048717   -0.022287149574071203   -0.6776639516589893
0.3850000000003437   -0.0036444045697295027   -0.022643272083674067   -0.6814210451093544
0.3860000000003447   -0.003467063967537572   -0.022651374466908843   -0.6833651893744438
0.3870000000003457   -0.0031949081987147176   -0.02352286612178046   -0.6798107177399907
0.3880000000003467   -0.0033543892876228207   -0.023873023869033925   -0.684326810683452
0.3890000000003477   -0.0031212699799478463   -0.023811420852041142   -0.6846527844917767
0.3900000000003487   -0.0029997668162676135   -0.024509804666076915   -0.6844622025717534
0.3910000000003497   -0.0021251776881425653   -0.025297473288864544   -0.6876365668581855
0.3920000000003507   -0.001787315944484889   -0.026446642634547216   -0.6848329074543452
0.3930000000003517   -0.0014765155118531838   -0.026386584424129805   -0.6826371058670281
0.3940000000003527   -0.0020475076458271236   -0.027251831859933358   -0.6824631424482622
0.3950000000003537   -0.0018956505892587573   -0.027647752314245138   -0.6790829543990986
0.3960000000003547   -0.0016789328635875428   -0.02818998250010636   -0.6813735982086507
0.3970000000003557   -0.0017395028927099034   -0.027889825104743367   -0.6807382740788137
0.3980000000003567   -0.0016689801815802695   -0.02750828242495959   -0.6788103532492552
0.3990000000003577   -0.0019289799328141184   -0.02706582267257298   -0.6802335679201159
0.4000000000003587   -0.002638872252113405   -0.02715323759470628   -0.6826294636784251
0.4010000000003597   -0.003038280106179268   -0.026885630918334194   -0.6818683291060283
0.4020000000003607   -0.0030586552268266156   -0.026199731762346135   -0.6823764760382032
0.4030000000003617   -0.0033165900974416293   -0.026060550548891778   -0.6848064619634932
0.4040000000003627   -0.003111748547430783   -0.025643449863622075   -0.688681482550221
0.4050000000003637   -0.0038287908074160462   -0.026051910361793086   -0.6892259627370402
0.4060000000003647   -0.004166806627776249   -0.026273484117262828   -0.6932817378563039
0.4070000000003657   -0.003953135049835269   -0.026303155341361677   -0.6932111533629336
0.4080000000003667   -0.004511832131157163   -0.025667192769865024   -0.6917387464468614
0.4090000000003677   -0.004665841903076036   -0.02503870123982182   -0.6913249646331341
0.4100000000003687   -0.004947373825900166   -0.025240150389106267   -0.691249963995868
0.4110000000003697   -0.005249075736918168   -0.025075575888483713   -0.6912673027964611
0.4120000000003707   -0.005773569050343787   -0.02445943995917056   -0.6874812057678866
0.4130000000003717   -0.006194733090119657   -0.0238476676018015   -0.684390020079265
0.4140000000003727   -0.006167041019160026   -0.023863979313434595   -0.6851969292565944
0.4150000000003737   -0.006366887201090121   -0.023269722704688207   -0.6858182819639549
0.4160000000003747   -0.005718291302843277   -0.022954238785668313   -0.6845463481349653
0.4170000000003757   -0.006076281378495523   -0.021574293677771746   -0.6863310722115488
0.4180000000003767   -0.006311928122068753   -0.020490385517757236   -0.691638144227526
0.4190000000003777   -0.006515034506651653   -0.019211216783470327   -0.6922331940468608
0.4200000000003787   -0.006412408896854785   -0.018086317417251977   -0.6898207470284323
0.4210000000003797   -0.006321915172046643   -0.017072244980107613   -0.6892325323099291
0.4220000000003807   -0.006684072046912364   -0.015258358312816264   -0.6860023730619931
0.4230000000003817   -0.007433118002002972   -0.01468572686919917   -0.686177182265671
0.4240000000003827   -0.008086635105416344   -0.013724241840176728   -0.6805773669665928
0.4250000000003837   -0.0083701320191975   -0.012922160170700867   -0.6836121843997089
0.4260000000003847   -0.008698114762345287   -0.012057732454097829   -0.6850969871751489
0.4270000000003857   -0.008339484361573357   -0.01116676866531456   -0.6832166524759539
0.4280000000003867   -0.008832886632133583   -0.009959110943722208   -0.6825535177735956
0.4290000000003877   -0.008832426990373348   -0.009090213567642877   -0.6847309508794478
0.4300000000003887   -0.008938631836011287   -0.0092589678968728   -0.6854318257857449
0.4310000000003897   -0.008508089108722774   -0.008642884427646188   -0.6834351868898596
0.4320000000003907   -0.008811038938926711   -0.007821901260240217   -0.6805343731790054
0.4330000000003917   -0.008945521794880902   -0.007594235041798586   -0.6827463141037896
0.4340000000003927   -0.009042208604918256   -0.007444194140162738   -0.6860092337340822
0.4350000000003937   -0.009194699045104804   -0.006923769195218753   -0.6862211486765011
0.4360000000003947   -0.00939685164386497   -0.006758493686489203   -0.6809948369227727
0.4370000000003957   -0.008985826566071518   -0.006339184766334355   -0.680428680871758
0.4380000000003967   -0.009411337515375354   -0.005930272574913202   -0.6834251393287561
0.4390000000003977   -0.009919833278887224   -0.005642548031478189   -0.6848865129088401
0.4400000000003987   -0.010041025499400016   -0.005708082633992921   -0.6840211983570648
0.4410000000003997   -0.010397230897104103   -0.004997673950778381   -0.6750256738390654
0.4420000000004007   -0.011116863860427942   -0.0045381829422045175   -0.6764026632521003
0.4430000000004017   -0.011564124647052735   -0.004832750333737253   -0.6767297984591929
0.4440000000004027   -0.011786156512031866   -0.004581956583845275   -0.6796300697608819
0.4450000000004037   -0.012559341419608305   -0.004611078775379635   -0.6810825837670867
0.4460000000004047   -0.013257067790694584   -0.004031308224500946   -0.6805267210096434
0.4470000000004057   -0.013248434771237824   -0.003311079675213397   -0.6770585087160566
0.4480000000004067   -0.013258793378244357   -0.003327483245200132   -0.6744647899832124
0.4490000000004077   -0.013066519297482197   -0.0034669028176026093   -0.6793544616895425
0.4500000000004087   -0.013011806514918048   -0.0032662693079993413   -0.6816820404310144
0.4510000000004097   -0.013257480998260502   -0.00286116160179459   -0.6772741534010318
0.4520000000004107   -0.012872953990273892   -0.0024798256074983933   -0.6770598334742471
0.4530000000004117   -0.012928734262981204   -0.002357694838904051   -0.6794025233932629
0.4540000000004127   -0.012620803220611198   -0.0025889546506443206   -0.6793667334767625
0.4550000000004137   -0.012766855686571068   -0.0030194412635517914   -0.6783888580429674
0.4560000000004147   -0.01313843140666319   -0.0029786812056315625   -0.6765886808038102
0.4570000000004157   -0.012991594882790376   -0.0038766213248558733   -0.6783784446767914
0.4580000000004167   -0.012530232518068092   -0.004043793577860069   -0.6819174236411469
0.4590000000004177   -0.01244207454769075   -0.004715783758840865   -0.6836838694078529
0.4600000000004187   -0.012156820179219825   -0.005783188993469044   -0.6836805711567921
0.4610000000004197   -0.012112517477572403   -0.006660658801683085   -0.6822406318715031
0.4620000000004207   -0.011932955587925176   -0.006987315473697206   -0.6880137858198467
0.4630000000004217   -0.012337539470438376   -0.007242490162566995   -0.6926285265439306
0.4640000000004227   -0.012611441605957825   -0.007702107247665887   -0.6903332177398135
0.4650000000004237   -0.01300669069946288   -0.007913823594655886   -0.6841893321519967
0.4660000000004247   -0.013523093995131618   -0.00810881714619733   -0.6824684906480027
0.4670000000004257   -0.013503035695169169   -0.008288876261354834   -0.6809887993749906
0.4680000000004267   -0.01347948081725784   -0.008901949845319088   -0.6817408519925771
0.4690000000004277   -0.013704079458780676   -0.009408529631850812   -0.681538005976914
0.4700000000004287   -0.014371072187462442   -0.009901029920109047   -0.6819840065605091
0.4710000000004297   -0.014218422472914044   -0.010002075751549171   -0.6817731360548803
0.4720000000004307   -0.014327684129027917   -0.010242233160947072   -0.6801571529194734
0.4730000000004317   -0.014319092056805663   -0.010831396664494045   -0.6794060420510224
0.4740000000004327   -0.01488577468407319   -0.010671003846079642   -0.6805524443804666
0.4750000000004337   -0.014815321820505614   -0.011404491524294461   -0.6798780129952924
0.4760000000004347   -0.01464309335757015   -0.012249534285493191   -0.6790850846717131
0.4770000000004357   -0.01480421804003934   -0.01278789920933675   -0.6812581382087727
0.4780000000004367   -0.015035040660440063   -0.013411360320635581   -0.680021375114316
0.4790000000004377   -0.014824083591461323   -0.013899915005099458   -0.6774407794282032
0.4800000000004387   -0.015179656290974996   -0.014270113205978823   -0.6758900198092863
0.4810000000004397   -0.015257153404028504   -0.01451560786823851   -0.6759458780783227
0.4820000000004407   -0.015062238672635312   -0.014903487256338574   -0.6787717797105702
0.4830000000004417   -0.01433395158321267   -0.016372609608076683   -0.6780281478386981
0.4840000000004427   -0.013986869511574587   -0.017051093074037654   -0.6804047608221069
0.4850000000004437   -0.013839386630983073   -0.01657518895270955   -0.6808828143623754
0.4860000000004447   -0.013298892315507814   -0.01689085563075774   -0.6856704462512433
0.4870000000004457   -0.012731215185845716   -0.018045296364446958   -0.6816173201391015
0.4880000000004467   -0.012516792488596782   -0.01845322451379908   -0.6818027153916546
0.4890000000004477   -0.012563860583202338   -0.018560964771850222   -0.6787224535949735
0.4900000000004487   -0.01319589653561837   -0.01817155469389871   -0.6769029866284282
0.4910000000004497   -0.012931795073072846   -0.017752512283269423   -0.6757641805373273
0.4920000000004507   -0.012149975313745906   -0.018774310648848328   -0.670763987546589
0.4930000000004517   -0.012142361355065825   -0.018504952411849192   -0.674150013527251
0.4940000000004527   -0.012334832168277505   -0.018388616297131625   -0.6763358148072881
0.4950000000004537   -0.012752304234403695   -0.01830603044075777   -0.6774939029931075
0.4960000000004547   -0.012222675455472903   -0.017984292556056086   -0.6772888467354832
0.4970000000004557   -0.012890065098932478   -0.017595312923209917   -0.6780995101383005
0.4980000000004567   -0.012783065428947457   -0.017160055219958663   -0.6791209374026888
0.4990000000004577   -0.012407645892528362   -0.017334020632984847   -0.6783337480455172
0.5000000000004586   -0.012670098984102809   -0.01694674992157118   -0.6810083686353031
0.5010000000004319   -0.012399995188446871   -0.01756437820666289   -0.6821033197672738
0.5020000000004051   -0.012420959657380467   -0.017665256126376386   -0.683358973837686
0.5030000000003784   -0.012064091381316571   -0.018193475830585396   -0.6807482759558882
0.5040000000003516   -0.012140800608880073   -0.01871279060579594   -0.6817192110594796
0.5050000000003249   -0.012243383206413692   -0.019124722515076374   -0.6852973839391757
0.5060000000002981   -0.012231451903596197   -0.019269717675000936   -0.6902529657706746
0.5070000000002713   -0.012293453771881114   -0.020011807090003882   -0.6877170501005634
0.5080000000002446   -0.012195016431565356   -0.019916593465669773   -0.6878169866842159
0.5090000000002178   -0.01222737928680985   -0.019743714525351345   -0.6876156677971778
0.5100000000001911   -0.012423609991489665   -0.019980780868764297   -0.6883930354484009
0.5110000000001643   -0.012187324719435004   -0.02055697091723513   -0.6888244837174015
0.5120000000001376   -0.012394739043497801   -0.02062490170693163   -0.6915685279462809
0.5130000000001108   -0.013210182344155448   -0.020735773662798333   -0.690756968593979
0.5140000000000841   -0.013455224663206497   -0.02016583685174944   -0.6921052172364379
0.5150000000000573   -0.013837552019721705   -0.019942932181538302   -0.6954236640996027
0.5160000000000305   -0.014921194414491143   -0.01911491624264422   -0.6884982975864283
0.5170000000000038   -0.015007117974421683   -0.018612626700651568   -0.6921421813855142
0.517999999999977   -0.015438865933880011   -0.01764718510463863   -0.6871475226751359
0.5189999999999503   -0.015355603779188522   -0.017136221747590455   -0.6900084527107985
0.5199999999999235   -0.016090918209594955   -0.01749462058477185   -0.6865179262471421
0.5209999999998968   -0.016766250080357644   -0.01811223548089361   -0.6862865772204104
0.52199999999987   -0.017081963812801776   -0.017929163350986255   -0.6833100522394061
0.5229999999998433   -0.017170770506511498   -0.018035231272467152   -0.6851549227641642
0.5239999999998165   -0.016812473481642463   -0.017438389760102084   -0.6811756693561437
0.5249999999997897   -0.01644536197829921   -0.017428237224171188   -0.6789997391927808
0.525999999999763   -0.01638298500750163   -0.017626130656972685   -0.681315597782502
0.5269999999997362   -0.016504506508917795   -0.017896311781620138   -0.6779054162755945
0.5279999999997095   -0.01650423083854384   -0.01818210108319146   -0.6770652123043256
0.5289999999996827   -0.01694109153784066   -0.01799501615039318   -0.6789733118334801
0.529999999999656   -0.016603695038851476   -0.017935484727975553   -0.6835107030292257
0.5309999999996292   -0.017572477532476646   -0.01779849283274186   -0.6791958896015412
0.5319999999996025   -0.017745116896036174   -0.018013171239596355   -0.6780104808131134
0.5329999999995757   -0.017473645865209914   -0.018442152388217475   -0.6792914639560326
0.533999999999549   -0.017492919525047324   -0.018608999619843747   -0.678470479898688
0.5349999999995222   -0.017539411153920804   -0.01863360000636101   -0.6808244598919505
0.5359999999994954   -0.018411116196308752   -0.018554674035098702   -0.6804460647832592
0.5369999999994687   -0.01847510005546154   -0.017782265079529996   -0.6831746661171298
0.5379999999994419   -0.018775486445582978   -0.017051017866156398   -0.6866357930603502
0.5389999999994152   -0.019191854451822733   -0.017129366652282055   -0.6867073786805381
0.5399999999993884   -0.019498350512766285   -0.016867982942018796   -0.689514324721174
0.5409999999993617   -0.01973314639535104   -0.01645835835880396   -0.6907494161223324
0.5419999999993349   -0.019627695456569862   -0.016328999583642916   -0.6914753256413407
0.5429999999993081   -0.019577020870445976   -0.015843756925826825   -0.6913460513585191
0.5439999999992814   -0.019028427892934595   -0.014828916027364903   -0.6875982474247136
0.5449999999992546   -0.01905960561387302   -0.014775396894823498   -0.6896803808071476
0.5459999999992279   -0.019003965960779978   -0.0146772876489578   -0.6885319875904119
0.5469999999992011   -0.018693315258090516   -0.014729459420100677   -0.6929199367334985
0.5479999999991744   -0.019032321047777804   -0.014579578366861792   -0.6963077189756659
0.5489999999991476   -0.01907914498663997   -0.014239711285305339   -0.695912451302872
0.5499999999991209   -0.01921043275195909   -0.01411829136095771   -0.6967257297810083
0.5509999999990941   -0.019313920557062155   -0.014024577910486799   -0.694485180963555
0.5519999999990673   -0.019435551837118675   -0.014017041388616995   -0.6946108800755126
0.5529999999990406   -0.019360402288832953   -0.013532705130322604   -0.6943031032753259
0.5539999999990138   -0.019237212775392417   -0.014060737517588559   -0.6898775420300712
0.5549999999989871   -0.01961530682055085   -0.013979382012585655   -0.6907612578249462
0.5559999999989603   -0.0189114559199745   -0.01495720611553218   -0.6866232123272568
0.5569999999989336   -0.019053176361431504   -0.015167303040992081   -0.6886771473899415
0.5579999999989068   -0.018444645925625846   -0.014828595506531731   -0.6871676645489088
0.5589999999988801   -0.0184080577379031   -0.014601264212461136   -0.6916699905520314
0.5599999999988533   -0.017673202904482876   -0.014615367490635692   -0.6948229482513721
0.5609999999988265   -0.017455136279964825   -0.01447251733994725   -0.6892508510348336
0.5619999999987998   -0.01701933487982248   -0.013954110910939755   -0.6908616071159834
0.562999999998773   -0.01654530955731137   -0.01349503378476393   -0.691135154152671
0.5639999999987463   -0.01618377263098654   -0.012588759313346872   -0.6902073713575607
0.5649999999987195   -0.014939854317317354   -0.012972108780639978   -0.6828813519198828
0.5659999999986928   -0.014432917649674451   -0.012699046075201864   -0.6829017992497373
0.566999999998666   -0.013972527039821324   -0.012459841899651337   -0.682942996536614
0.5679999999986393   -0.013008165109100753   -0.012405214886952164   -0.6831744099790565
0.5689999999986125   -0.01224314185536417   -0.012574516527120178   -0.6820979064024726
0.5699999999985857   -0.011471417770636287   -0.01262116427732736   -0.683007917744268
0.570999999998559   -0.010899145655875095   -0.012974424378423785   -0.681306024981375
0.5719999999985322   -0.009556447937719701   -0.013480123222834164   -0.6766296411688035
0.5729999999985055   -0.008695600158657448   -0.013833532566316425   -0.6799692396331312
0.5739999999984787   -0.007577846846717065   -0.013755035778707275   -0.6797174686470545
0.574999999998452   -0.0071235272359548765   -0.014084905874831695   -0.6832320064784158
0.5759999999984252   -0.005875546693916826   -0.014324254878889905   -0.6812425147051634
0.5769999999983985   -0.004547777266112923   -0.014134587530164543   -0.6796763699784286
0.5779999999983717   -0.0032806242649612754   -0.013948239875526154   -0.6788636759906855
0.578999999998345   -0.0024872224994453235   -0.013663502710271317   -0.6804357020262392
0.5799999999983182   -0.001676672344248038   -0.013593339197095097   -0.6831826194257136
0.5809999999982914   0.00012539115210506076   -0.013319097539866518   -0.6802344683452626
0.5819999999982647   0.000664286067672739   -0.013286702671508093   -0.685126933913629
0.5829999999982379   0.001939943973990612   -0.012220228403562967   -0.6866179960785722
0.5839999999982112   0.0027070540463217815   -0.012144933258077549   -0.6893410996700909
0.5849999999981844   0.0046806352873125495   -0.011409221231054506   -0.6818952163959506
0.5859999999981577   0.0052858936265391746   -0.011347747798359387   -0.6838539085693245
0.5869999999981309   0.005782900261262442   -0.010487249459601057   -0.6851186087983412
0.5879999999981042   0.005638143857636528   -0.010478038113017622   -0.6830536509530825
0.5889999999980774   0.0059212910133751235   -0.010833791690467843   -0.6828607542393086
0.5899999999980506   0.006165891451680252   -0.010910223402233236   -0.6836190919041543
0.5909999999980239   0.006335247428812636   -0.011028342591395391   -0.688825582137507
0.5919999999979971   0.006686928749408855   -0.011215766549635907   -0.687263862156701
0.5929999999979704   0.007446523334108062   -0.012046618251939391   -0.6851890757148644
0.5939999999979436   0.008599297781888775   -0.012417587758287696   -0.6798832055276696
0.5949999999979169   0.008318755800106988   -0.013153848424827566   -0.675331623192026
0.5959999999978901   0.00916536587416953   -0.01331316126375319   -0.6768388031603262
0.5969999999978634   0.009020310912470955   -0.01369463641622358   -0.6753087745939512
0.5979999999978366   0.00962144823747426   -0.013874027799126358   -0.6735786212587114
0.5989999999978098   0.009743755815915809   -0.014493579864742931   -0.67426246901668
0.5999999999977831   0.009758329329437767   -0.014799787776780912   -0.6733742668781049
0.6009999999977563   0.009971679937165705   -0.015403303103137724   -0.6697933057328335
0.6019999999977296   0.009960822856688634   -0.01599348760651315   -0.6702582732699081
0.6029999999977028   0.010263991742725022   -0.016486108367369436   -0.665197240440116
0.6039999999976761   0.01068682928289495   -0.01699418437021779   -0.6621089582874196
0.6049999999976493   0.010982271507983792   -0.017450670901188448   -0.6596670769978328
0.6059999999976226   0.010790447195206568   -0.01794688495311207   -0.6598198447813275
0.6069999999975958   0.010844748356187312   -0.018423735607007555   -0.6623555587440685
0.607999999997569   0.011273403438497568   -0.017578301882259586   -0.6575767400300888
0.6089999999975423   0.0114350011274603   -0.01770282662082695   -0.65842548837848
0.6099999999975155   0.0110618616894668   -0.017982959022953625   -0.6564621925797296
0.6109999999974888   0.010886482115289198   -0.017948950432161808   -0.6579375913481811
0.611999999997462   0.010895844617975459   -0.018142655102743988   -0.6574159145135109
0.6129999999974353   0.010228922624665146   -0.01821923257785323   -0.6594587910748968
0.6139999999974085   0.010777329800716051   -0.017352272820820375   -0.6600520256449557
0.6149999999973818   0.010138771544767156   -0.017172997746200194   -0.662719719375752
0.615999999997355   0.00989191655092664   -0.016543720731814576   -0.6644449891537367
0.6169999999973282   0.010054421761232451   -0.015994293799297076   -0.6664323343923517
0.6179999999973015   0.00974370460468792   -0.015248792918307408   -0.6678409552560074
0.6189999999972747   0.009613225915673493   -0.014847256168488806   -0.6691113012171487
0.619999999997248   0.0094563989866274   -0.014962914256212156   -0.6682752209749753
0.6209999999972212   0.009137441880488848   -0.014216039113008274   -0.669040347180382
0.6219999999971945   0.008577153217973857   -0.013744324926491594   -0.6721208254700063
0.6229999999971677   0.008148853509655229   -0.014244801503244182   -0.6703208687975196
0.623999999997141   0.007863412204884906   -0.013991957809525795   -0.6712475205729855
0.6249999999971142   0.007456616371338739   -0.014499206827925106   -0.666369623655383
0.6259999999970874   0.006744376210402736   -0.014057485376265005   -0.6662222480684394
0.6269999999970607   0.006854274982127788   -0.013688536179409499   -0.6680262540059176
0.6279999999970339   0.005960023726132326   -0.013674320191538508   -0.6623657506169451
0.6289999999970072   0.005635295501659746   -0.013693876523035602   -0.665170714828999
0.6299999999969804   0.0051634426635623195   -0.01304766387465151   -0.6620667337064776
0.6309999999969537   0.004820182696120441   -0.0131172727926721   -0.6627113207915291
0.6319999999969269   0.004664248083305148   -0.012189629433977568   -0.6628338769050128
0.6329999999969002   0.004866543807695089   -0.011471341353753047   -0.6651954004839525
0.6339999999968734   0.0044576778062251415   -0.009604259264850952   -0.6582827429413303
0.6349999999968466   0.004279454117682076   -0.008963739136842269   -0.6611414506330752
0.6359999999968199   0.00346105587765941   -0.008887254027018393   -0.6600432597195991
0.6369999999967931   0.0032930337650218387   -0.00821416331900281   -0.663901414521622
0.6379999999967664   0.002354610154138787   -0.007798897397966932   -0.6574968737829026
0.6389999999967396   0.0017669235354515302   -0.007143075387213116   -0.6559217532978875
0.6399999999967129   0.0009426828581598032   -0.006303978119398335   -0.6555285231853792
0.6409999999966861   0.00042547248658715044   -0.006460980507581219   -0.6579665553289482
0.6419999999966594   -0.00036671448062631346   -0.006187278953957227   -0.6593334664038923
0.6429999999966326   -0.0009257639235727796   -0.00537164905239626   -0.6600396840869887
0.6439999999966058   -0.0013230457568414987   -0.00471424276575338   -0.6567615998131178
0.6449999999965791   -0.0013574555570688292   -0.004037877666240736   -0.6627437035983789
0.6459999999965523   -0.001697706349336919   -0.0033376711076530475   -0.6618748993190117
0.6469999999965256   -0.002161141532687924   -0.002156251569891445   -0.6626886631458045
0.6479999999964988   -0.0026651144946313182   -0.0017648667661779444   -0.6626159365725913
0.6489999999964721   -0.002609077161560166   -0.0009452603332566322   -0.6647510985641347
0.6499999999964453   -0.0028478340502287253   -0.0005679261396864976   -0.6687677655363301
0.6509999999964186   -0.0026231101852721692   -0.000106355756186018   -0.6637967507297449
0.6519999999963918   -0.0028546871102566643   0.0003259756636130949   -0.667078996453022
0.652999999996365   -0.003152066951542836   0.0008521664272830854   -0.6696020787800534
0.6539999999963383   -0.003422305878147045   0.0014100699175898586   -0.6712356105462008
0.6549999999963115   -0.0034081107372150054   0.0023653815108785393   -0.6711739927368624
0.6559999999962848   -0.003018987767832762   0.0034997616022237397   -0.6693680465217131
0.656999999996258   -0.0031577906267080103   0.004626163444721448   -0.6679990719620289
0.6579999999962313   -0.00323594963373706   0.004848319058759536   -0.6731430008519919
0.6589999999962045   -0.0031242355053340684   0.004860699023092749   -0.6753468153300579
0.6599999999961778   -0.0027300455838856503   0.005530062071267325   -0.6736807868415484
0.660999999996151   -0.0025219390184955653   0.0064911650147111985   -0.6713651028584958
0.6619999999961242   -0.002481381720646984   0.006958063913948963   -0.6744634227688
0.6629999999960975   -0.0018051815278081619   0.007955566342921215   -0.6723755213619215
0.6639999999960707   -0.001780240007926977   0.008478945324427802   -0.6756951543744352
0.664999999996044   -0.0018088456073067523   0.008932609008660171   -0.6772988430824575
0.6659999999960172   -0.001684095377787154   0.009600631916430784   -0.6788825909273561
0.6669999999959905   -0.0013784351489743185   0.009840757889812545   -0.6775622891190516
0.6679999999959637   -0.0012450064432149902   0.010236485009293089   -0.6764771419455816
0.668999999995937   -0.0014273960392146776   0.010338858450463556   -0.6808165546510243
0.6699999999959102   -0.0015781513485100195   0.01046545055396133   -0.6835969182437465
0.6709999999958834   -0.0012146515192756537   0.010681802431658772   -0.6859026978571674
0.6719999999958567   -0.0014892082408609598   0.010795640886709786   -0.6836552516668699
0.6729999999958299   -0.001323850389799791   0.010673128997833799   -0.6875682962461254
0.6739999999958032   -0.0013379149793095214   0.010662589216252055   -0.687753057658473
0.6749999999957764   -0.0012211670099232903   0.010241890741997611   -0.6868089723408807
0.6759999999957497   -0.0012259551032548503   0.01008548533253936   -0.6896924869923282
0.6769999999957229   -0.0010227317469312736   0.009644067594664218   -0.6910637968772265
0.6779999999956962   -0.000818080112116223   0.009567840889840497   -0.6867820034421094
0.6789999999956694   -0.0004942803376048832   0.009270947725564083   -0.6786153495643027
0.6799999999956426   0.00013029916318656223   0.009290810929654739   -0.678812756758112
0.6809999999956159   0.0004999850978762987   0.009359661958166253   -0.6795993027970115
0.6819999999955891   0.0005895951225254797   0.009805386936132598   -0.6780024436896179
0.6829999999955624   0.0007769903152275507   0.010415869663756981   -0.6807430489777896
0.6839999999955356   0.001203258261786455   0.01032715201972134   -0.6828304664421714
0.6849999999955089   0.0011303469447777378   0.010395182079148782   -0.6800125344919165
0.6859999999954821   0.0012943872306838623   0.010462358164538766   -0.6753546993675026
0.6869999999954554   0.0016015622296821157   0.01049960399408012   -0.6770749959784911
0.6879999999954286   0.0015164532066810194   0.010358194379593835   -0.6723094817227786
0.6889999999954018   0.0016897085691667103   0.010336299120370734   -0.6761421992455141
0.6899999999953751   0.0022206384058527802   0.009824111675289975   -0.6724062583377919
0.6909999999953483   0.0024095325147021245   0.009875876026910075   -0.6701183389619635
0.6919999999953216   0.0022534005207031633   0.009191865154212735   -0.6699619851388491
0.6929999999952948   0.001925469278723268   0.008488616949178901   -0.6689452186240776
0.6939999999952681   0.0017401271979593823   0.008553909390738444   -0.6729419212367087
0.6949999999952413   0.0015237115596837805   0.00807216578360559   -0.6703016853319935
0.6959999999952146   0.002165698564239399   0.007907531692656953   -0.6705710235989383
0.6969999999951878   0.0018433509853618521   0.007733299445244307   -0.6714700366874214
0.697999999995161   0.0018829216488758325   0.007493570004822596   -0.6714255644935757
0.6989999999951343   0.0021538071017455744   0.0069586173577636835   -0.6690954122516193
0.6999999999951075   0.002542112556801292   0.006549984154795947   -0.6685245171908296
0.7009999999950808   0.0030348562594101304   0.006139988543420164   -0.6665400477874063
0.701999999995054   0.0031886994222425024   0.005553806387743478   -0.6636965012295724
0.7029999999950273   0.0033294637507506274   0.0055252945599712396   -0.667068498167321
0.7039999999950005   0.0038441438816991234   0.005530801820833944   -0.6710497526508414
0.7049999999949738   0.004414531185752084   0.00548561867221928   -0.6680985216009993
0.705999999994947   0.0045155758776386145   0.0053343578990050185   -0.6670560734620212
0.7069999999949202   0.0046521599205616515   0.0050937836008294575   -0.6628359886968613
0.7079999999948935   0.004409840935034707   0.005399845117006781   -0.6625663454533158
0.7089999999948667   0.004463798737682016   0.004755357036582295   -0.6640022725652328
0.70999999999484   0.004724813123899337   0.004825270492345289   -0.6603103104545089
0.7109999999948132   0.0044918894676404825   0.004927617464455648   -0.6608484403339867
0.7119999999947865   0.004551155553086686   0.004862822087321448   -0.6609669067010205
0.7129999999947597   0.004753136830261121   0.0046823252189752   -0.6613509585735703
0.713999999994733   0.004437860018665147   0.004720056164075929   -0.6617321062952496
0.7149999999947062   0.0038251348214344105   0.004419750424676131   -0.6591899847353198
0.7159999999946794   0.0036991325060320274   0.004143789607380514   -0.661957770861716
0.7169999999946527   0.0034282509966512493   0.004053021403864897   -0.660070802900529
0.7179999999946259   0.003127214091978759   0.0038994278986564453   -0.6601407728477583
0.7189999999945992   0.002917054338563401   0.004130980754725669   -0.6623226586260367
0.7199999999945724   0.0024455750949508135   0.003944297838122646   -0.6654978040092705
0.7209999999945457   0.0024642324930894454   0.0033331446914174564   -0.6662746399777654
0.7219999999945189   0.002382598718332924   0.002935334647179704   -0.6640531736382016
0.7229999999944922   0.0019526602000846363   0.0028724075848495234   -0.6641750449122202
0.7239999999944654   0.0019284265009369883   0.0020258143206426495   -0.6658207171762939
0.7249999999944386   0.002009190485137431   0.001585035090360276   -0.6688579942900564
0.7259999999944119   0.0018321495229070125   0.0010327470854630978   -0.6714141376996343
0.7269999999943851   0.0017171214379769549   0.0004705644471500255   -0.6687990266495826
0.7279999999943584   0.0015228563680321214   0.00016726930962009454   -0.6703207474172816
0.7289999999943316   0.001386615845007902   0.00011890058286519413   -0.6707806230266788
0.7299999999943049   0.0013315725542019858   0.00013567132162706157   -0.6713717466105993
0.7309999999942781   0.0010878443603297237   -3.3458105592572227e-05   -0.670692327798467
0.7319999999942514   0.001108069558196279   0.00041892380603514144   -0.6740391501524035
0.7329999999942246   0.000765202095903079   0.0002891765441520776   -0.6776709351524918
0.7339999999941978   0.0006088204619975198   -9.841862727587352e-05   -0.6803710032443142
0.7349999999941711   0.0005666919839103833   -0.00016489484308478066   -0.6838309038779105
0.7359999999941443   0.0003209933197921826   0.00037530985149777924   -0.6837574921593217
0.7369999999941176   0.0003944279796115722   0.0006364595800634825   -0.6867719118615053
0.7379999999940908   0.00020192006707982156   0.0009496321999649164   -0.6926972876724617
0.7389999999940641   0.00019959762727151653   0.0011754746670901348   -0.6926918062620441
0.7399999999940373   -0.00022130750139309475   0.0014819516362256447   -0.6976605722379002
0.7409999999940106   -0.0008487194867900678   0.0012303514462260851   -0.6989858988674437
0.7419999999939838   -0.0008040989332041401   0.0013511978177067829   -0.704149178446359
0.742999999993957   -0.001022009358884274   0.0015359887466350813   -0.7054737597014362
0.7439999999939303   -0.0011574151433850612   0.0015415606135492578   -0.7105764103830968
0.7449999999939035   -0.001289392090004656   0.0007186882363805744   -0.7105265535591743
0.7459999999938768   -0.001094424706416322   0.0002422659374171278   -0.7114932698941853
0.74699999999385   -0.0011887059369669632   0.0002100020659250496   -0.7066864228979846
0.7479999999938233   -0.0012884642396940409   -0.0001614138668441922   -0.707220405277402
0.7489999999937965   -0.0015615560383916652   -5.666926053751105e-05   -0.7105195450854317
0.7499999999937698   -0.0024869146981847364   -0.00018898324248246682   -0.7081196282408566
0.750999999993743   -0.002655859703831954   -0.000516010157993596   -0.7072337146214221
0.7519999999937163   -0.003243673229079501   -0.0005772505813577787   -0.7080951111319016
0.7529999999936895   -0.00274188845717165   -0.0014026577915077741   -0.7063726678623867
0.7539999999936627   -0.0032907416017847265   -0.0016377293083786463   -0.7090761391194657
0.754999999993636   -0.0033663080153155263   -0.0018278698105493182   -0.7105382685325846
0.7559999999936092   -0.0040129120521273124   -0.0017859846584551543   -0.7098896056119602
0.7569999999935825   -0.004074836137212637   -0.0020159891135651583   -0.702602454603129
0.7579999999935557   -0.0039841015350734026   -0.0017660433508540215   -0.7060611223325504
0.758999999993529   -0.003932314732295425   -0.001648028854616966   -0.7051418642765014
0.7599999999935022   -0.004367551633526328   -0.0022304661044338123   -0.7015199048999782
0.7609999999934755   -0.004604654509422188   -0.002570525841404347   -0.6964524546059329
0.7619999999934487   -0.004633339826779729   -0.002734597320063765   -0.6971061235261483
0.7629999999934219   -0.004560780382254739   -0.002786564405256834   -0.6979988903918215
0.7639999999933952   -0.004121170525844836   -0.0026931482938941115   -0.6969994081555447
0.7649999999933684   -0.0038981568679496118   -0.0028783118409347877   -0.6949870886973932
0.7659999999933417   -0.004216884941286267   -0.0028914992470502558   -0.6962335050535209
0.7669999999933149   -0.00432231836842003   -0.0031989364546502475   -0.6974990144414578
0.7679999999932882   -0.004109031101934729   -0.0031067487040668533   -0.6942543175234106
0.7689999999932614   -0.004173260758978113   -0.00345619292080469   -0.6919839005089385
0.7699999999932347   -0.00408175404253712   -0.003208301913049858   -0.6903804705292466
0.7709999999932079   -0.00396143221231302   -0.0021402495003781494   -0.6872121720125494
0.7719999999931811   -0.0038218410504137056   -0.0017604553585513327   -0.6888054698383224
0.7729999999931544   -0.003450718288752294   -0.001329084127441493   -0.6870850089631316
0.7739999999931276   -0.002667158485307357   -0.001060744883784348   -0.6878657409661334
0.7749999999931009   -0.002016906437801184   -0.0006944906032888446   -0.6863440216943124
0.7759999999930741   -0.0012111008603543638   -0.00032912561671864245   -0.6853466939771875
0.7769999999930474   -0.00031148405200267127   0.00018505158541434896   -0.6815270163038372
0.7779999999930206   0.0006430222413098671   0.0006133469189695652   -0.6811352558429125
0.7789999999929939   0.0014036854570673733   0.001229504428722563   -0.6747145513673455
0.7799999999929671   0.0015140813469110865   0.001717125426572878   -0.6731444906203741
0.7809999999929403   0.0017842408240665343   0.0020962318502719406   -0.672740294719795
0.7819999999929136   0.0017215332671806011   0.0023955587016404917   -0.6683118556767154
0.7829999999928868   0.0022804220470187277   0.0029045403370545064   -0.6647047228472712
0.7839999999928601   0.0029936544673075474   0.003081463131739652   -0.6614834123019564
0.7849999999928333   0.003030678073502101   0.002846982155887597   -0.6643507085169597
0.7859999999928066   0.003155587857268023   0.002840519074210287   -0.6679191509134994
0.7869999999927798   0.0032062622911474535   0.003172945914765513   -0.6731478667862317
0.787999999992753   0.00340065913186415   0.00348670483989736   -0.6677606067457045
0.7889999999927263   0.0035239027952779257   0.003998101213814286   -0.6657726729458666
0.7899999999926995   0.004181573133191575   0.0040020412206907855   -0.6671258198599499
0.7909999999926728   0.003967678326146916   0.004024786487441063   -0.6651672832725806
0.791999999992646   0.0035196534865585224   0.004222919250725646   -0.6637612913921637
0.7929999999926193   0.0034202205816939446   0.004696212367237708   -0.6616143487226471
0.7939999999925925   0.0036346727471144673   0.0047412503755717315   -0.6625844398551975
0.7949999999925658   0.0035663261218852205   0.004879730739747858   -0.6616772006382619
0.795999999992539   0.00377657792037017   0.00480689445283571   -0.6598037886565573
0.7969999999925123   0.0038638194128109466   0.004885499455731905   -0.6606419735770118
0.7979999999924855   0.004081305638984218   0.005406382040599904   -0.6598702983556333
0.7989999999924587   0.004229981301728997   0.00533349094594675   -0.6595532962530758
0.799999999992432   0.005021007953988003   0.005959022474839315   -0.6601233040597363
0.8009999999924052   0.0049767057492434395   0.006208157808809947   -0.660355256266151
0.8019999999923785   0.00513402665831958   0.006060266161065204   -0.6625979766136495
0.8029999999923517   0.00538724253106238   0.006709426925161931   -0.666209723640941
0.803999999992325   0.005235086541410661   0.00757718054182928   -0.6681261530561157
0.8049999999922982   0.005641129683134236   0.008372301301774151   -0.6709565357918945
0.8059999999922715   0.00576566431584991   0.008921365205568662   -0.6691627064501776
0.8069999999922447   0.005783738968894133   0.009667275203138764   -0.674412661050847
0.8079999999922179   0.0050839224246680935   0.010097330125301708   -0.6748109136868301
0.8089999999921912   0.005179516783458805   0.01036832627710693   -0.677389924219493
0.8099999999921644   0.005141192082697844   0.010462902559619252   -0.683027055876263
0.8109999999921377   0.0050657118860288185   0.011256259971235152   -0.6836765488844414
0.8119999999921109   0.005376924651207276   0.012065516668552271   -0.6800567215511252
0.8129999999920842   0.005445596281607249   0.012634509541237522   -0.6797977946901138
0.8139999999920574   0.004629212394237256   0.013696809449491254   -0.6788309584899879
0.8149999999920307   0.0043226943418945875   0.01416995144203328   -0.6818977443771426
0.8159999999920039   0.004075787837820682   0.014190000644876494   -0.6814253071179132
0.8169999999919771   0.0038960940494280915   0.014851925929822525   -0.6807463097152776
0.8179999999919504   0.003799814118996199   0.015263914609647225   -0.6799101672154363
0.8189999999919236   0.003752295502267601   0.01585181210585769   -0.6749949687003632
0.8199999999918969   0.003537168415476814   0.016078392034350006   -0.6780577663021411
0.8209999999918701   0.0036604557758797146   0.016943269299367746   -0.675906664964873
0.8219999999918434   0.0036806069917836456   0.017429446508618135   -0.67409831169425
0.8229999999918166   0.0038814935355732747   0.017801494311838088   -0.6725951168303657
0.8239999999917899   0.0038718378675110035   0.01804975099198141   -0.6734629578010559
0.8249999999917631   0.0030681091768574344   0.017790093565362677   -0.6768581266186058
0.8259999999917363   0.003197086990797036   0.017722402997736805   -0.6733412292337362
0.8269999999917096   0.0030346647928568126   0.017189606107584517   -0.673261502452398
0.8279999999916828   0.0024268343493517373   0.016998150539937796   -0.6757656185273379
0.8289999999916561   0.0021636312065208955   0.01721114516355491   -0.673977661913686
0.8299999999916293   0.0019226810520697028   0.017353452826479925   -0.6791516602462009
0.8309999999916026   0.001995857156056155   0.01735951488149465   -0.6807213865226125
0.8319999999915758   0.000835820431224101   0.01724304372634469   -0.6801240307052221
0.8329999999915491   9.475530283091609e-05   0.0170480554078015   -0.6827990598745802
0.8339999999915223   -0.0007017830365838588   0.0171600625848168   -0.6841347633428991
0.8349999999914955   -0.0010070585050077606   0.016791566724387787   -0.6884344380019096
0.8359999999914688   -0.0012859937404128463   0.016826221459083104   -0.692144939607054
0.836999999991442   -0.0026074757937741932   0.016987968224455405   -0.6894552435831881
0.8379999999914153   -0.002982018457213912   0.01714057678648598   -0.6920208679039497
0.8389999999913885   -0.0031963607970720213   0.01807408325782764   -0.6917213211251908
0.8399999999913618   -0.0032729644605113965   0.018105828055614098   -0.693689412022663
0.840999999991335   -0.003432303085703961   0.01806983969340324   -0.6952277206577686
0.8419999999913083   -0.003633895782803935   0.017927191555295124   -0.6959898704943233
0.8429999999912815   -0.0033833727807776695   0.01756597205514293   -0.6959497859898879
0.8439999999912547   -0.003101197229979991   0.018179407067417195   -0.6959502026669975
0.844999999991228   -0.0030306901219614535   0.01848272727097783   -0.6958964550751965
0.8459999999912012   -0.0030739639673659546   0.017696293778696488   -0.692732154238638
0.8469999999911745   -0.002922439045623556   0.017686104317415224   -0.6953489588977755
0.8479999999911477   -0.0023033346004414264   0.01708360653242697   -0.6969176848612963
0.848999999991121   -0.0021626690384101764   0.01714062847956142   -0.6968382918495081
0.8499999999910942   -0.0018856492757052257   0.016567794100936683   -0.6942763629904118
0.8509999999910675   -0.0011439570159858217   0.016548062992207655   -0.6944374280184031
0.8519999999910407   -0.001008665649652249   0.016635906225773874   -0.6932107788593039
0.852999999991014   -0.0008313902633435551   0.016163387106916293   -0.6946352756305544
0.8539999999909872   -0.0011182628024383576   0.01585735982711823   -0.6949470656540184
0.8549999999909604   -0.0007697989121514064   0.01508126254855746   -0.6908990912517327
0.8559999999909337   -0.000206138181775172   0.015027208038312426   -0.6927854820395637
0.8569999999909069   0.00018140184951199616   0.01497893774688378   -0.6948496152986823
0.8579999999908802   0.0008038402215421374   0.014730598986327595   -0.6936285307151604
0.8589999999908534   0.0005881868074097056   0.014467996931634126   -0.6952012016439627
0.8599999999908267   0.0006042367660335741   0.014187907256455102   -0.69645355288768
0.8609999999907999   0.0009141239919239874   0.014261717404425906   -0.6951660276681854
0.8619999999907731   0.0005389678510218088   0.013534540994334082   -0.6957743145484603
0.8629999999907464   0.0005690647643220034   0.013911292440721517   -0.6956720285041128
0.8639999999907196   0.0006498402366613357   0.01365467197159504   -0.6972255253521781
0.8649999999906929   0.0007357795588077147   0.013382789169942424   -0.7003115674025605
0.8659999999906661   0.0007923795903994535   0.01294298787904761   -0.7006763948517402
0.8669999999906394   0.0010394840438549848   0.012846197594267514   -0.7064940260359344
0.8679999999906126   0.0008199593304760714   0.012411217482858977   -0.7007960773880014
0.8689999999905859   0.0010857584955113954   0.012167196048177042   -0.697178564590919
0.8699999999905591   0.0014265640151396167   0.011311933839713182   -0.6919659383281102
0.8709999999905323   0.0013847906374750956   0.011275617537256406   -0.6956232807449172
0.8719999999905056   0.0017533629880213408   0.010613561503643893   -0.6936137194501231
0.8729999999904788   0.0018413799976283657   0.010452147645262724   -0.6956827036167161
0.8739999999904521   0.0024580518589276184   0.009784791133818924   -0.6942586781001397
0.8749999999904253   0.0021495927802805985   0.009128890082372557   -0.6908800515894168
0.8759999999903986   0.002743400066610536   0.00825476795606616   -0.6827228439723335
0.8769999999903718   0.0023914239722824457   0.007533147773985778   -0.6848522121427676
0.8779999999903451   0.002614893447315223   0.0071842497869677   -0.6850414241025764
0.8789999999903183   0.002442883607755723   0.006421710490029298   -0.686493779879269
0.8799999999902915   0.00258388286757305   0.0056733810852819515   -0.6828355378356917
0.8809999999902648   0.0028252557713991967   0.004967612268653472   -0.6847058444604415
0.881999999990238   0.0036050884183253576   0.0033983738484147396   -0.6793821050723416
0.8829999999902113   0.004060757188468966   0.002747234645119156   -0.6742769373380113
0.8839999999901845   0.00470196949391319   0.002037894679440022   -0.6732002074868563
0.8849999999901578   0.005331393657646218   0.0016064525280080743   -0.6736413742866222
0.885999999990131   0.005563450802325654   0.0008290356977243659   -0.6739880455379961
0.8869999999901043   0.005598895394548243   0.00017514973161058788   -0.6720958119487791
0.8879999999900775   0.005873852041727813   0.00013111737077061285   -0.6668689264966536
0.8889999999900507   0.0061927263610952925   -0.0006420881045746802   -0.6670200326221883
0.889999999990024   0.006365602622895347   -0.0012642827764053023   -0.6668471359192133
0.8909999999899972   0.0064350790127387664   -0.0020138832373258566   -0.6626861130333684
0.8919999999899705   0.0067900203063047055   -0.003169162356222355   -0.6617509999183646
0.8929999999899437   0.007416243291601127   -0.003974550805637713   -0.6621367631146458
0.893999999989917   0.007868853571823367   -0.004641069499368322   -0.6582390766648452
0.8949999999898902   0.00896776559166973   -0.00451036410587463   -0.6607595524731771
0.8959999999898635   0.009425802614049107   -0.004762911116088746   -0.6650794172134277
0.8969999999898367   0.009669512349604024   -0.0049497763980891245   -0.6691540037601135
0.89799999998981   0.00951708978643061   -0.005032639824400029   -0.6704887730703166
0.8989999999897832   0.010051506221222887   -0.00579641705330382   -0.6694736930434616
0.8999999999897564   0.009413531352354673   -0.005992248980784687   -0.6735890575168384
0.9009999999897297   0.009720537477141505   -0.005763505414331857   -0.6719879357145399
0.9019999999897029   0.009008807503387029   -0.0058757270170331595   -0.6682147294418774
0.9029999999896762   0.008866624836081895   -0.005815016095541033   -0.6690865223688848
0.9039999999896494   0.008642544865610025   -0.005579605589385844   -0.670931942883789
0.9049999999896227   0.00860306264999225   -0.005511745932285881   -0.6740786386742352
0.9059999999895959   0.008259473233790738   -0.005370329659421441   -0.6758568649182265
0.9069999999895692   0.008444181709317211   -0.005419225806983302   -0.6704102729579511
0.9079999999895424   0.008519249086023657   -0.0055280714415730115   -0.6736618104284919
0.9089999999895156   0.008218460870517237   -0.005972536374093944   -0.6741298573730098
0.9099999999894889   0.007808600664005836   -0.005853636372688372   -0.6787800807608791
0.9109999999894621   0.007252950234464587   -0.005622857853595731   -0.680453843690572
0.9119999999894354   0.00731050479699406   -0.005524037998489616   -0.682498269198364
0.9129999999894086   0.006983762063845944   -0.005486498622341345   -0.683128211524519
0.9139999999893819   0.0068332084688330075   -0.004828326595182804   -0.6864580007424326
0.9149999999893551   0.0064228783002016395   -0.004301515782522506   -0.6853980378061264
0.9159999999893284   0.006850342361198836   -0.0037005146795052765   -0.6887125092309815
0.9169999999893016   0.006448663386259883   -0.0030495999475131743   -0.6873893607569856
0.9179999999892748   0.006136659249746265   -0.0032252152257668935   -0.6890832341045448
0.9189999999892481   0.005928657971838231   -0.002863518246064139   -0.6896920993211854
0.9199999999892213   0.005828258075431682   -0.0026647136205775798   -0.6928231761608257
0.9209999999891946   0.005784020425925158   -0.0030381199514271117   -0.6873726580651492
0.9219999999891678   0.006170338475511489   -0.0030966621686061516   -0.6899917145285265
0.9229999999891411   0.006175774289665659   -0.003487661207268186   -0.6899505487792351
0.9239999999891143   0.006257776856185345   -0.0034769405042556515   -0.6913863910661201
0.9249999999890876   0.006471271087868221   -0.003752569784116964   -0.6904686312355628
0.9259999999890608   0.006732994193665487   -0.0036702455353979173   -0.6871028435603378
0.926999999989034   0.006857203880925811   -0.0038377329113892045   -0.684746674430247
0.9279999999890073   0.007250711100865167   -0.00425819532594777   -0.6839147888304934
0.9289999999889805   0.00757626266175044   -0.0039678348693338835   -0.6865243812172446
0.9299999999889538   0.007920845938890076   -0.0036181564722626795   -0.6885546561644006
0.930999999988927   0.007847697028463666   -0.003314988746805474   -0.6906430878899781
0.9319999999889003   0.0083565730028094   -0.0029189687846724313   -0.6906734931834823
0.9329999999888735   0.008442367753805987   -0.002643725751221935   -0.6900061263335749
0.9339999999888468   0.008388938494514006   -0.002454924149727663   -0.6861886645537867
0.93499999998882   0.008311108543070088   -0.002126308425064792   -0.6854294941143232
0.9359999999887932   0.008655289051220351   -0.0018122935608854388   -0.6890007319184249
0.9369999999887665   0.008879425848441836   -0.001078444788494347   -0.6906478950235383
0.9379999999887397   0.009533154401859785   -0.000443096541158687   -0.6868725900811858
0.938999999988713   0.009965846080217534   0.0003251950006856817   -0.6835554953919375
0.9399999999886862   0.010049285922830376   0.00021114658809789853   -0.6869284932223175
0.9409999999886595   0.010582166072805684   0.0012109663008954207   -0.6833390736403334
0.9419999999886327   0.010858897411993541   0.002039774469596159   -0.6832726738681976
0.942999999988606   0.010996247745445699   0.0026022314885575906   -0.680494081832472
0.9439999999885792   0.011435759504147098   0.002532522810649494   -0.6808605938753574
0.9449999999885524   0.011633364577077738   0.002612655481261051   -0.6792475764701675
0.9459999999885257   0.01315615094766662   0.002998409041789661   -0.6731245750663194
0.9469999999884989   0.012997887173548175   0.0027408647881152887   -0.6761002653665588
0.9479999999884722   0.012599769854909532   0.003307304982497861   -0.6744940150565645
0.9489999999884454   0.012426521578335264   0.003581835599647243   -0.6686692070303677
0.9499999999884187   0.012287457336906917   0.003605476788397304   -0.6667883018040048
0.9509999999883919   0.012298819313996215   0.0037868407987496824   -0.665848343762309
0.9519999999883652   0.012308464577820314   0.003918602660989455   -0.6607958180699391
0.9529999999883384   0.012673776378807212   0.003962315117344414   -0.6610784167621303
0.9539999999883116   0.012207903518825138   0.0039932339524925186   -0.657593741695617
0.9549999999882849   0.012620967523195647   0.0036203789470530354   -0.6539059876352595
0.9559999999882581   0.01290619417642199   0.0036965419343119505   -0.6481732366095395
0.9569999999882314   0.012461377537473058   0.003433681848758265   -0.6482036617974565
0.9579999999882046   0.012068436078919324   0.0027714583303421083   -0.6514410908302233
0.9589999999881779   0.012306569157067916   0.002229439995204476   -0.6471792847369117
0.9599999999881511   0.010928012379465057   0.0014513397426708916   -0.6440702242726759
0.9609999999881244   0.011684227225314715   0.001413071682980334   -0.6475081097538304
0.9619999999880976   0.011238158664151851   0.001024811473532345   -0.6467934981799558
0.9629999999880708   0.010801977077367787   0.0005657393589797782   -0.64943212238046
0.9639999999880441   0.010824534401608127   0.00039559320480303604   -0.6500546471875259
0.9649999999880173   0.010009273054789556   6.9204424328706e-05   -0.6523824532812095
0.9659999999879906   0.009454277800739612   -0.00046901455774185256   -0.6528126737578324
0.9669999999879638   0.008756343006025296   -0.0001770343107663186   -0.6560475536731332
0.9679999999879371   0.008171912141772993   -0.000595911691525947   -0.652854595679081
0.9689999999879103   0.007902157393251967   -0.0008958930836562248   -0.6539870820497343
0.9699999999878836   0.008274983138846923   -0.0010002052594119595   -0.6584202137174229
0.9709999999878568   0.007992882577396816   -0.0003827886875650466   -0.6608846050805165
0.97199999998783   0.00853756121881764   0.00027445820984446406   -0.6583601819160527
0.9729999999878033   0.008891458087175551   0.0004265423236750166   -0.6605511309837286
0.9739999999877765   0.008442221451681702   0.00035796591255663645   -0.6595293830790039
0.9749999999877498   0.00788340261143738   -0.0003454231711472095   -0.6572553802042413
0.975999999987723   0.007409547145579977   -1.8854045113522326e-05   -0.6568302858811697
0.9769999999876963   0.007368678023136556   -9.183646894155388e-05   -0.6574328284276673
0.9779999999876695   0.007271325998841131   -0.0005633672678465092   -0.6552611390604681
0.9789999999876428   0.006758891871956526   -0.0006469048478429096   -0.6589539611387814
0.979999999987616   0.006129366026212152   -0.001496731620631506   -0.6563891187849249
0.9809999999875892   0.006204381603969284   -0.0015661197856357187   -0.6609774456970655
0.9819999999875625   0.005958792741663908   -0.0019096049618991333   -0.6637153994371408
0.9829999999875357   0.005550418425033442   -0.0025683292619678097   -0.6621050251231213
0.983999999987509   0.004952045748481471   -0.0029116814457792873   -0.663683112805139
0.9849999999874822   0.0048435247827256995   -0.0031501916432684525   -0.6665564599760908
0.9859999999874555   0.0051313477748234585   -0.0035311840797607958   -0.6707435639793342
0.9869999999874287   0.005523219374136241   -0.0038984489260177587   -0.6695494815605025
0.987999999987402   0.005510932690107577   -0.00406507375741916   -0.6685393606961452
0.9889999999873752   0.004967967500748434   -0.004624660881392093   -0.6691140127121624
0.9899999999873484   0.004940661508635103   -0.0054543290936186215   -0.6670212870083702
0.9909999999873217   0.004810272590199656   -0.005696306452257414   -0.6673879634472375
0.9919999999872949   0.004933567773857824   -0.006415365441444182   -0.6656656737450136
0.9929999999872682   0.0047642726964684644   -0.006739389241662467   -0.6656377484345304
0.9939999999872414   0.00454540272410025   -0.007226988555523941   -0.6668046599394732
0.9949999999872147   0.004391972932805146   -0.007801833920690147   -0.6664969788147848
0.9959999999871879   0.004150359456392497   -0.007829782955240174   -0.6659934183513746
0.9969999999871612   0.00395587141122236   -0.00816697029189092   -0.6685650476210209
0.9979999999871344   0.004028446781302781   -0.00852079739577284   -0.6743989685557271
0.9989999999871076   0.004119838420510718   -0.008921139686085204   -0.6809025171153459
0.9999999999870809   0.0042822027267007505   -0.008888794554350064   -0.6787266781100542
