	G1	G1	G2	G2	G3	G3	G4	G4	G5	G5
t (s)	u (m/s)	v (m/s)	u (m/s)	v (m/s)	u (m/s)	v (m/s)	u (m/s)	v (m/s)	u (m/s)	v (m/s)
1.92			1.7724	-0.4661						
1.96			1.9716	-0.3761						
2			2.0346	-0.4239						
2.04			2.1164	-0.4891						
2.08										
2.12			2.0904	-0.5023						
2.16			2.1533	-0.4911						
2.2			2.1479	-0.502						
2.24			2.0852	-0.4731						
2.28			2.1275	-0.4964						
2.32			2.1543	-0.5051						
2.36			2.1627	-0.481						
2.4			2.1345	-0.4944						
2.44			2.0459	-0.5239						
2.48			2.3021	-0.4563		
2.52						
2.56			2.154	-0.4947		
2.6			2.1148	-0.4742		
2.64			2.0779	-0.4964		
2.68			2.1266	-0.4869		
2.72			2.151	-0.4609		
2.76			2.1509	-0.4872		
2.8			2.1029	-0.513		
2.84			2.1805	-0.4957		
2.88			2.1286	-0.5012		
2.92			2.1796	-0.5009		
2.96			2.1704	-0.5094		
3			2.2056	-0.4842		
3.04			2.1826	-0.5166		
3.08			2.1742	-0.5148	1.5357	-0.1634
3.12			2.1519	-0.5015	1.5102	-0.1643
3.16			2.2064	-0.5106	1.4716	-0.1893
3.2			2.1608	-0.4982	1.3379	-0.0526
3.24			2.1639	-0.4904	1.3508	-0.0494
3.28			2.1783	-0.4836	1.3559	-0.1064
3.32			2.178	-0.494	1.4076	-0.0351
3.36			2.1943	-0.4964	1.445	0.0476
3.4			2.1861	-0.4821	1.3309	0.0258
3.44			2.2098	-0.4796	1.3379	0.2646
3.48			2.1651	-0.4872	1.4148	0.1888
3.52			2.1732	-0.5044	1.2926	0.034
3.56			2.2136	-0.4984	1.2524	0.2644
3.6			2.1929	-0.4964	1.0801	0.2542
3.64			2.1577	-0.4954	1.213	0.1071
3.68			2.1439	-0.5037	1.1792	0.1482
3.72			2.2401	-0.4832	1.205	0.0188
3.76			2.2115	-0.4897	0.9707	-0.0178
3.8			2.1683	-0.4954	1.0612	-0.0812
3.84			2.2294	-0.4915	1.2578	0.0342
3.88			2.1934	-0.5026	1.1811	-0.0189
3.92			2.139	-0.4882	1.1511	0.0803
3.96			2.2061	-0.4783	1.0162	0.2239
4			2.2197	-0.5026		
4.04			2.3026	-0.5163		
4.08			2.2192	-0.4968	0.9897	0.048
4.12			2.1568	-0.4875	1.1126	-0.1501
4.16			2.1577	-0.4849	1.2876	-0.0873
4.2			2.1395	-0.486	1.4423	-0.0137
4.24			2.1946	-0.4793	1.2093	0.1947
4.28			2.1441	-0.4893	1.0741	0.1254
4.32			2.1428	-0.5023	1.129	0.1953
4.36			2.1517	-0.5012	1.2342	0.0113
4.4			2.1891	-0.5055	1.0297	0.2081
4.44			2.2355	-0.5263	1.3086	-0.1146
4.48			2.1223	-0.4944	1.3926	-0.1242
4.52			2.1855	-0.5231	1.3818	0.5349
4.56			2.2058	-0.4965	1.1368	0.4724
4.6			2.2035	-0.5019	1.1488	0.2716
4.64			2.2345	-0.5173	1.1475	0.2793
4.68			2.1838	-0.5069	1.3032	-0.0553
4.72			2.2129	-0.5116	1.54	-0.113
4.76			2.1167	-0.5097	1.095	0.1953
4.8			2.2084	-0.5109	0.8514	0.0913
4.84			2.2451	-0.5348	0.9599	-0.0668
4.88	1.9796	0.3943	2.1862	-0.5142	0.9735	-0.017
4.92	1.942	0.4393	2.2056	-0.4904	1.0755	-0.0766
4.96	1.7922	0.3353	2.271	-0.5309	1.0006	0.0595
5	1.6266	0.4835	2.177	-0.4954	1.0973	0.0348
5.04	1.6132	0.1878	2.2058	-0.5116	1.1239	0.0557
5.08	1.4364	0.1994	2.2068	-0.4842	1.2856	0.0555
5.12	1.938	0.4686	2.1828	-0.4932	1.2727	-0.1193
5.16	1.7296	0.1974	2.1552	-0.4894	1.2968	-0.1448
5.2	1.5757	0.372	2.2767	-0.5246	1.1699	-0.178
5.24	1.8162	0.2542	2.2615	-0.5309	1.0379	-0.1218
5.28	1.8265	0.3828	2.2413	-0.5177	0.9886	0.1022
5.32	1.8157	0.2357	2.1828	-0.5041	0.9634	-0.0074
5.36			2.1246	-0.5256	0.851	-0.1121
5.4	1.8437	0.3772	2.2105	-0.5019	0.9157	-0.1855
5.44	1.7414	0.3305	2.162	-0.5249	1.0084	-0.2888
5.48	1.9272	0.3059	2.2545	-0.5162	0.9718	-0.2761
5.52	1.9505	0.3361	2.2202	-0.4856	0.9894	0.1418
5.56	1.6984	0.1523	2.2312	-0.5141	1.3093	-0.1015
5.6	1.8366	0.2739	2.2267	-0.4671	1.0717	-0.2761
5.64	1.8408	0.3535	2.2514	-0.532	0.9904	-0.1446
5.68	1.8368	0.2901	2.2761	-0.5159	1.1333	-0.1588		
5.72	1.7127	0.5278	2.207	-0.4789	1.2647	-0.2601		
5.76	1.8875	0.4377	2.2185	-0.5212	1.1736	-0.1554	1.5311	-0.3544
5.8			2.2	-0.5195	1.1719	0.2657	1.5389	-0.1235
5.84	1.6967	0.3271	2.23	-0.4846	0.9578	0.148	1.6556	-0.3249
5.88	1.7411	0.4106	2.2169	-0.5093	1.1823	0.0996	1.626	-0.204
5.92	1.7069	0.312	2.235	-0.5277	1.1448	0.0741	1.661	-0.2479
5.96	1.6758	0.3307	2.2521	-0.5463	1.1375	0.0566	1.7173	-0.1679
6	1.5089	0.5188	2.2028	-0.5375	0.9423	0.0851	1.2969	-0.0741
6.04	1.8049	0.5074	2.1533	-0.5181	0.9369	0.0283	1.364	-0.0998
6.08	1.8287	0.4031	2.2531	-0.5076	1.0801	-0.039	1.2299	-0.1281
6.12	1.7146	0.1905	2.1354	-0.5124	1.1039	-0.0588	1.395	-0.1146
6.16	1.6423	0.488	2.2082	-0.5173	1.2819	-0.025	1.3889	-0.1728
6.2	1.8315	0.3666	2.1986	-0.526	1.2281	-0.0225	1.5894	-0.2448
6.24	1.4276	0.0507	2.1654	-0.5163	1.3056	0.1473	1.5851	-0.4226
6.28	1.4902	-0.2531	2.215	-0.5356	1.2572	-0.1893	1.6525	-0.3021
6.32	1.4184	0.1868	2.2077	-0.4918	0.9514	0.0089	1.4239	-0.1168
6.36	1.5259	0.3786	2.2434	-0.5221	1.0121	0.0197	1.4275	-0.245
6.4	1.1753	0.0553	2.176	-0.5087	0.9289	0.2441	1.2446	-0.0961
6.44	1.5012	0.2199	2.1711	-0.5469	1.0044	0.2249	1.4765	-0.2065
6.48	1.5184	0.3558	2.1789	-0.4954	0.9441	0.1209	1.5717	-0.2339
6.52	1.762	0.407	2.2436	-0.5138	1.0844	0.1906	1.4817	-0.2903
6.56	1.3191	0.2337	2.2458	-0.5263	1.1387	0.1881	1.4483	-0.3314
6.6	1.6483	0.2084	2.1465	-0.5507	1.0595	0.104	1.5561	-0.2653
6.64	1.3171	0.0098	2.1881	-0.5138	1.0774	0.0144	1.7402	-0.3124
6.68	1.4223	-0.3711	2.1482	-0.5083	1.3032	0.1412	1.5858	-0.3136
6.72	1.8487	-0.4144	2.1674	-0.5313	1.2273	0.1281	1.6145	-0.208
6.76	1.5735	0.052	2.1824	-0.5111	1.4578	0.0646	1.5934	-0.2049
6.8	1.4496	-0.3941	2.1803	-0.5521	1.3282	0.1226	1.5067	-0.0527
6.84	1.3381	-0.0286	2.1991	-0.4922	1.3451	0.1925	1.7165	-0.222
6.88	1.4263	-0.0065	2.1934	-0.5152	1.2332	0.2788	1.4845	-0.1212
6.92	1.3668	0.2766	2.1282	-0.5054	1.1949	0.3407	1.5025	-0.1972
6.96	1.3841	0.0175	2.1911	-0.536	1.3581	0.4286	1.4427	-0.2628
7	1.2649	0.2373	2.1908	-0.5152	1.3293	0.2592	1.2755	-0.1134
7.04	1.4138	0.3786	2.1881	-0.5166	1.3167	0.1046	1.4797	-0.312
7.08	1.669	0.4226	2.2392	-0.5072	1.2537	0.1203	1.463	-0.2518
7.12	1.7927	0.4072	2.224	-0.4926	1.3604	0.2651	1.7206	-0.1934
7.16			2.1237	-0.5399	1.1248	0.1815	1.7896	-0.2445
7.2	1.6622	0.0886	2.2068	-0.5445	1.1708	0.2928	1.6603	-0.1427
7.24	1.5736	0.1947	2.2249	-0.5449	1.1011	0.1815	1.8647	-0.1844
7.28	1.6653	0.1659	2.3054	-0.5012	1.1576	0.0293	1.6741	-0.1589
7.32	1.918	0.0803	2.1878	-0.4989	0.9617	0.0848	1.6217	-0.1564
7.36	1.4802	0.004	2.2373	-0.5177	1.16	0.1265	1.7273	-0.1442
7.4	1.1877	-0.076	2.2484	-0.5479	1.1759	0.2199	1.5248	-0.2321
7.44	1.5641	0.1045	2.2843	-0.5101	1.1626	0.0856	1.3838	-0.1054
7.48			2.2702	-0.5403	1.2199	0.0851	1.5053	-0.2025
7.52	1.3414	0.2685	2.1977	-0.5533	1.3902	0.1106	1.3815	-0.1737
7.56	2.0192	0.4241	2.2129	-0.5515	1.1734	0.28	1.525	-0.0237
7.6	1.4127	0.0631	2.2723	-0.5508	1.424	0.1958	1.594	-0.1084
7.64	0.822	-0.1112	2.2152	-0.5375	1.2625	0.2098	1.5039	-0.2975
7.68	1.0697	0.0916	2.1651	-0.5231	1.2424	-0.2238	1.389	-0.158
7.72	1.4205	-0.0588	2.2183	-0.5368	1.2304	-0.1262	1.3863	-0.1553
7.76	1.2553	0.2162	2.2322	-0.5149	1.2107	0.1633	1.6339	-0.2311
7.8	1.2927	0.167	2.1512	-0.5073	1.195	0.1872	1.5386	-0.1243
7.84	1.6365	0.2226	2.0977	-0.5201	1.0736	0.1717	1.794	-0.284
7.88	1.5569	0.259	2.2162	-0.5131	1.0842	0.1383	1.496	-0.2124
7.92	1.1525	0.1013	2.2319	-0.5349	1.2438	-0.0445	1.6177	-0.1507
7.96	1.0192	0.0835	2.1787	-0.5442	1.2496	-0.0368	1.6603	-0.2721
8	1.401	0.0255	2.1911	-0.5221	1.1403	0.0443	1.657	-0.1624
8.04	1.4426	-0.0254	2.2141	-0.5278	1.2138	0.1002	1.5551	-0.0066
8.08	1.3611	-0.3488	2.1977	-0.5221	1.3187	-0.1961	1.5584	-0.3341
8.12	0.9383	-0.7062	2.0988	-0.503	1.1748	-0.0822	1.3495	-0.4183
8.16			2.2019	-0.5099	1.1969	0.061	1.3734	-0.2876
8.2	1.6584	-0.5091	2.2223	-0.5131	1.1828	-0.0322	1.6823	-0.2572
8.24	0.979	-0.7592	2.1847	-0.5054	1.1435	-0.056	1.4713	-0.2111
8.28	0.8654	-0.5713	2.1632	-0.5348	1.132	-0.1913	1.6715	-0.3556
8.32	1.3705	-0.0124	2.1306	-0.5065	1.1663	-0.1855	1.8193	-0.1686
8.36	1.0046	-0.1941	2.1451	-0.526	0.9686	-0.2666	1.392	-0.3612
8.4	1.3343	-0.054	2.2106	-0.5662	1.0298	-0.2085	1.6265	-0.1847
8.44	1.048	-0.0904	2.2056	-0.5257	1.0706	0.0379	1.6344	-0.2651
8.48	1.0513	-0.1275	2.1718	-0.5277	0.9653	-0.0265	1.5382	-0.2187
8.52	1.2927	-0.2529	2.2335	-0.5093	1.0978	0.0013	1.5544	-0.2725
8.56	1.1684	-0.3765	2.1831	-0.5221	1.0013	0.0975	1.4666	-0.1177
8.6	1.2463	-0.2371	2.2084	-0.5219	1.1311	0.2081	1.687	-0.1339
8.64	1.113	-0.2621	2.2105	-0.5083	1.0959	0.0904	1.4759	-0.1071
8.68	0.8932	-0.5013	2.1963	-0.5195	1.1441	0.1274	1.366	-0.0425
8.72	0.9445	-0.481	2.2294	-0.5331	1.1586	0.0063	1.2999	-0.1325
8.76	0.7064	-0.4325	2.0866	-0.508	1.1828	0.1817	1.322	-0.1821
8.8	0.7138	-0.1416	2.1732	-0.5354	1.0584	0.2	1.2726	0.0522
8.84	0.6462	-0.6104	2.184	-0.5216	1.0778	0.2495	1.2194	0.048
8.88	0.682	-0.5382	2.1789	-0.5116	1.157	0.2292	1.4011	0.0489
8.92	0.5924	-0.5121	2.1451	-0.5181	1.275	0.1969	1.3811	-0.1597
8.96	0.3612	-0.6274	2.1632	-0.5123	1.2311	0.0848	1.5534	-0.0549
9	0.4593	-0.7031	2.1282	-0.5361	1.2088	0.0599	1.1605	-0.1212
9.04	0.5412	-0.7369	2.1481	-0.509	1.1837	0.0584	1.4478	-0.1046
9.08	0.4916	-0.6844	2.1561	-0.5435	1.1363	0.1456	1.2949	-0.1888
9.12	0.9528	-0.4968	2.1451	-0.5339	1.0572	0.0854	1.4072	-0.3459
9.16	1.0145	-0.3702	2.1615	-0.5181	1.1346	0.0679	1.3056	-0.2881
9.2	1.2991	-0.3666	2.1533	-0.48	1.0859	-0.0116	1.2855	-0.2069
9.24	0.7421	-0.3242	2.1435	-0.508	1.1262	-0.0017	1.3953	-0.1168
9.28	0.7512	-0.4754	2.2078	-0.5246	1.3177	-0.0659	1.4045	-0.1185
9.32	0.6557	-0.433	2.184	-0.4972	1.0119	-0.1942	1.4443	-0.2639
9.36	0.789	-0.3671	2.1713	-0.4932	1.1908	0.006	1.4201	-0.1032
9.4	0.7343	-0.465	2.1263	-0.5008	1.0703	-0.1288	1.3822	-0.0113
9.44	0.6718	-0.3754	2.1171	-0.5208	0.9975	0.3235	1.4183	-0.0487
9.48	0.7921	-0.1957	2.0852	-0.4796	1.1502	0.2673	1.5544	0.0187
9.52	0.9054	-0.1527	2.0482	-0.5432	1.139	0.2	1.4594	0.0544
9.56	0.5949	-0.3948	2.0878	-0.504	0.947	0.0255	1.427	-0.0078
9.6	0.6764	-0.5019	2.1251	-0.499	0.98	0.1158	1.5351	-0.1803
9.64	0.7863	-0.3774	2.014	-0.5111	1.0406	0.1385	1.5464	0.0432
9.68	0.5511	-0.4282	2.0494	-0.4835	1.0189	0.1941	1.3694	-0.0313
9.72	0.5406	-0.5539	2.1137	-0.5166	1.0678	0.28	1.3373	-0.1516
9.76	0.3433	-0.4	2.1005	-0.5044	1.359	0.2177	1.3084	-0.0697
9.8	0.7319	-0.5228	2.131	-0.502	1.3078	0.2495	1.4695	-0.0504
9.84	0.4408	-0.3494	2.1181	-0.5026	1.4572	0.1365	1.3223	-0.1985
9.88	0.8201	-0.4451	2.0911	-0.4932	1.2044	0.2211	1.4572	-0.0208
9.92	0.7224	-0.5303	2.0514	-0.502	1.1173	-0.0353	1.5094	-0.1247
9.96	0.6974	-0.4609	2.0619	-0.5112	1.1267	0.1491	1.4068	-0.1504
10	0.7249	-0.6396	1.932	-0.4599	1.1769	0.3064	1.3371	-0.0326
10.04	1.1461	-0.1154	2.0338	-0.4994	0.9348	0.1841	1.3427	0.0531
10.08	0.75	-0.5634	2.0681	-0.4828	0.7289	0.0293	1.4753	-0.0089
10.12	0.7315	-0.3242	2.0849	-0.4825	0.9703	0.1706	1.2086	-0.2242
10.16	0.9463	-0.3695	2.0808	-0.4857	1.0145	0.1286	1.0245	-0.2587		
10.2	0.9738	-0.328	2.0547	-0.4767	1.0243	0.1055	1.1059	-0.1773		
10.24	0.8888	-0.425	2.0717	-0.4977	1.0586	0.0249	1.1772	-0.1703		
10.28	0.7548	-0.5428	2.0408	-0.4771	1.0264	-0.0046	1.1233	-0.002		
10.32	0.2282	-0.3923	2.0231	-0.5054	0.9462	-0.0087	1.1145	0.1386	1.4124	-0.5681
10.36	0.6395	-0.3027	2.0664	-0.5131	0.7741	-0.0617	1.3394	0.0625	1.3286	-0.5203
10.4	0.167	-0.4636	2.0428	-0.4994	0.7347	0.0293	1.299	-0.1062	1.3667	-0.4997
10.44	0.2892	-0.5717	2.0101	-0.4839	0.8532	0.094	1.3551	-0.2161	1.37	-0.4395
10.48	0.3697	-0.3609	1.9899	-0.4731			1.4082	-0.0662	1.1254	-0.5026
10.52	0.6682	-0.5392	1.9355	-0.4869	0.8601	-0.0962	1.366	0.0201	1.2364	-0.4814
10.56	0.5968	-0.4221	1.9611	-0.4595	0.9233	0.0816	1.3286	-0.0693	1.0887	-0.3817
10.6	0.9973	-0.2766	1.9778	-0.4757	1.022	0.0762	1.3207	-0.0417	0.7955	-0.449
10.64	0.3943	-0.231	2.029	-0.4902	0.9417	0.112	1.3904	-0.0575	1.0413	-0.3411
10.68			1.9641	-0.4553	1.0485	0	1.277	-0.0559	1.1152	-0.4918
10.72	1.0853	-0.3287	1.9878	-0.4627	1.1931	-0.1791	1.2999	-0.0049	1.1777	-0.5077
10.76	0.6884	-0.4839	2.1078	-0.4677	0.9627	-0.136	1.3913	0.089	0.9941	-0.4735
10.8	0.7451	-0.2883	2.0051	-0.488	1.0417	-0.0494	1.1254	0.0328	1.0434	-0.5371
10.84	0.8597	-0.4216	1.9506	-0.5037	1.067	-0.0296	1.0719	-0.0205	1.2654	-0.4898
10.88	0.7421	-0.5002	2.0054	-0.4497	0.9871	-0.0645	1.0887	-0.1682	1.1256	-0.4862
10.92	0.5266	-0.3413	1.946	-0.4663	0.9519	-0.0526	1.0772	-0.1591	1.1627	-0.4232
10.96	0.536	-0.4339	1.975	-0.43	0.989	0.0098	1.1791	0.0219	1.0348	-0.4264
11	0.3465	-0.001	2.0453	-0.4652	1.1428	0.1314	1.0925	-0.0357	1.1883	-0.5942
11.04	0.368	-0.159	1.9441	-0.48	1.0781	0.1483	1.146	0.0388	1.1677	-0.4237
11.08	0.5746	-0.0657	1.9418	-0.4591	1.0764	0.1872	1.2384	-0.0441	1.0908	-0.3671
11.12	0.5189	-0.1669	1.9253	-0.4644	1.1533	0.2282	1.0831	-0.0013	1.2486	-0.4
11.16	0.3637	-0.1027	1.923	-0.466	1.1107	0.2339	1.0709	0.0381	1.3236	-0.4248
11.2	0.4718	-0.1756	2.0122	-0.4462	1.1008	0.2324	1.2892	-0.022	1.1957	-0.4833
11.24	0.8082	-0.5788	1.8763	-0.4764	1.067	0.1815	1.2812	0.0034	1.2833	-0.4133
11.28	0.3941	-0.2682	1.9299	-0.4465	0.9502	0.1542	1.2279	0.0663	1.1653	-0.2937
11.32	0.9167	-0.0929	1.9673	-0.4438	1.0389	0.2268	1.4797	0.1248	0.813	-0.1875
11.36	0.5357	-0.2804	2.0608	-0.4896	1.0635	0.2134	1.1728	0.1609	1.2368	-0.3752
11.4	0.9521	-0.0472			1.0382	0.1058	1.15	0.0986	1.2596	-0.2304
11.44	0.8043	-0.0485			1.0257	0.1085	1.1998	-0.1233	1.1068	-0.3147
11.48	0.446	-0.1979			1.0354	0.1028	1.0564	-0.1881	1.1267	-0.2515
11.52	0.1741	-0.3513			0.9509	0.1361	1.0161	-0.2162	0.998	-0.2691
11.56	0.1937	-0.2117			1.0412	0.2011	0.9893	-0.1045	0.7947	-0.0087
11.6	0.2093	-0.1745			1.0413	0.2058	1.2131	-0.0258	0.7663	-0.0179
11.64	0.1657	-0.1264			1.0283	0.2261	1.2645	0.0104	0.5195	0.0781
11.68	0.4751	-0.2544			1.106	0.4032	1.0528	0.0461	0.5403	0.063
11.72	0.5054	-0.155			1.1143	0.2633	1.1533	0.1416	0.5246	0.0793
11.76	0.4286	-0.2723			1.1976	0.024	1.2242	0.0847	0.8763	0.0401
11.8	0.237	-0.4291			1.1562	0.1875	1.1322	0.039	0.9423	-0.2583
11.84	0.3537	-0.3592			1.2013	0.0527	1.0784	0.0471	0.9599	-0.2454
11.88	0.7709	-0.1844			1.0938	0.0483	1.2582	0.0328	0.8955	-0.2401
11.92	0.4377	-0.1853			1.1039	-0.0683	1.1765	0.0636	0.8996	-0.1635
11.96	0.5241	-0.2187			1.0101	0.0379	1.1592	-0.0807	0.9093	-0.2917
12	0.3246	0.0617			0.9602	0.1055	1.167	0.0041	0.7325	-0.2606
12.04	0.3409	-0.1278			1.0791	0.0571	1.143	-0.1102	0.8065	0.0737
12.08	0.3842	-0.1412			1.1166	0.083	1.0838	-0.1017	0.7979	0.1441
12.12	0.2822	-0.0766			1.0419	0.0898	1.0911	-0.0474	0.6024	0.0775
12.16	0.5325	-0.2506			1.0312	0.0304	1.1802	-0.0281	0.7652	0.0143
12.2	0.4219	-0.287			1.0699	0.0331	1.1447	-0.0795	0.2761	0.0992
12.24	0.3285	-0.1614			1.0497	0.0815	1.1765	-0.0485	0.5267	-0.1469
12.28	0.291	-0.1556			1.0492	0.1177	1.1068	-0.0421	0.6044	-0.0456
12.32	0.1641	-0.2506			1.0548	0.0671	1.1741	-0.0359	0.7203	-0.1953
12.36	0.0684	-0.1966			1.0575	0.0237	1.2174	0.0973	0.591	-0.3107
12.4	0.2996	-0.252			1.0947	0.0975	1.2345	0.1159	0.3452	-0.2506
12.44	0.3819	-0.2372			1.1032	0.1764	1.1346	0.14	0.5335	-0.4478
12.48	0.3957	-0.2906			1.1907	0.2031	1.0807	0.0137	0.6061	-0.4481
12.52	0.4359	-0.3767			1.1555	0.2255	1.1582	-0.0425	0.9893	-0.4801
12.56	0.4192	-0.2976			1.1398	0.187	1.0902	0.054	0.9574	-0.4876
12.6	0.3107	-0.1253			1.0961	0.2383	0.9621	0.2019	0.9237	-0.522
12.64	0.3869	-0.1089			1.0162	0.2685	1.1227	0.1499	1.0587	-0.4458
12.68	0.3416	-0.1093			1.0311	0.1894	1.2299	-0.022	1.0486	-0.476
12.72	0.1837	-0.1331			1.0216	0.1259	1.0749	0.0406	1.0066	-0.4591
12.76	0.1819	-0.1195			1.0183	0.172	0.9225	0.1614	0.8866	-0.4681
12.8	0.3621	-0.1773			1.0851	0.1569	1.0645	0.2619	0.793	-0.4422
12.84	0.3192	-0.2169			1.0182	0.1507	1.1613	0.0469	0.9136	-0.4796
12.88	0.3738	-0.1873			1.0879	0.0945	0.9467	0.0943	0.8151	-0.3887
12.92	0.4101	-0.1509			1.0147	0.0264	1.0542	0.089	0.8384	-0.2401
12.96	0.5364	-0.0241			1.0211	0.0883	0.9593	0.1581	0.4684	0.1904
13	0.6625	-0.1758			0.9692	0.0375	1.0777	0.0322	0.2759	0.1397
13.04	0.5795	-0.2908			1.0643	0.1533	1.0942	-0.012	-0.0586	0.0518
13.08	0.5651	-0.3404			0.9993	0.1343	1.0723	0.0595	0.3436	-0.0177
13.12	0.6628	-0.1177			1.0403	0.1305	1.151	-0.0738	0.3158	0.2241
13.16	0.6999	-0.2126			1.026	-0.0296	1.1325	-0.1529	0.3133	0.1009
13.2	0.6082	-0.4009			1.0805	0.0483	1.1247	-0.1923	1.3775	0.0348
13.24	0.4943	-0.3916			1.0361	0.1158	1.1324	-0.2286	0.6348	0.2594
13.28	0.4383	-0.2363			1.0616	0.0777	1.1085	-0.2052	0.4544	0.0807
13.32	0.5375	-0.1344			1.0492	0.0854	1.1315	-0.1196	0.7477	0.0204
13.36	0.5264	-0.3014			0.9815	0.166	1.0479	-0.0737	1.2962	-0.0156
13.4	0.3495	-0.3291			0.9955	0.1361	0.9448	0.001	0.411	0.1474
13.44	0.1962	-0.1895			0.9648	0.1414	0.928	-0.0496	0.4377	0.1536
13.48	0.3984	0.0051			1.092	0.1788	1.0183	-0.0302	0.1606	0.301
13.52	0.1598	-0.0127			1.1016	0.0868	1.08	-0.1352	0.2991	0.3122
13.56	0.2187	-0.0236			1.0121	0.0208	1.1507	-0.1906	0.3258	0.1333
13.6	0.1912	0.0553			1.1276	0.1013	1.1251	-0.0882	-0.0266	0.1721
13.64	0.2486	0.0093			1.1086	0.0364	1.1352	-0.1383	1.0226	-0.2401
13.68	0.2759	-0.0932			1.0173	0.1173	1.0512	0.0346	0.8665	-0.3059
13.72	0.3537	-0.1565			1.1168	0.1339	1.212	-0.1398	0.8823	-0.2703
13.76	0.3959	-0.0231			0.9983	0.1339	1.2029	-0.1668	0.8928	-0.2646
13.8	0.3908	-0.0702			0.947	0.2441	1.1267	-0.127	0.9	-0.3269
13.84	0.3528	-0.0689			1.0065	0.1694	1.0885	-0.0331	0.9477	-0.3571
13.88	0.3977	-0.0043			1.0584	0.0835	1.1437	-0.0993	1.0033	-0.3303
13.92	0.3865	-0.1243			1.1241	0.1854	1.2032	-0.2246	0.985	-0.3199
13.96	0.2975	-0.1169			1.1086	0.1856	1.142	-0.1972	1.0577	-0.3073
14	0.2716	-0.1528			1.2318	0.1464	1.219	-0.0644	0.9984	-0.3452
14.04	0.456	-0.1964			1.11	0.1799	1.1467	-0.2809	1.0137	-0.1545
14.08	0.2502	-0.0478			1.1766	0.2655	1.0899	-0.1794	0.9398	-0.2779
14.12	0.5415	-0.0976			1.2365	0.2502	1.0327	-0.1436	0.5957	-0.2011
14.16	0.574	-0.126			1.1969	0.2211	1.047	0.0326	0.7373	-0.0465
14.2	0.4235	-0.2748			1.2422	0.1799	1.0693	0.0043	0.3711	0.1463
14.24	0.1994	-0.2635			1.225	0.1595	1.1399	0.002	0.1342	0.337
14.28	0.2712	-0.2822			1.1303	0.1094	1.0381	-0.0979	0.2655	0.4711
14.32	0.3713	-0.1689			1.1691	0.1981	1.0512	-0.1458	0.1858	0.407
14.36	0.3501	-0.1208			1.2619	0.1638	1.0336	-0.0842	0.1616	0.4399
14.4	0.3702	-0.1537			1.2558	0.1635	1.0355	-0.034	0.1733	0.4436
14.44	0.3418	-0.2039			1.2416	0.19	1.0946	-0.1279	0.2872	0.3767
14.48	0.3145	-0.1836			1.1651	0.2062	1.0293	-0.0434	0.4198	0.3991
14.52	0.3673	-0.0958			1.2237	0.1691	0.9781	0.0869	0.3143	0.5256
14.56	0.2392	-0.1375			1.1877	0.2423	1.1254	0.1159	0.5443	0.4268
14.6	0.2397	-0.0904			1.3404	0.2479	1.0786	-0.1395	0.493	0.3993
14.64	0.1349	-0.1172			1.1919	0.1918	1.0254	0.0153	0.2969	0.3066
14.68	0.1617	-0.1103			1.245	0.1894	0.9229	-0.0377	0.338	0.3605
14.72	0.2226	-0.1811			1.1757	0.1703	1.0242	-0.1221	0.2196	0.3404
14.76	0.1371	-0.1272			1.0701	0.1872	0.9384	-0.0078	0.2067	0.3551
14.8	0.2321	-0.1519			1.1316	0.2164	0.9577	0.0857	0.2291	0.2987
14.84	0.2105	-0.1377			1.1929	0.1334	0.9862	0.0595	0.3693	0.3291
14.88	0.233	-0.1341			1.1898	0.1533	0.8289	0.0878	0.4356	0.3343
14.92	0.2187	-0.1238			1.1403	0.3303	0.8248	0.0511	0.3574	0.2356
14.96	0.09	0.0819			1.1032	0.358	0.9269	0.0878	0.3057	0.2748
15	0.1451	-0.2329			1.09	0.3693	0.9645	0.1035	0.2702	0.1446
15.04	0.1812	-0.1499			1.0736	0.412	0.91	-0.0211	0.2486	0.0593
15.08	0.2335	-0.002			1.069	0.3314	0.9545	0.0135	0.3052	0.0137
15.12	0.293	-0.0546			1.0497	0.2984	0.9401	-0.1147	0.33	0.0174
15.16	0.613	-0.0666			1.1171	0.202	1.0005	-0.0603	0.2808	0.0263
15.2	0.5332	-0.137			1.03	0.237	0.938	0.1264	0.2655	-0.0142
15.24	0.6953	-0.0231			1.1799	0.1615	0.9024	0.1379	0.379	-0.0467
15.28	0.5444	-0.0822			1.2086	0.2087	0.9046	0.118	0.2509	-0.0989
15.32	0.382	-0.0617			1.1563	0.231	0.8404	-0.0833	0.1098	-0.0878
15.36	0.2206	-0.1319			1.2044	0.1719	0.8011	-0.0194	0.0812	-0.0493
15.4	0.1349	-0.2509			1.0211	0.2074	0.9077	0.1571	0.0498	-0.0443
15.44	0.0046	-0.2281			1.1464	0.1729	0.9247	0.1432	0.0364	-0.0936
15.48	0.0794	-0.1747			1.0295	0.2436	1.0622	0.0248	-0.0078	-0.0744
15.52	0.2599	-0.2132			1.0657	0.2036	1.085	0.0259	0.0441	-0.1124
15.56	0.2485	-0.246			1.1373	0.272	1.0641	0.0496	0.0218	-0.107
15.6	0.097	-0.2322			1.279	0.345	0.9218	0.0812	0.1009	-0.0533
15.64	-0.0119	-0.0719			1.2098	0.2989	0.9311	0.1088	0.256	-0.2854
15.68	0.0041	-0.1687			1.2433	0.2009	0.9761	-0.0562	0.2766	-0.2834
15.72	0.0795	-0.2428			1.1354	0.1551	0.9545	-0.0979	0.1758	-0.2012
15.76	0.1557	-0.2538			1.1513	0.1595	0.8597	-0.034	-0.1737	-0.1694
15.8	0.2275	-0.2101			1.1426	0.2408	0.9416	0.0929	-0.2064	-0.1564
15.84	0.2392	-0.1949			1.2473	0.4201	0.8963	-0.0078	-0.2599	-0.0776
15.88	0.2998	-0.2919			1.2898	0.3176	0.8558	0.0785	-0.0777	0.1625
15.92	0.3093	-0.289			1.2355	0.2426	1.0096	0.1218	0.5313	-0.0335
15.96	0.1884	-0.3104			1.2811	0.1764	0.9851	0.2046	0.9279	-0.2027
16	0.2242	-0.3028			1.2856	0.156	0.9474	0.0524	0.808	-0.4652
16.04	0.3441	-0.3102			1.2882	0.1626	0.8331	0.0207	0.6636	-0.4718
16.08	0.4314	-0.3346			1.2567	0.261	0.9043	-0.0684	0.8956	-0.4632
16.12	0.4472	-0.254			1.3715	0.1633	0.8683	-0.0759	0.5929	-0.3267
16.16	0.237	-0.2867			1.3078	0.2252	0.8288	-0.0744	0.4544	-0.3946
16.2	0.1296	-0.2669			1.2825	0.2264	0.771	0.008	0.8464	-0.3702
16.24	0.0969	-0.2897			1.2781	0.3558	0.7572	0.0322	1.0211	-0.3801
16.28	0.166	-0.3106			1.2792	0.3441	0.7462	0.0263	0.6062	-0.4366
16.32	-0.0063	-0.0593			1.2856	0.2951	0.7692	-0.0228	0.6204	-0.432
16.36	0.3289	-0.0755			1.2812	0.3655	0.8184	-0.1239	0.5724	-0.3208
16.4	0.122	-0.2021			1.2311	0.3032	0.763	-0.045	0.4225	-0.1513
16.44	-0.0013	-0.2267			1.2179	0.2022	0.8478	-0.0564	0.145	-0.3262
16.48	0.0927	-0.1858			1.1764	0.3395	0.8353	0.0034	0.1968	-0.4614
16.52	0.3032	-0.231			1.2247	0.2992	0.9056	-0.0948	0.3255	-0.3513
16.56	0.1551	-0.2721			1.2105	0.2745	0.8844	-0.181	0.3643	-0.1404
16.6	0.0679	-0.2456			1.0738	0.2317	0.7623	-0.1567	0.6	-0.5756
16.64	-0.0003	-0.2854			1.0713	0.2644	0.7501	-0.0864	0.777	-0.5551
16.68	0.0125	-0.296			1.0959	0.3059	0.8105	-0.1089	0.9235	-0.5719
16.72	-0.0403	-0.2678			1.2044	0.2809	0.8014	-0.0362	0.9948	-0.5648
16.76	0.1498	-0.2409			1.0934	0.212	0.9007	0.0324	1.1359	-0.5458
16.8	0.2558	-0.1979			1.2675	0.2725	0.8666	0.0193	1.167	-0.5339
16.84	0.1377	-0.1341			1.2518	0.1704	0.9083	-0.0612	1.0432	-0.5087
16.88	0.3598	-0.1372			1.1799	0.1881	0.9004	-0.0546	1.0622	-0.4508
16.92	0.0756	-0.0073			1.1303	0.2333	0.7882	0.0104	0.9715	-0.3603
16.96	0.5314	0.3222			1.1612	0.2161	0.7763	0.0794	1.0753	-0.374
17	0.5109	0.233			1.1428	0.227	0.7588	0.0463	1.0753	-0.4172
17.04	0.7968	0.0364			1.1614	0.2282	0.8781	-0.0086	1.1179	-0.4063
17.08	0.6779	0.0623			1.2287	0.2381	0.8768	-0.0003	1.0168	-0.3492
17.12	0.758	0.0524			1.2081	0.1965	0.7544	0.028	1.093	-0.4291
17.16	0.72	0.0952			1.2189	0.1881	0.8456	0.0201	1.074	-0.2772
17.2	0.6796	-0.0057			1.2393	0.1682	0.8264	0.0204	1.0935	-0.2935
17.24	0.6827	-0.0979			1.1502	0.1358	0.8693	0.0271	0.9517	-0.2335
17.28	0.6326	-0.0445			1.0798	0.1695	0.9017	-0.0005	0.55	-0.0966
17.32	0.5918	-0.0952			0.9154	0.3474	0.7669	0.0035	-0.1209	0.3495
17.36	0.4612	-0.1791			1.0054	0.421	0.8935	0.0784	0.1609	0.4476
17.4	0.5099	-0.079			1.223	0.2308	0.784	0.0793	-0.0718	0.5483
17.44	0.4866	0.1536			1.075	0.1261	0.891	0.0049	-0.277	0.5207
17.48	0.5468	0.2055			1.2534	0.233	0.892	-0.1085	-0.1177	0.4214
17.52	0.7042	0.2824			1.1356	0.2337	0.8766	-0.1332	0.0092	0.6025
17.56	0.7997	0.0656			1.0971	0.3199	0.831	0.0843	-0.0538	0.6963
17.6	0.6729	0.0339			1.0555	0.2851	0.915	0.0751	0.1588	0.7397
17.64	0.5605	0.0251			1.0291	0.245	0.8633	0.0271	0.102	0.6503
17.68	0.5162	0.0171			0.9183	0.3264	0.8137	-0.0612	0.2141	0.5627
17.72	0.4708	0.0423			1.042	0.2333	0.8044	-0.0771	0.5601	0.5974
17.76	0.6276	0.0318			1.0842	0.3571	0.8435	-0.0403	0.4586	0.5806
17.8	0.3817	-0.1662			1.2128	0.4727	0.8154	-0.0419	0.702	0.6341
17.84	0.4578	-0.18			1.1038	0.367	0.8034	0.0439	0.5173	0.5807
17.88	0.4137	-0.0292			1.0506	0.2935	0.8711	-0.0251	0.5006	0.6036
17.92	0.426	-0.1288			1.1865	0.1181	0.9345	-0.0456	0.5641	0.4957
17.96	0.379	-0.1168			0.9639	0.2105	0.897	-0.0287	0.4675	0.4248
18	0.4767	-0.0736			1.1103	0.2694	0.8863	0.0204	0.4968	0.4131
18.04	0.5855	-0.1237			1.0284	0.2597	0.915	-0.0226	0.6276	0.3555
18.08	0.4449	0.0066			1.0532	0.3176	0.8327	-0.0579	0.5859	0.3993
18.12	0.4113	-0.145			1.1044	0.3662	0.7962	-0.0785	0.7328	0.5207
18.16	0.2644	-0.2551			1.2091	0.3619	0.8036	-0.1358	0.7286	0.4223
18.2	0.2723	-0.2203			1.1032	0.3172	0.7322	-0.0854	0.7937	0.356
18.24	0.3508	-0.2375			1.0152	0.2775	0.8501	0.0346	0.9401	0.4512
18.28	0.4117	-0.2743			1.0115	0.2395	0.9639	0.0469	0.8259	0.423
18.32	0.3565	-0.2456			1.1253	0.2594	0.9265	0.1572	0.684	0.4034
18.36	0.3472	-0.2166			1.1418	0.1969	0.8826	0.046	0.7146	0.4354
18.4	0.2772	-0.1827			1.1469	0.2793	0.9275	0.0778	0.8812	0.4395
18.44	0.2752	-0.1527			1.1811	0.2935	0.8421	0.0857	0.9014	0.4264
18.48	0.2189	-0.1543			1.1539	0.372	0.8561	-0.0384	0.8733	0.3978
18.52	0.2408	-0.1905			1.1651	0.3657	0.8384	-0.0702	0.7864	0.3228
18.56	0.2696	-0.1805			1.0358	0.2851	0.9028	-0.1177	1.0111	0.358
18.6	0.2933	-0.2126			1	0.1682	0.9218	-0.1414	1.1519	0.432
18.64	0.2551	-0.2531			1.0223	0.1414	0.8238	-0.0504	1.1223	0.4388
18.68	0.2746	-0.2378			1.045	0.1244	0.8768	-0.0333	1.0398	0.3084
18.72	0.3578	-0.2192			0.9961	0.0951	0.8227	-0.0333	1.0441	0.2569
18.76	0.3152	-0.2057			0.8992	0.1377	0.905	-0.024	1.0634	0.2055
18.8	0.3021	-0.1976			0.9183	0.1591	0.7554	-0.0513	0.9126	0.2922
18.84	0.194	-0.2157			0.9539	0.1518	0.7976	-0.0339	0.6585	0.155
18.88	0.2252	-0.1189			0.8388	0.1923	0.845	-0.0992	0.4309	0.0103
18.92	0.2208	-0.0414	0.6223	-0.1158	0.9054	0.1093	0.8604	-0.0868	0.381	0.0461
18.96	0.1504	-0.0674	0.4731	-0.0441	0.8999	0.2339	0.9196	-0.0619	0.1935	-0.1713
19	0.3646	-0.0785	1.5147	0.1853	0.9351	0.2199	0.8763	-0.0388	0.2138	-0.0964
19.04	0.3082	-0.0684	0.7944	0.0447	1.0636	0.2476	0.8425	0.0098	0.3393	-0.1162
19.08	0.3301	-0.0461	1.241	-0.4507	0.986	0.2226	0.891	-0.0131	0.238	-0.1473
19.12	0.2892	-0.1251	1.4499	-0.3452	1.0349	0.1953	0.92	-0.0423	0.1765	-0.3869
19.16	0.1684	-0.205	1.2941	-0.4582	1.0239	0.1746	0.8154	-0.0925	-0.1351	-0.4988
19.2	0.1093	-0.226	0.2606	-0.5496	0.9369	0.1238	0.7767	-0.0571	-0.1729	-0.3856
19.24	0.0584	-0.2334	0.8331	-0.3761	0.9187	0.1134	0.7893	-0.0815	-0.1058	-0.4417
19.28	0.09	-0.2784	1.3554	-0.4386	0.8912	0.0619	0.8173	-0.0109	-0.1744	-0.5196
19.32	0.0714	-0.2612	1.2681	-0.4731	0.896	0.0656	0.795	-0.0575	-0.2202	-0.5149
19.36	0.0118	-0.2325	0.7181	-0.3291	0.9002	-0.0003	0.8366	-0.0346	-0.1821	-0.4399
19.4	-0.045	-0.2257	0.7552	-0.2975	0.9142	0.0886	0.8177	0.0132	-0.007	-0.4873
19.44	0.0608	-0.2912	0.5724	-0.1321	0.9243	0.1008	0.8266	0.0132	0.0062	-0.4977
19.48	0.1412	-0.3339	0.9314	-0.035	0.9664	0.0892	0.8241	-0.002	0.0403	-0.5447
19.52	0.0842	-0.3073	0.9965	-0.337	1.0443	0.1255	0.86	-0.0557	-0.0983	-0.507
19.56	0.0777	-0.2125	0.8162	-0.2689	1.0297	0.0644	0.8773	-0.1279	-0.0652	-0.4893
19.6	-0.0041	-0.2477			1.0748	-0.0073	0.8422	-0.0665	0.2073	-0.5393
19.64	0.0791	-0.2433			1.0476	0.0842	0.8399	-0.0759	0.2032	-0.4573
19.68	0.0483	-0.2406			1.1069	0.1828	0.8508	0.0233	0.3953	-0.3646
19.72	-0.0082	-0.1189			0.9828	0.0403	0.8621	-0.0133	0.2797	-0.1028
19.76	-0.0357	-0.1777	0.6352	0.1242	0.9521	0.187	0.8571	0.0073	0.5184	-0.1666
19.8	-0.037	-0.2114	0.4828	0.4803	1.1326	0.228	0.8673	0.0384	0.5792	-0.2592
19.84	-0.1101	-0.2475	0.5518	0.3993	1.0016	0.0984	0.8798	-0.0366	0.5835	-0.4131
19.88	-0.1733	-0.2633	0.7246	0.3007	1.1332	0.1427	0.8733	-0.0441	0.6607	-0.2633
19.92	-0.1676	-0.2626	0.4007	0.2154	1.0936	0.2178	0.8834	-0.0848	0.6613	-0.3655
19.96	-0.2307	-0.2585	0.4979	0.2567	1.1311	0.1993	0.9014	-0.0877	0.6787	-0.3497
20	-0.1999	-0.2511			1.041	0.1779	0.9108	-0.1026	0.7853	-0.4835
20.04	-0.1518	-0.2316	0.2583	0.0947	1.0729	0.123	0.9445	-0.1031	0.8065	-0.4839
20.08	-0.0653	-0.2347	0.342	0.09	1.0051	0.129	0.897	-0.0667	0.7795	-0.4384
20.12	-0.1403	-0.2097	1.0191	0.0597	1.0284	0.2646	0.8004	-0.0264	0.8634	-0.3693
20.16	-0.1858	-0.2207	0.6268	-0.0493	1.111	0.259	0.8282	-0.0219	0.4011	-0.386
20.2	-0.1888	-0.2083	0.2108	-0.5893	1.0392	0.1679	0.776	-0.0024	0.4659	-0.3542
20.24	-0.2057	-0.1532	0.6746	-0.2966	0.9602	0.1094	0.8349	0.0155	0.6381	-0.3204
20.28	-0.273	-0.1752	1.0275	-0.1675	0.9944	0.212	0.8604	-0.004	0.5776	-0.246
20.32	-0.2504	-0.0623	1.0056	-0.3276	1.0361	0.1305	0.7342	0.046	0.9624	-0.3443
20.36	-0.2793	-0.0769	0.8363	-0.1055	1.0126	0.0944	0.7644	0.0778	0.6585	-0.1152
20.4	-0.2888	-0.1641			0.9636	0.1401	0.7463	0.0838	0.3348	-0.2685
20.44	-0.2506	-0.1908	0.5784	0.0507	0.9064	0.1545	0.8331	0.1018	0.3761	-0.1679
20.48	-0.2757	-0.2642	0.1888	-0.035	0.9323	0.1502	0.7811	0.0913	0.6327	-0.3188
20.52	-0.2123	-0.215	0.4568	0.093	0.9125	0.2056	0.8044	0.0288	0.7495	-0.3526
20.56	-0.1923	-0.3273	0.911	-0.212	0.8881	0.2407	0.7335	0.0439	0.8536	-0.3567
20.6	-0.224	-0.2833	0.8557	-0.2476	0.8158	0.239	0.7509	-0.0086	0.8238	-0.2881
20.64	-0.207	-0.3115	1.1359	-0.1216	0.7717	0.3138	0.7457	-0.0694	0.7585	-0.1918
20.68	-0.1181	-0.3192	0.4113	-0.2515	1.0002	0.2797	0.7296	-0.0458	0.544	-0.09
20.72	-0.149	-0.2601	0.3869	-0.004	0.9531	0.2425	0.7745	-0.0283	0.4589	0.1674
20.76	-0.1101	-0.2433	0.9074	0.063	1.1079	0.2062	0.807	0.0001	0.2985	0.1961
20.8	-0.1342	-0.2132	0.6758	-0.2969	1.136	0.1872	0.7936	0.0557	0.25	0.1893
20.84	-0.0662	-0.1886	0.3558	-0.4106	1.0514	0.1785	0.8597	0.0245	0.3	0.3379
20.88	-0.0544	-0.1789	0.7447	-0.1697	1.1743	0.1404	0.8457	0.0028	0.3027	0.3835
20.92	-0.043	-0.1649	0.4436	-0.072	1.0264	0.1897	0.7822	-0.0467	0.2037	0.4169
20.96	0.0012	-0.1351	0.6765	-0.0595	1.0463	0.2317	0.7896	-0.0211	0.1924	0.4199
21	-0.0292	-0.141	0.4007	-0.0177	1.1454	0.2143	0.7494	0.0046	0.1128	0.5339
21.04	-0.0231	-0.1647	0.261	0.0181	1.1102	0.2601	0.8331	0.0333	-0.0408	0.5187
21.08	-0.0059	-0.1632	0.2639	0.0003	1.1095	0.1726	0.8269	0.0432	0.0531	0.4781
21.12	0.0148	-0.1895	0.4266	0.043	1.0405	0.1868	0.7885	0.0227	0.1077	0.4598
21.16	0.068	-0.1893	0.4952	-0.1469	1.0047	0.2056	0.7896	0.0153	0.2524	0.5127
21.2	0.0662	-0.1877	0.4115	0.0052	1.0757	0.2946	0.8416	0.0322	0.136	0.5213
21.24	0.09	-0.1718	0.6049	0.0526	1.0943	0.2426	0.8384	-0.0167	0.1391	0.5794
21.28	0.0952	-0.1694	0.8123	-0.0724	1.0232	0.2448	0.8392	0.0318	0.4643	0.5748
21.32	0.012	-0.1923	0.1437	-0.0782	0.9776	0.2109	0.745	0.1027	0.409	0.5587
21.36	0.0386	-0.205	0.6223	-0.0658	0.8884	0.1726	0.7667	0.0929	0.4934	0.5532
21.4	0.0872	-0.2241	0.694	-0.0472	0.9157	0.2373	0.768	-0.0142	0.5155	0.5145
21.44	0.1606	-0.2471	0.5235	-0.0203	0.9379	0.3467	0.7585	-0.0115	0.4787	0.5048
21.48	0.1511	-0.231	0.4925	-0.2597	0.9962	0.2876	0.7258	0.0111	0.4796	0.5246
21.52	0.1093	-0.215	0.4557	-0.2518	0.9886	0.204	0.7986	-0.0046	0.5243	0.5066
21.56	0.1555	-0.1793	0.2032	-0.0571	0.9047	0.0715	0.7713	-0.052	0.3019	0.4354
21.6	0.1797	-0.2035	0.2372	0.0252	0.8898	0.1629	0.7584	-0.0322	0.3795	0.4767
21.64	0.1299	-0.1864	0.3853	-0.0487	1.0528	0.218	0.6223	0.0124	0.4322	0.4815
21.68	0.138	-0.1789	0.2667	0.0108	1.0311	0.1385	0.6717	0.1432	0.5076	0.483
21.72	0.1118	-0.1711	0.3585	0.0241	1.0433	0.1467	0.6819	0.0817	0.3526	0.5048
21.76	0.1653	-0.1893	0.3578	0.0861	1.0598	0.2908	0.7178	0.0001	0.4135	0.4241
21.8	0.1454	-0.1512	0.6108	0.0829	0.9502	0.3434	0.6887	-0.027	0.4345	0.4257
21.84	0.1277	-0.1386	0.5483	-0.022	1.0494	0.2131	0.6661	-0.0136	0.375	0.4747
21.88	0.0854	-0.1154	0.5443	-0.2388	1.0111	0.2149	0.6825	-0.0164	0.4657	0.3465
21.92	0.0794	-0.0639	0.4738	0.0199	1.0508	0.2102	0.7048	-0.007	0.5213	0.2813
21.96	0.1682	-0.0555	0.4368	0.1588	0.8291	0.3237	0.7318	-0.0182	0.3066	0.3774
22	0.143	-0.0737	0.3876	0.1587	0.8555	0.3964	0.79	-0.0346	0.3014	0.4147
22.04	0.1445	-0.102	0.3932	0.2245	0.9519	0.4627	0.7944	0.0564	0.3806	0.3183
22.08	0.1983	-0.1146	0.557	0.3014	1.0791	0.3341	0.7924	0.1006	0.43	0.3463
22.12	0.2058	-0.1534	0.7038	0.0707	0.9003	0.268	0.7853	0.071	0.6503	0.2759
22.16	0.1456	-0.1831	0.6728	0.0659	1.0514	0.3589	0.8363	0.0876	0.5138	0.3152
22.2	0.1128	-0.165	0.5934	-0.0019	1.0369	0.3813	0.8665	0.0881	0.624	0.3912
22.24	0.1209	-0.1547	0.5235	-0.2436	1.0518	0.2885	0.8436	0.1098	0.6244	0.3914
22.28	-0.0157	-0.082	0.6435	-0.239	1.0326	0.2399	0.8324	0.0328	0.6176	0.3321
22.32	0.05	-0.2272	0.625	-0.0869	1.0954	0.3192	0.771	-0.003	0.5651	0.3576
22.36	0.0727	-0.2684	0.4568	0.1465	1.0556	0.3237	0.7501	-0.02	0.5417	0.2813
22.4	0.0964	-0.2651	0.6216	0.0544	0.9629	0.2542	0.754	0.023	0.3359	-0.0285
22.44	0.1438	-0.2951	0.6636	0.0973	0.9776	0.1921	0.7422	0.0639	0.2425	-0.2117
22.48	0.1844	-0.2709	0.7969	-0.2946	0.7193	0.4278	0.7896	0.0604	0.1181	-0.227
22.52	0.1389	-0.2854	0.6625	-0.3273	1.0497	0.1996	0.809	0.0219	0.2804	-0.2011
22.56	0.158	-0.2931	0.5411	-0.1476	0.9549	0.1668	0.8156	-0.0386	0.2487	-0.1664
22.6	0.0998	-0.1499	0.4835	0.0597	1.0065	0.1788	0.8154	-0.0553	0.3057	-0.259
22.64	0.1274	0	0.6273	-0.0979	0.7667	0.2939	0.8281	-0.0631	0.1512	-0.3034
22.68	0.0907	0.0086	0.5187	-0.0703	0.8532	0.5008	0.8425	-0.1075	0.1888	-0.3433
22.72	0.1071	-0.0434	0.6467	-0.1657	0.8723	0.3856	0.8596	-0.1141	0.1793	-0.3731
22.76	0.1412	-0.1112	0.641	-0.2535	1.0399	0.4905	0.8729	-0.0439	0.1563	-0.4099
22.8	0.0553	-0.1503	0.7103	-0.0549	0.989	0.2046	0.8338	-0.0299	0.1614	-0.5036
22.84	0.0957	-0.1929	0.6345	0.0724	0.911	0.1606	0.7907	-0.0507	0.0784	-0.5307
22.88	0.2052	-0.1789	0.7135	0.0195	0.7512	0.3107	0.8579	-0.0957	0.2032	-0.4907
22.92	0.1956	-0.186	0.5763	-0.0074	0.8177	0.1976	0.7694	-0.1129	0.3546	-0.5521
22.96	0.1972	-0.165	0.5533	0.0724	0.9225	0.222	0.7753	-0.1137	0.2985	-0.5827
23	0.1557	-0.2094	0.6327	-0.0864	0.7695	0.1176	0.7675	-0.0296	0.24	-0.5719
23.04	0.1203	-0.2125	0.6488	-0.09	0.9059	0.2282	0.7623	-0.0632	0.3594	-0.5036
23.08	0.1233	-0.2072	0.7095	-0.2319	0.9315	0.0829	0.7828	-0.0697	0.4918	-0.6093
23.12	0.0984	-0.2145	0.6051	-0.1031	0.7504	-0.0233	0.8167	-0.0474	0.3652	-0.5906
23.16	0.0441	-0.1979	0.4322	-0.2052	1.0795	0.189	0.8655	-0.0438	0.4126	-0.4783
23.2	0.0476	-0.1831	0.5641	-0.0586	1.0917	0.2222	0.8396	-0.02	0.5322	-0.4623
23.24	0.035	-0.1528	0.5156	-0.0546	1.1713	0.1884	0.7979	-0.019	0.6128	-0.4117
23.28	-0.0212	-0.14	0.4997	-0.1704	1.1353	0.1544	0.8143	-0.0211	0.609	-0.3671
23.32	-0.0546	-0.1297	0.6222	-0.1351	1.1562	0.2949	0.8422	-0.069	0.4002	-0.4487
23.36	-0.0465	-0.1422	0.3957	0.0982	1.2417	0.2707	0.7785	-0.0768	0.2716	-0.3697
23.4	-0.0736	-0.128	0.4471	-0.0243	1.2217	0.4031	0.8284	-0.0226	0.5155	-0.5873
23.44	-0.0908	-0.1266	0.2216	-0.0908	1.199	0.3393	0.8234	-0.024	0.4688	-0.4327
23.48	-0.2055	-0.1544	0.282	-0.0877	1.3059	0.4884	0.8044	0.0049	0.4997	-0.3802
23.52	-0.1867	-0.2318	0.2478	0.0445	1.2247	0.3262	0.7098	0.0595	0.6	-0.4228
23.56	-0.0439	-0.2921	0.3397	0.1982	1.1248	0.2831	0.717	0.1089	0.7337	-0.6186
23.6	-0.0706	-0.2437	0.2456	0.1693	1.1418	0.2441	0.7706	0.0914	0.7829	-0.5701
23.64	-0.1174	-0.2108	0.419	0.164	1.1675	0.2617	0.7519	0.0657	0.884	-0.5705
23.68	-0.116	-0.2148	0.4158	0.008	1.2546	0.2417	0.8126	0.0518	0.7118	-0.7013
23.72	-0.0399	-0.1827	0.5437	0.03	1.1638	0.3176	0.8133	0.0357	0.8519	-0.6474
23.76	-0.0241	-0.1525	0.5195	-0.2255	1.1306	0.2838	0.8334	-0.0052	0.939	-0.6557
23.8	0.0617	-0.1609	0.4379	-0.0331	1.0369	0.2565	0.8396	-0.0159	0.8422	-0.7339
23.84	0.0152	-0.1606	0.472	-0.0051	1.2125	0.2158	0.8564	-0.0209	0.8665	-0.6917
23.88	0.0066	-0.126	0.5263	-0.1199	1.2567	0.2426	0.8115	-0.1037	0.8938	-0.6887
23.92	0.0582	-0.0692	0.6536	-0.0037	1.2135	0.2373	0.7906	-0.1046	0.8054	-0.6819
23.96	0.0243	-0.002	0.3813	-0.1746	1.2646	0.2517	0.8181	-0.1261	0.791	-0.6668
24	0.0105	0.043	0.3632	-0.1134	1.2697	0.1996	0.7652	-0.1312	0.9132	-0.7164
24.04	-0.0212	0.0403	0.4796	-0.1756	1.3177	0.1465	0.8167	-0.0649	0.8736	-0.711
24.08	0.0293	0.0815	0.3907	-0.1014	1.27	0.0432	0.8442	-0.0931	0.8496	-0.7071
24.12	0.1803	0.2009	0.4158	-0.0939	1.1736	0.0939	0.8058	-0.1052	0.8924	-0.7063
24.16	0.233	0.2657	0.333	0.0307	1.1511	0.0504	0.795	-0.1307	0.8896	-0.697
24.2	0.1115	0.1837	0.5476	0.1262	1.1384	0.0299	0.8188	-0.1108	0.7875	-0.3492
24.24	-0.0236	0.1746	0.7585	0.1243	1.0853	0.093	0.8701	-0.1196		
24.28	-0.0722	0.1657	0.6122	0.1676	1.0417	0.1464	0.8837	-0.041	0.6132	0.0529
24.32	0.0461	0.1688	0.6302	0.0035	0.9958	0.1361	0.8349	0.0063	1.012	-0.1949
24.36	-0.0846	0.233	0.6772	0.056	1.0856	0.1383	0.8589	-0.0346	0.9118	-0.2818
24.4	0.1863	0.2576	0.6858	0.1406	1.0762	0.1318	0.8683	-0.1162	0.8561	-0.2064
24.44	0.0996	0.2239	0.7254	-0.1495	1.0621	0.1316	0.8788	-0.0489	0.7687	-0.0296
24.48	0.1336	0.1032	0.5989	-0.0652	1.0082	0.0727	0.8341	-0.0335	0.6044	0.0961
24.52	0.2056	0.054	0.525	-0.0727	1.0131	0.041	0.8938	-0.0493	0.3666	0.2709
24.56	0.1254	0.0776	0.5379	-0.0838	1.0626	0.0898	0.9089	-0.0559	0.2775	0.3244
24.6	0.0504	0.1719	0.6389	-0.0052	0.9114	0.097	0.8935	-0.0835	-0.0423	0.5095
24.64	0.3468	0.0251	0.72	-0.0362	0.9437	0.101	0.8457	-0.034	0.0737	0.6383
24.68	0.1996	0.0502	0.8823	-0.0763	0.9539	0.091	0.8373	-0.0278	0.2784	0.707
24.72	0.1675	0.0458	0.4108	0.0201	1.083	0.0957	0.8596	-0.0714	0.0988	0.6187
24.76	0.1906	0.0118	0.4122	-0.0126	1.2335	0.0573	0.8492	-0.0656	0.0509	0.6254
24.8	0.2314	0.0308	0.4666	-0.1396	1.0706	0.0313	0.7996	-0.0138	-0.0454	0.745
24.84	0.2003	0.1298	0.4611	0.0153	1.0758	-0.0024	0.7958	-0.0293	0.0463	0.6906
24.88	0.1279	0.1164	0.5759	-0.0566	0.9315	0.0684	0.79	-0.0579	0.1659	0.6985
24.92	0.1551	0.119	0.5543	-0.0969	0.8068	0.1106	0.8271	-0.0226	0.2437	0.6883
24.96	0.1433	0.0419	0.6618	-0.0782	0.8417	0.0601	0.8694	-0.0979	0.1683	0.5821
25	0.19	0.0197	0.5891	0.0023	0.9341	0.1263	0.8697	-0.1055	0.2599	0.6388
25.04	0.1967	-0.0087	0.5782	0.0731	0.9599	0.1094	0.8741	-0.0913	0.33	0.6166
25.08	0.2829	0.0335	0.6399	0.0425	1.0053	0.0791	0.912	-0.1141	0.326	0.6344
25.12	0.2633	-0.0373	0.5417	-0.0082	0.9735	0.1141	0.8751	-0.1277	0.3576	0.5957
25.16	0.3632	0.0839	0.3465	0.0434	1.0595	0.0623	0.8144	-0.08	0.4296	0.5856
25.2	0.4596	0.0874	0.393	0.1406	0.9641	0.1164	0.831	0.0441	0.4368	0.5552
25.24	0.3695	0.1171	0.6362	-0.0414	0.9922	0.0806	0.8307	0.0328	0.4514	0.6089
25.28	0.3819	0.1312	0.7257	-0.0693	0.9962	0.0777	0.841	-0.0141	0.4185	0.6154
25.32	0.3289	0.3445	0.492	-0.1134	1.003	0.0414	0.8492	-0.0223	0.6111	0.6944
25.36	0.4972	0.2556	0.517	-0.0527	0.9654	0.0984	0.8418	-0.0467	0.6421	0.7181
25.4	0.3948	0.1801	0.3698	-0.081	0.9334	0.0351	0.8492	-0.0685	1.0252	0.6909
25.44	0.0694	0.2052	0.4487	0.1313	1.0241	-0.0043	0.8209	-0.0258	0.6491	0.6868
25.48	0.0557	0.1841	0.3463	0.1745	0.9707	0.12	0.9132	0.0043	0.5198	0.6424
25.52	0.2084	0.09	0.337	0.1499	0.9671	0.1191	0.9089	-0.0005	0.5504	0.646
25.56	0.2404	0.0019	0.4463	0.2046	1.0124	0.0287	0.9154	-0.054	0.7184	0.5194
25.6	0.1729	-0.0337	0.3287	0.1888	0.9954	0.0467	0.868	-0.0272	0.9764	0.5357
25.64	0.2432	0.0335	0.2072	0.1307	0.984	0.0557	0.8892	-0.0179	0.854	0.5825
25.68	0.1631	0.0237	0.2822	0.0878	0.9794	-0.0104	0.9186	-0.0964	1.0202	0.5205
25.72	0.2878	0.0737	0.2166	0.0553	0.9441	0.0219	0.9229	-0.1233	0.77	0.5692
25.76	0.2874	0.1123	0.3447	0.1137	0.9373	0.0405	0.9168	-0.1114	0.7699	0.5242
25.8	0.214	-0.0065	0.3885	0.1304	0.8802	0.0081	0.9235	-0.097	0.905	0.4119
25.84	0.1799	0.0041	0.301	0.0737	0.9423	0.0081	0.915	-0.0586	0.7207	0.3987
25.88	0.1458	0.0098	0.2384	-0.0186	0.8822	0.0118	0.9484	-0.0706	0.6822	0.331
25.92	0.2202	0.071	0.365	0.0087	0.9779	0.0856	0.9193	-0.0593	0.6668	0.2714
25.96	0.2029	0.067	0.6557	0.0305	0.9998	-0.0109	0.939	-0.0017	0.6919	0.1709
26	0.1518	0.1013	0.4684	-0.0546	0.9718	-0.1251	0.8683	0.028	0.6676	0.1483
26.04	0.0974	0.1105	0.3454	-0.1834	0.9154	-0.1301	0.8687	0.025	0.6021	0.0333
26.08	0.0679	0.0966	0.2617	-0.15	0.9765	-0.0746	0.8604	0.0163	0.4079	-0.2838
26.12	0.0604	0.1173	0.3695	-0.2351	0.9567	-0.1213	0.8853	-0.0156	0.3113	-0.2698
26.16	0.0684	0.1238	0.3034	-0.193	0.9769	-0.0746	0.8877	-0.0957	0.3312	-0.2969
26.2	0.0428	0.1081	0.164	-0.1171	0.8927	0.0326	0.8421	-0.143	0.2813	-0.5371
26.24	0.0315	0.0819	0.217	-0.0776	0.8457	-0.0015	0.8784	-0.1582	0.1503	-0.4762
26.28	0.02	0.0619	0.163	-0.0467	0.8183	0.0434	0.8346	-0.1368	0.1181	-0.4596
26.32	0.0414	0.0593	0.0812	-0.1036	0.7364	0.0693	0.8143	-0.0754	0.0697	-0.4612
26.36	0.0405	0.0575	0.1603	-0.1427	0.734	0.1093	0.9107	-0.0546	0.123	-0.4859
26.4	0.0747	0.0969	0.0967	-0.0829	0.8055	0.0864	0.8651	-0.0485	0.2021	-0.5774
26.44	0.1401	0.071	0.0166	-0.0315	0.8205	0.0756	0.9049	-0.0384	0.1111	-0.5544
26.48	0.2892	0.1124	0.2775	-0.0414	0.8532	0.1523	0.9028	-0.0936	0.1107	-0.5802
26.52	0.4183	0.1604	0.3143	-0.0816	0.8536	0.0951	0.8499	-0.0961	0.1421	-0.5519
26.56	0.3097	0.1903	0.4512	-0.0623	0.8671	0.0575	0.7839	-0.0474	0.207	-0.5182
26.6	0.2813	0.237	0.4225	-0.0423	0.8316	0.1676	0.8034	-0.0685	0.0577	-0.5816
26.64	0.2989	0.239	0.3404	-0.1482	0.8697	0.0847	0.7914	-0.0694	0.2913	-0.6047
26.68	0.2664	0.1152	0.5899	-0.0182	0.8434	0.0063	0.8342	-0.0496	0.3273	-0.5171
26.72	0.0771	0.1058	0.5447	0.0292	0.8679	0.0379	0.8276	-0.0456	0.4436	-0.4593
26.76	0.0786	0.1013	0.4402	0.0077	0.947	0.0586	0.8482	-0.0395	0.6316	-0.3899
26.8	0.1412	0.1111	0.4144	0.0997	0.9034	0.0688	0.8185	-0.0287	0.5651	-0.558
26.84	0.2364	0.1233	0.5076	0.0593	0.849	0.1141	0.8022	-0.0403	0.509	-0.507
26.88	0.2064	0.1229	0.5539	-0.0046	0.7656	0.0584	0.864	-0.0276	0.502	-0.4745
26.92	0.237	0.0891	0.344	0.1317	0.804	0.1713	0.8137	-0.0306	0.6024	-0.582
26.96	0.2239	0.0984	0.5124	-0.1099	0.8209	0.133	0.8536	-0.0293	0.6618	-0.6305
27	0.1421	0.0992	0.4614	-0.0901	0.8637	0.0838	0.8011	-0.0078	0.7139	-0.6085
27.04	0.123	0.1062	0.3792	0.0027	0.8015	0.091	0.7996	0.0599	0.724	-0.5788
27.08	0.1651	0.0706	0.6358	0.045	0.8434	0.0776	0.7692	0.0397	0.7577	-0.4916
27.12	0.1974	0.0167	0.5372	0.0342	0.817	0.024	0.7832	0.0401	0.6492	-0.4571
27.16	0.3722	0.0522	0.614	0.054	0.6919	0.078	0.8722	-0.0653	0.6856	-0.4988
27.2	0.3504	0.1981	0.5842	0.1353	0.8145	0.0631	0.8199	-0.032	0.8177	-0.5252
27.24	0.3953	-0.0161	0.532	-0.1162	0.8019	0.0219	0.845	-0.0401	0.8475	-0.5674
27.28	0.1983	-0.1106	0.4101	-0.1115	0.735	0.0162	0.8237	-0.0287	0.8938	-0.5809
27.32	0.1129	-0.0654	0.3998	-0.0782	0.8306	0.0844	0.8616	-0.0443	0.8738	-0.6603
27.36	0.1451	-0.0725	0.5224	-0.0936	0.7663	0.0621	0.8766	-0.0205	0.8499	-0.6827
27.4	0.1255	-0.1137	0.3174	-0.0425	0.7821	0.0767	0.8303	-0.071	0.9402	-0.6879
27.44	0.185	-0.0961	0.3727	-0.081	0.8421	0.125	0.8536	-0.0513	0.9447	-0.7504
27.48	0.1859	-0.0755	0.3348	-0.1442	0.8113	0.083	0.7937	-0.0346		
27.52	0.0125	-0.1297	0.3474	-0.1061	0.8302	0.0733	0.8123	-0.032	1.0097	-0.7904
27.56	0.0604	-0.0913	0.4591	-0.0842	0.8592	0.1562	0.7777	-0.0384	1.1059	-0.6294
27.6	-0.0277	-0.0151	0.5554	-0.0125	0.9097	0.1666	0.8122	0.0013	1.0563	-0.5303
27.64	0.0274	-0.0533	0.5152	0.0318	0.824	0.1263	0.8269	0.0041	0.99	-0.4643
27.68	0.0306	-0.0317	0.5167	-0.0149	0.8458	0.1959	0.8366	0.0065	0.9437	-0.4375
27.72	0.0419	-0.0483	0.5906	-0.0438	0.9445	0.2538	0.837	-0.0434	0.9196	-0.4805
27.76	0.0531	-0.0406	0.5878	-0.0908	0.7534	0.1177	0.8561	-0.0878	0.8795	-0.5357
27.8	0.0623	-0.0535	0.5512	-0.0447	0.841	0.1764	0.8295	-0.0693	0.9768	-0.4598
27.84	-0.0273	-0.114	0.4708	0.0529	0.9272	0.2002	0.7788	-0.0548	0.9563	-0.4212
27.88	0.0318	-0.1515	0.5285	-0.0518	0.8438	0.0133	0.7439	-0.0005	0.9897	-0.3614
27.92	-0.0505	-0.1288	0.4259	-0.0141	0.7876	0.0637	0.7756	-0.0746	0.9056	-0.4334
27.96	-0.0397	-0.0926	0.6266	-0.0601	0.8253	0.0939	0.7809	-0.0566	0.9011	-0.386
28	-0.0254	-0.1145	0.5863	-0.1914	0.8424	0.1305	0.7595	-0.0274	0.8041	-0.261
28.04	-0.0384	-0.1559	0.4368	0.0725	0.9059	0.0502	0.776	0.0184	0.7749	-0.1799
28.08	-0.061	-0.1386	0.3422	-0.0086	0.85	0.0454	0.7052	0.0286	0.6947	-0.0258
28.12	-0.097	-0.097	0.27	-0.0377	0.8079	0.0754	0.757	0.061	0.7247	-0.0568
28.16	-0.1288	-0.0445	0.46	0.0588	0.7789	0.078	0.7452	0.0193	0.5562	0.0186
28.2	-0.0654	-0.0227	0.5351	0.0654	0.7825	0.0401	0.7372	-0.041	0.6305	-0.0148
28.24	-0.1391	-0.0164	0.5037	-0.1268	0.8337	0.0295	0.8137	-0.0615	0.5115	0.0657
28.28	-0.0498	0.019	0.4938	-0.0386	0.7723	0.0005	0.7892	-0.0992	0.4268	0.1446
28.32	-0.1457	0.0258	0.3932	-0.0219	0.7785	0.0454	0.7917	-0.1411	0.236	0.2451
28.36	-0.1771	0.002	0.4386	-0.0078	0.7519	0.0055	0.7896	-0.1953	0.2185	0.2371
28.4	-0.1787	0.0375	0.4043	-0.001	0.702	-0.0124	0.8015	-0.1523	0.2471	0.266
28.44	-0.217	0.0381	0.4063	-0.0126	0.8364	-0.0049	0.8161	-0.2127	0.1388	0.3283
28.48	-0.2019	0.0115	0.4674	-0.0723	0.8913	-0.0441	0.8227	-0.133	0.1269	0.3878
28.52	-0.1992	-0.0432	0.3486	-0.019	0.8809	-0.0851	0.7307	-0.1045	0.0419	0.3914
28.56	-0.1789	-0.0634	0.4853	-0.0887	0.895	-0.0794	0.8019	-0.1342	0.0348	0.2691
28.6	-0.2402	-0.0621	0.5519	-0.1383	0.896	-0.0379	0.8877	-0.1005	-0.0535	0.2707
28.64	-0.232	-0.0511	0.508	-0.094	0.8309	0.0052	0.7567	-0.1028	-0.1014	0.3233
28.68	-0.1988	-0.059	0.4553	-0.0377	0.7768	0.0974	0.8041	-0.1026	0.0689	0.4623
28.72	-0.1727	-0.0324	0.3939	0.1159	0.7786	0.0825	0.776	-0.0729	0.0737	0.5799
28.76	-0.1721	-0.0048	0.3136	0.1146	0.7775	0.0302	0.7989	-0.0425	0.0275	0.5932
28.8	-0.1403	-0.0108	0.3612	0.2362	0.7835	0.0566	0.7924	-0.022	0.0098	0.5385
28.84	-0.1897	-0.0362	0.3319	0.2547	0.8177	-0.0227	0.799	-0.0621	0.0465	0.6151
28.88	-0.1416	-0.0471	0.3418	0.2293	0.7894	0.0037	0.8097	0.0085	0.1932	0.6389
28.92	-0.1547	-0.0147	0.354	0.1494	0.8082	0.0094	0.8537	0.0054	0.2806	0.587
28.96	-0.2129	-0.0357	0.3023	0.1068	0.8144	0.0299	0.8568	-0.0118	0.4199	0.5828
29	-0.2041	-0.0046	0.3668	0.064	0.8873	-0.0674	0.8126	-0.0419	0.3971	0.6021
29.04	-0.2231	-0.0023	0.3625	0.1765	0.7159	0.0052	0.8321	-0.0179	0.3077	0.5357
29.08	-0.2768	-0.0252	0.3923	0.1213	0.7217	0.0874	0.8902	-0.0293	0.3935	0.5072
29.12	-0.3249	-0.0119	0.5667	-0.0573	0.7375	0.0258	0.8572	-0.0226	0.4952	0.469
29.16	-0.2322	-0.0219	0.4582	-0.1105	0.8284	0.0237	0.8418	-0.079	0.5483	0.402
29.2	-0.1968	-0.0364	0.3012	-0.0812	0.8476	0.0474	0.8475	-0.0877	0.568	0.3257
29.24	-0.2032	-0.0399	0.3616	-0.0013	0.8574	0.1002	0.807	-0.0815	0.4941	0.3289
29.28	-0.1873	0.026	0.3964	-0.0454	0.882	0.1066	0.7534	-0.0623	0.451	0.3064
29.32	-0.1842	-0.0189	0.47	0.0454	0.9355	0.0637	0.794	-0.1093	0.414	0.2842
29.36	-0.1923	-0.037	0.5392	0.0515	0.9111	0.101	0.83	-0.1281	0.3885	0.3034
29.4	-0.2391	-0.0166	0.5217	0.0028	0.8944	0.0877	0.7767	-0.1255	0.3447	0.2597
29.44	-0.2415	-0.0109	0.5756	-0.0251	0.7964	0.0854	0.7892	-0.1215	0.3944	0.2041
29.48	-0.1992	0.0076	0.6966	-0.0179	0.9041	0.1467	0.7694	-0.12	0.2928	0.1547
29.52	-0.1976	0.0133	0.5497	0.0701	0.986	0.0289	0.7732	-0.069	0.2615	0.1009
29.56	-0.2727	0.0331	0.3865	0.1413	0.8601	0.0803	0.7781	-0.1005	0.2108	0.0296
29.6	-0.3122	-0.0006	0.6951	-0.0562	0.7749	0.0652	0.7932	-0.1261	0.1532	0.0212
29.64	-0.3316	0.0631	0.6644	-0.1588	0.7803	0.107	0.7893	-0.1215	0.1826	-0.0706
29.68	-0.2064	0.109	0.5124	-0.0559	0.7096	0.1296	0.7533	-0.1279	0.2037	-0.143
29.72	-0.263	0.0974	0.4903	-0.0715	0.734	0.1045	0.771	-0.1055	0.0645	-0.2255
29.76	-0.2054	0.0516	0.4108	-0.1389	0.8452	0.1371	0.7565	-0.0786	0.1172	-0.3589
29.8	-0.2313	0.0447	0.405	-0.0251	0.8942	0.1307	0.7707	-0.0815	0.1372	-0.4056
29.84	-0.2475	0.0175	0.3325	-0.032	0.9442	0.0423	0.7547	-0.0724	-0.0306	-0.3504
29.88	-0.2563	-0.0248	0.254	-0.0465	0.766	0.115	0.7404	-0.0693	0.0377	-0.3407
29.92	-0.3041	-0.0509	0.4458	-0.0188	0.7171	0.1502	0.7825	-0.0891	0.2515	-0.3341
29.96	-0.3169	-0.0715	0.3628	-0.0821	0.7448	0.1239	0.7906	-0.1255	0.3125	-0.4271
30	-0.3668	-0.0579	0.4417	0.0132	0.7516	0.078	0.7725	-0.1164	0.3185	-0.4203
