0.0
1400.0
2800.0
4200.0
5600.0
7000.0
8400.0
9800.000000000002
11200.000000000002
12600.000000000002
14000.000000000004
15400.000000000004
16800.000000000004
18200.000000000004
19600.000000000007
21000.000000000007
22400.000000000007
23800.000000000007
25200.000000000007
26600.000000000007
28000.000000000007
29400.000000000004
30800.000000000004
32200.0
33600.0
34999.99999999999
36399.99999999999
37799.99999999999
39199.999999999985
40599.999999999985
41999.999999999985
43399.99999999998
44799.99999999998
46199.99999999998
47599.99999999997
48999.99999999997
50399.99999999997
51799.99999999996
53199.99999999996
54599.99999999996
55999.99999999996
57399.99999999997
58799.99999999997
60199.99999999998
61599.99999999998
62999.999999999985
64399.999999999985
65799.99999999999
67200.0
68600.0
70000.0
71400.0
72800.00000000001
74200.00000000001
75600.00000000001
77000.00000000001
78400.00000000003
79800.00000000003
81200.00000000003
82600.00000000003
84000.00000000004
85400.00000000004
86800.00000000004
88200.00000000004
89600.00000000006
91000.00000000006
92400.00000000006
93800.00000000006
95200.00000000007
96600.00000000007
98000.00000000007
99400.00000000007
100800.00000000009
102200.00000000009
103600.00000000009
105000.00000000009
106400.0000000001
107800.0000000001
109200.0000000001
110600.0000000001
112000.0000000001
113400.00000000009
114800.00000000009
116200.00000000007
117600.00000000007
119000.00000000006
120400.00000000004
121800.00000000004
123200.00000000003
124600.00000000003
126000.00000000001
127400.0
128800.0
130199.99999999999
131599.99999999997
132999.99999999997
134399.99999999997
135799.99999999994
137199.99999999994
138599.99999999994
139999.99999999994
141399.9999999999
142799.9999999999
144199.9999999999
145599.99999999988
146999.99999999988
148399.99999999988
149799.99999999988
151199.99999999985
152599.99999999985
153999.99999999985
155399.99999999983
156799.99999999983
158199.99999999983
159599.99999999983
160999.9999999998
162399.9999999998
163799.9999999998
165199.99999999977
166599.99999999977
167999.99999999977
169399.99999999974
170799.99999999974
172199.99999999974
173599.99999999974
174999.9999999997
176399.9999999997
177799.9999999997
179199.99999999968
180599.99999999968
181999.99999999968
183399.99999999968
184799.99999999965
186199.99999999965
187599.99999999965
188999.99999999962
190399.99999999962
191799.99999999962
193199.99999999962
194599.9999999996
195999.9999999996
197399.9999999996
198799.99999999956
200199.99999999956
201599.99999999956
202999.99999999953
204399.99999999953
205799.99999999953
207199.99999999953
208599.9999999995
209999.9999999995
211399.9999999995
212799.99999999948
214199.99999999948
215599.99999999948
216999.99999999948
218399.99999999945
219799.99999999945
221199.99999999945
222599.99999999942
223999.99999999942
225399.99999999942
226799.99999999942
228199.9999999994
229599.9999999994
230999.9999999994
232399.99999999936
233799.99999999936
235199.99999999936
236599.99999999936
237999.99999999933
239399.99999999933
240799.99999999933
242199.9999999993
243599.9999999993
244999.9999999993
246399.99999999927
247799.99999999927
249199.99999999927
250599.99999999927
251999.99999999924
253399.99999999924
254799.99999999924
256199.9999999992
257599.9999999992
258999.9999999992
260399.9999999992
261799.99999999919
263199.9999999992
264599.9999999992
265999.9999999992
267399.9999999992
268799.9999999991
270199.9999999991
271599.9999999991
272999.9999999991
274399.9999999991
275799.9999999991
277199.9999999991
278599.99999999907
279999.99999999907
281399.99999999907
282799.99999999907
284199.99999999907
285599.99999999907
286999.99999999907
288399.999999999
289799.999999999
291199.999999999
292599.999999999
293999.999999999
295399.999999999
296799.99999999895
298199.99999999895
299599.99999999895
300999.99999999895
302399.99999999895
303799.99999999895
305199.99999999895
306599.9999999989
307999.9999999989
309399.9999999989
310799.9999999989
312199.9999999989
313599.9999999989
314999.9999999989
316399.99999999884
317799.99999999884
319199.99999999884
320599.99999999884
321999.99999999884
323399.99999999884
324799.99999999884
326199.9999999988
327599.9999999988
328999.9999999988
330399.9999999988
331799.9999999988
333199.9999999988
334599.9999999988
335999.9999999987
337399.9999999987
338799.9999999987
340199.9999999987
341599.9999999987
342999.9999999987
344399.9999999987
345799.99999999866
347199.99999999866
348599.99999999866
349999.99999999866
351399.99999999866
352799.99999999866
354199.99999999866
355599.9999999986
356999.9999999986
358399.9999999986
359799.9999999986
361199.9999999986
362599.9999999986
363999.9999999986
365399.99999999854
366799.99999999854
368199.99999999854
369599.99999999854
370999.99999999854
372399.99999999854
373799.9999999985
375199.9999999985
376599.9999999985
377999.9999999985
379399.9999999985
380799.9999999985
382199.9999999985
383599.9999999984
384999.9999999984
386399.9999999984
387799.9999999984
389199.9999999984
390599.9999999984
391999.9999999984
393399.99999999837
394799.99999999837
396199.99999999837
397599.99999999837
398999.99999999837
400399.99999999837
401799.99999999837
403199.9999999983
404599.9999999983
405999.9999999983
407399.9999999983
408799.9999999983
410199.9999999983
411599.9999999983
412999.99999999825
414399.99999999825
415799.99999999825
417199.99999999825
418599.99999999825
419999.99999999825
421399.99999999825
422799.9999999982
424199.9999999982
425599.9999999982
426999.9999999982
428399.9999999982
429799.9999999982
431199.9999999982
432599.99999999814
433999.99999999814
435399.99999999814
436799.99999999814
438199.9999999982
439599.9999999982
440999.99999999825
442399.9999999983
443799.9999999983
445199.99999999837
446599.9999999984
447999.9999999984
449399.9999999985
450799.99999999854
452199.9999999986
453599.9999999986
454999.99999999866
456399.9999999987
457799.9999999987
459199.9999999988
460599.99999999884
461999.99999999884
463399.9999999989
464799.99999999895
466199.99999999895
467599.999999999
468999.99999999907
470399.99999999907
471799.9999999991
473199.9999999992
474599.99999999924
475999.99999999924
477399.9999999993
478799.99999999936
480199.99999999936
481599.9999999994
482999.9999999995
484399.9999999995
485799.99999999953
487199.9999999996
488599.9999999996
489999.99999999965
491399.9999999997
492799.99999999977
494199.99999999977
495599.9999999998
496999.9999999999
498399.9999999999
499799.99999999994
501200.0
502600.0
504000.00000000006
505400.0000000001
506800.0000000001
508200.0000000002
509600.00000000023
511000.00000000023
512400.0000000003
513800.00000000035
515200.0000000004
516600.0000000004
518000.00000000047
519400.0000000005
520800.0000000005
522200.0000000006
523600.00000000064
525000.0000000007
526400.0000000007
527800.0000000007
529200.0000000008
530600.0000000008
532000.0000000008
533400.0000000009
534800.0000000009
536200.0000000009
537600.000000001
539000.000000001
540400.000000001
541800.0000000012
543200.0000000012
544600.0000000012
546000.0000000013
547400.0000000013
548800.0000000014
550200.0000000014
551600.0000000014
553000.0000000015
554400.0000000015
555800.0000000015
557200.0000000016
558600.0000000016
560000.0000000016
561400.0000000017
562800.0000000017
564200.0000000017
565600.0000000019
567000.0000000019
568400.0000000019
569800.000000002
571200.000000002
572600.000000002
574000.0000000021
575400.0000000021
576800.0000000021
578200.0000000022
579600.0000000022
581000.0000000022
582400.0000000023
583800.0000000023
585200.0000000023
586600.0000000024
588000.0000000024
589400.0000000026
590800.0000000026
592200.0000000026
593600.0000000027
595000.0000000027
596400.0000000027
597800.0000000028
599200.0000000028
600600.0000000028
602000.0000000029
603400.0000000029
604800.0000000029
606200.000000003
607600.000000003
609000.000000003
610400.0000000031
611800.0000000031
613200.0000000031
614600.0000000033
616000.0000000033
617400.0000000033
618800.0000000034
620200.0000000034
621600.0000000034
623000.0000000035
624400.0000000035
625800.0000000035
627200.0000000036
628600.0000000036
630000.0000000037
631400.0000000037
632800.0000000037
634200.0000000038
635600.0000000038
637000.0000000038
638400.000000004
639800.000000004
641200.000000004
642600.0000000041
644000.0000000041
645400.0000000041
646800.0000000042
648200.0000000042
649600.0000000042
651000.0000000043
652400.0000000043
653800.0000000043
655200.0000000044
656600.0000000044
658000.0000000044
659400.0000000045
660800.0000000045
662200.0000000045
663600.0000000047
665000.0000000047
666400.0000000047
667800.0000000048
669200.0000000048
670600.0000000048
672000.0000000049
673400.0000000049
674800.000000005
676200.000000005
677600.000000005
679000.0000000051
680400.0000000051
681800.0000000051
683200.0000000052
684600.0000000052
686000.0000000052
687400.0000000054
688800.0000000054
690200.0000000054
691600.0000000055
693000.0000000055
694400.0000000055
695800.0000000056
697200.0000000056
698600.0000000056
700000.0000000057
701400.0000000057
702800.0000000057
704200.0000000058
705600.0000000058
707000.0000000058
708400.0000000059
709800.0000000059
711200.0000000059
712600.000000006
714000.000000006
715400.0000000062
716800.0000000062
718200.0000000062
719600.0000000063
721000.0000000063
722400.0000000063
723800.0000000064
725200.0000000064
726600.0000000064
728000.0000000065
729400.0000000065
730800.0000000065
732200.0000000066
733600.0000000066
735000.0000000066
736400.0000000068
737800.0000000068
739200.0000000068
740600.0000000069
742000.0000000069
743400.0000000069
744800.000000007
746200.000000007
747600.000000007
749000.0000000071
750400.0000000071
751800.0000000071
753200.0000000072
754600.0000000072
756000.0000000073
757400.0000000073
758800.0000000073
760200.0000000075
761600.0000000075
763000.0000000075
764400.0000000076
765800.0000000076
767200.0000000076
768600.0000000077
770000.0000000077
771400.0000000077
772800.0000000078
774200.0000000078
775600.0000000078
777000.0000000079
778400.0000000079
779800.0000000079
781200.000000008
782600.000000008
784000.000000008
785400.0000000081
786800.0000000081
788200.0000000081
789600.0000000083
791000.0000000083
792400.0000000083
793800.0000000084
795200.0000000084
796600.0000000085
798000.0000000085
799400.0000000085
800800.0000000086
802200.0000000086
803600.0000000086
805000.0000000087
806400.0000000087
807800.0000000087
809200.0000000088
810600.0000000088
812000.0000000088
813400.000000009
814800.000000009
816200.000000009
817600.0000000091
819000.0000000091
820400.0000000091
821800.0000000092
823200.0000000092
824600.0000000092
826000.0000000093
827400.0000000093
828800.0000000093
830200.0000000094
831600.0000000094
833000.0000000094
834400.0000000095
835800.0000000095
837200.0000000095
838600.0000000097
840000.0000000097
841400.0000000098
842800.0000000098
844200.0000000098
845600.0000000099
847000.0000000099
848400.0000000099
849800.00000001
851200.00000001
852600.00000001
854000.0000000101
855400.0000000101
856800.0000000101
858200.0000000102
859600.0000000102
861000.0000000102
862400.0000000104
863800.0000000104
865200.0000000104
866600.0000000105
868000.0000000105
869400.0000000105
870800.0000000106
872200.0000000106
873600.0000000106
875000.0000000107
876400.0000000107
877800.0000000107
879200.0000000108
880600.0000000108
882000.000000011
883400.000000011
884800.000000011
886200.0000000111
887600.0000000111
889000.0000000111
890400.0000000112
891800.0000000112
893200.0000000112
894600.0000000113
896000.0000000113
897400.0000000113
898800.0000000114
900200.0000000114
901600.0000000114
903000.0000000115
904400.0000000115
905800.0000000115
907200.0000000116
908600.0000000116
910000.0000000116
911400.0000000118
912800.0000000118
914200.0000000118
915600.0000000119
917000.0000000119
918400.0000000119
919800.000000012
921200.000000012
922600.0000000121
924000.0000000121
925400.0000000121
926800.0000000122
928200.0000000122
929600.0000000122
931000.0000000123
932400.0000000123
933800.0000000123
935200.0000000125
936600.0000000125
938000.0000000125
939400.0000000126
940800.0000000126
942200.0000000126
943600.0000000127
945000.0000000127
946400.0000000127
947800.0000000128
949200.0000000128
950600.0000000128
952000.0000000129
953400.0000000129
954800.0000000129
956200.000000013
957600.000000013
959000.000000013
960400.0000000132
961800.0000000132
963200.0000000132
964600.0000000133
966000.0000000133
967400.0000000134
968800.0000000134
970200.0000000134
971600.0000000135
973000.0000000135
974400.0000000135
975800.0000000136
977200.0000000136
978600.0000000136
980000.0000000137
981400.0000000137
982800.0000000137
984200.0000000139
985600.0000000139
987000.0000000139
988400.000000014
989800.000000014
991200.000000014
992600.0000000141
994000.0000000141
995400.0000000141
996800.0000000142
998200.0000000142
999600.0000000142
1001000.0000000143
1002400.0000000143
1003800.0000000143
1005200.0000000144
1006600.0000000144
1008000.0000000146
1009400.0000000146
1010800.0000000146
1012200.0000000147
1013600.0000000147
1015000.0000000147
1016400.0000000148
1017800.0000000148
1019200.0000000148
1020600.0000000149
1022000.0000000149
1023400.0000000149
1024800.000000015
1026200.000000015
1027600.000000015
1029000.0000000151
1030400.0000000151
1031800.0000000151
1033200.0000000153
1034600.0000000153
1036000.0000000153
1037400.0000000154
1038800.0000000154
1040200.0000000154
1041600.0000000155
1043000.0000000155
1044400.0000000155
1045800.0000000156
1047200.0000000156
1048600.0000000156
1050000.0000000156
1051400.0000000158
1052800.0000000158
1054200.0000000158
1055600.0000000158
1057000.0000000158
1058400.0000000158
1059800.000000016
1061200.000000016
1062600.000000016
1064000.000000016
1065400.000000016
1066800.000000016
1068200.0000000163
1069600.0000000163
1071000.0000000163
1072400.0000000163
1073800.0000000163
1075200.0000000165
1076600.0000000165
1078000.0000000165
1079400.0000000165
1080800.0000000165
1082200.0000000165
1083600.0000000168
1085000.0000000168
1086400.0000000168
1087800.0000000168
1089200.0000000168
1090600.0000000168
1092000.000000017
1093400.000000017
1094800.000000017
1096200.000000017
1097600.000000017
1099000.000000017
1100400.0000000172
1101800.0000000172
1103200.0000000172
1104600.0000000172
1106000.0000000172
1107400.0000000172
1108800.0000000175
1110200.0000000175
1111600.0000000175
1113000.0000000175
1114400.0000000175
1115800.0000000177
1117200.0000000177
1118600.0000000177
1120000.0000000177
1121400.0000000177
1122800.0000000177
1124200.000000018
1125600.000000018
1127000.000000018
1128400.000000018
1129800.000000018
1131200.000000018
1132600.0000000182
1134000.0000000182
1135400.0000000182
1136800.0000000182
1138200.0000000182
1139600.0000000182
1141000.0000000184
1142400.0000000184
1143800.0000000184
1145200.0000000184
1146600.0000000184
1148000.0000000184
1149400.0000000186
1150800.0000000186
1152200.0000000186
1153600.0000000186
1155000.0000000186
1156400.0000000189
1157800.0000000189
1159200.0000000189
1160600.0000000189
1162000.0000000189
1163400.0000000189
1164800.000000019
1166200.000000019
1167600.000000019
1169000.000000019
1170400.000000019
1171800.000000019
1173200.0000000193
1174600.0000000193
1176000.0000000193
1177400.0000000193
1178800.0000000193
1180200.0000000193
1181600.0000000196
1183000.0000000196
1184400.0000000196
1185800.0000000196
1187200.0000000196
1188600.0000000196
1190000.0000000198
1191400.0000000198
1192800.0000000198
1194200.0000000198
1195600.0000000198
1197000.00000002
1198400.00000002
1199800.00000002
1201200.00000002
1202600.00000002
1204000.00000002
1205400.0000000203
1206800.0000000203
1208200.0000000203
1209600.0000000203
1211000.0000000203
1212400.0000000203
1213800.0000000205
1215200.0000000205
1216600.0000000205
1218000.0000000205
1219400.0000000205
1220800.0000000205
1222200.0000000207
1223600.0000000207
1225000.0000000207
1226400.0000000207
1227800.0000000207
1229200.0000000207
1230600.000000021
1232000.000000021
1233400.000000021
1234800.000000021
1236200.000000021
1237600.0000000212
1239000.0000000212
1240400.0000000212
1241800.0000000212
1243200.0000000212
1244600.0000000212
1246000.0000000214
1247400.0000000214
1248800.0000000214
1250200.0000000214
1251600.0000000214
1253000.0000000214
1254400.0000000217
1255800.0000000217
1257200.0000000217
1258600.0000000217
1260000.0000000217
1261400.0000000217
1262800.000000022
1264200.000000022
1265600.000000022
1267000.000000022
1268400.000000022
1269800.000000022
1271200.0000000221
1272600.0000000221
1274000.0000000221
1275400.0000000221
1276800.0000000221
1278200.0000000221
1279600.0000000224
1281000.0000000224
1282400.0000000224
1283800.0000000224
1285200.0000000224
1286600.0000000226
1288000.0000000226
1289400.0000000226
1290800.0000000226
1292200.0000000226
1293600.0000000226
1295000.0000000228
1296400.0000000228
1297800.0000000228
1299200.0000000228
1300600.0000000228
1302000.0000000228
1303400.000000023
1304800.000000023
1306200.000000023
1307600.000000023
1309000.000000023
1310400.000000023
1311800.0000000233
1313200.0000000233
1314600.0000000233
1316000.0000000233
1317400.0000000233
1318800.0000000233
1320200.0000000235
1321600.0000000235
1323000.0000000235
1324400.0000000235
1325800.0000000235
1327200.0000000237
1328600.0000000237
1330000.0000000237
1331400.0000000237
1332800.0000000237
1334200.0000000237
1335600.000000024
1337000.000000024
1338400.000000024
1339800.000000024
1341200.000000024
1342600.000000024
1344000.0000000242
1345400.0000000242
1346800.0000000242
1348200.0000000242
1349600.0000000242
1351000.0000000242
1352400.0000000244
1353800.0000000244
1355200.0000000244
1356600.0000000244
1358000.0000000244
1359400.0000000244
1360800.0000000247
1362200.0000000247
1363600.0000000247
1365000.0000000247
1366400.0000000247
1367800.000000025
1369200.000000025
1370600.000000025
1372000.000000025
1373400.000000025
1374800.000000025
1376200.0000000251
1377600.0000000251
1379000.0000000251
1380400.0000000251
1381800.0000000251
1383200.0000000251
1384600.0000000254
1386000.0000000254
1387400.0000000254
1388800.0000000254
1390200.0000000254
1391600.0000000254
1393000.0000000256
1394400.0000000256
1395800.0000000256
1397200.0000000256
1398600.0000000256
1400000.0000000256
1401400.0000000258
1402800.0000000258
1404200.0000000258
1405600.0000000258
1407000.0000000258
1408400.000000026
1409800.000000026
1411200.000000026
1412600.000000026
1414000.000000026
1415400.000000026
1416800.0000000263
1418200.0000000263
1419600.0000000263
1421000.0000000263
1422400.0000000263
1423800.0000000263
1425200.0000000265
1426600.0000000265
1428000.0000000265
1429400.0000000265
1430800.0000000265
1432200.0000000265
1433600.0000000268
1435000.0000000268
1436400.0000000268
1437800.0000000268
1439200.0000000268
1440600.0000000268
1442000.000000027
1443400.000000027
1444800.000000027
1446200.000000027
1447600.000000027
1449000.0000000272
1450400.0000000272
1451800.0000000272
1453200.0000000272
1454600.0000000272
1456000.0000000272
1457400.0000000275
1458800.0000000275
1460200.0000000275
1461600.0000000275
1463000.0000000275
1464400.0000000275
1465800.0000000277
1467200.0000000277
1468600.0000000277
1470000.0000000277
1471400.0000000277
1472800.0000000277
1474200.000000028
1475600.000000028
1477000.000000028
1478400.000000028
1479800.000000028
1481200.000000028
1482600.0000000282
1484000.0000000282
1485400.0000000282
1486800.0000000282
1488200.0000000282
1489600.0000000284
1491000.0000000284
1492400.0000000284
1493800.0000000284
1495200.0000000284
1496600.0000000284
1498000.0000000286
1499400.0000000286
1500800.0000000286
1502200.0000000286
1503600.0000000286
1505000.0000000286
1506400.0000000289
1507800.0000000289
1509200.0000000289
1510600.0000000289
1512000.0000000289
1513400.0000000289
1514800.000000029
1516200.000000029
1517600.000000029
1519000.000000029
1520400.000000029
1521800.000000029
1523200.0000000293
1524600.0000000293
1526000.0000000293
1527400.0000000293
1528800.0000000293
1530200.0000000296
1531600.0000000296
1533000.0000000296
1534400.0000000296
1535800.0000000296
1537200.0000000296
1538600.0000000298
1540000.0000000298
1541400.0000000298
1542800.0000000298
1544200.0000000298
1545600.0000000298
1547000.00000003
1548400.00000003
1549800.00000003
1551200.00000003
1552600.00000003
1554000.00000003
1555400.0000000303
1556800.0000000303
1558200.0000000303
1559600.0000000303
1561000.0000000303
1562400.0000000303
1563800.0000000305
1565200.0000000305
1566600.0000000305
1568000.0000000305
1569400.0000000305
1570800.0000000305
1572200.0000000307
1573600.0000000307
1575000.0000000307
1576400.0000000307
1577800.0000000307
1579200.000000031
1580600.000000031
1582000.000000031
1583400.000000031
1584800.000000031
1586200.000000031
1587600.0000000312
1589000.0000000312
1590400.0000000312
1591800.0000000312
1593200.0000000312
1594600.0000000312
1596000.0000000314
1597400.0000000314
1598800.0000000314
1600200.0000000314
1601600.0000000314
1603000.0000000314
1604400.0000000317
1605800.0000000317
1607200.0000000317
1608600.0000000317
1610000.0000000317
1611400.0000000317
1612800.000000032
1614200.000000032
1615600.000000032
1617000.000000032
1618400.000000032
1619800.0000000321
1621200.0000000321
1622600.0000000321
1624000.0000000321
1625400.0000000321
1626800.0000000321
1628200.0000000324
1629600.0000000324
1631000.0000000324
1632400.0000000324
1633800.0000000324
1635200.0000000324
1636600.0000000326
1638000.0000000326
1639400.0000000326
1640800.0000000326
1642200.0000000326
1643600.0000000326
1645000.0000000328
1646400.0000000328
1647800.0000000328
1649200.0000000328
1650600.0000000328
1652000.0000000328
1653400.000000033
1654800.000000033
1656200.000000033
1657600.000000033
1659000.000000033
1660400.0000000333
1661800.0000000333
1663200.0000000333
1664600.0000000333
1666000.0000000333
1667400.0000000333
1668800.0000000335
1670200.0000000335
1671600.0000000335
1673000.0000000335
1674400.0000000335
1675800.0000000335
1677200.0000000338
1678600.0000000338
1680000.0000000338
1681400.0000000338
1682800.0000000338
1684200.0000000338
1685600.000000034
1687000.000000034
1688400.000000034
1689800.000000034
1691200.000000034
1692600.000000034
1694000.0000000342
1695400.0000000342
1696800.0000000342
1698200.0000000342
1699600.0000000342
1701000.0000000345
1702400.0000000345
1703800.0000000345
1705200.0000000345
1706600.0000000345
1708000.0000000345
1709400.0000000347
1710800.0000000347
1712200.0000000347
1713600.0000000347
1715000.0000000347
1716400.0000000347
1717800.000000035
1719200.000000035
1720600.000000035
1722000.000000035
1723400.000000035
1724800.000000035
1726200.0000000352
1727600.0000000352
1729000.0000000352
1730400.0000000352
1731800.0000000352
1733200.0000000352
1734600.0000000354
1736000.0000000354
1737400.0000000354
1738800.0000000354
1740200.0000000354
1741600.0000000356
1743000.0000000356
1744400.0000000356
1745800.0000000356
1747200.0000000356
1748600.0000000356
1750000.0000000359
1751400.0000000356
1752800.0000000354
1754200.0000000354
1755600.0000000352
1757000.000000035
1758400.000000035
1759800.0000000347
1761200.0000000345
1762600.0000000345
1764000.0000000342
1765400.000000034
1766800.000000034
1768200.0000000338
1769600.0000000335
1771000.0000000335
1772400.0000000333
1773800.000000033
1775200.000000033
1776600.0000000328
1778000.0000000326
1779400.0000000326
1780800.0000000324
1782200.0000000321
1783600.0000000321
1785000.000000032
1786400.0000000317
1787800.0000000317
1789200.0000000314
1790600.0000000312
1792000.0000000312
1793400.000000031
1794800.0000000307
1796200.0000000307
1797600.0000000305
1799000.0000000303
1800400.0000000303
1801800.00000003
1803200.0000000298
1804600.0000000298
1806000.0000000296
1807400.0000000293
1808800.0000000293
1810200.000000029
1811600.0000000289
1813000.0000000289
1814400.0000000286
1815800.0000000284
1817200.0000000284
1818600.0000000282
1820000.000000028
1821400.000000028
1822800.0000000277
1824200.0000000275
1825600.0000000275
1827000.0000000272
1828400.000000027
1829800.000000027
1831200.0000000268
1832600.0000000265
1834000.0000000265
1835400.0000000263
1836800.000000026
1838200.000000026
1839600.0000000258
1841000.0000000256
1842400.0000000256
1843800.0000000254
1845200.0000000254
1846600.0000000251
1848000.000000025
1849400.000000025
1850800.0000000247
1852200.0000000244
1853600.0000000244
1855000.0000000242
1856400.000000024
1857800.000000024
1859200.0000000237
1860600.0000000235
1862000.0000000235
1863400.0000000233
1864800.000000023
1866200.000000023
1867600.0000000228
1869000.0000000226
1870400.0000000226
1871800.0000000224
1873200.0000000221
1874600.0000000221
1876000.000000022
1877400.0000000217
1878800.0000000217
1880200.0000000214
1881600.0000000212
1883000.0000000212
1884400.000000021
1885800.0000000207
1887200.0000000207
1888600.0000000205
1890000.0000000203
1891400.0000000203
1892800.00000002
1894200.0000000198
1895600.0000000198
1897000.0000000196
1898400.0000000193
1899800.0000000193
1901200.000000019
1902600.0000000189
1904000.0000000189
1905400.0000000186
1906800.0000000184
1908200.0000000184
1909600.0000000182
1911000.000000018
1912400.000000018
1913800.0000000177
1915200.0000000175
1916600.0000000175
1918000.0000000172
1919400.000000017
1920800.000000017
1922200.0000000168
1923600.0000000165
1925000.0000000165
1926400.0000000163
1927800.000000016
1929200.000000016
1930600.0000000158
1932000.0000000156
1933400.0000000156
1934800.0000000154
1936200.0000000151
1937600.0000000151
1939000.000000015
1940400.0000000147
1941800.0000000147
1943200.0000000144
1944600.0000000142
1946000.0000000142
1947400.000000014
1948800.000000014
1950200.0000000137
1951600.0000000135
1953000.0000000135
1954400.0000000133
1955800.000000013
1957200.000000013
1958600.0000000128
1960000.0000000126
1961400.0000000126
1962800.0000000123
1964200.000000012
1965600.000000012
1967000.0000000119
1968400.0000000116
1969800.0000000116
1971200.0000000114
1972600.0000000112
1974000.0000000112
1975400.000000011
1976800.0000000107
1978200.0000000107
1979600.0000000105
1981000.0000000102
1982400.0000000102
1983800.00000001
1985200.0000000098
1986600.0000000098
1988000.0000000095
1989400.0000000093
1990800.0000000093
1992200.000000009
1993600.0000000088
1995000.0000000088
1996400.0000000086
1997800.0000000084
1999200.0000000084
2000600.0000000081
2002000.000000008
2003400.000000008
2004800.0000000077
2006200.0000000075
2007600.0000000075
2009000.0000000072
2010400.000000007
2011800.000000007
2013200.0000000068
2014600.0000000065
2016000.0000000065
2017400.0000000063
2018800.000000006
2020200.000000006
2021600.0000000058
2023000.0000000056
2024400.0000000056
2025800.0000000054
2027200.0000000051
2028600.0000000051
2030000.000000005
2031400.0000000047
2032800.0000000047
2034200.0000000044
2035600.0000000042
2037000.0000000042
2038400.000000004
2039800.0000000037
2041200.0000000037
2042600.0000000035
2044000.0000000033
2045400.0000000033
2046800.000000003
2048200.0000000028
2049600.0000000028
2051000.0000000026
2052400.0000000023
2053800.0000000023
2055200.000000002
2056600.000000002
2058000.0000000019
2059400.0000000016
2060800.0000000016
2062200.0000000014
2063600.0000000012
2065000.0000000012
2066400.000000001
2067800.0000000007
2069200.0000000007
2070600.0000000005
2072000.0000000002
2073400.0000000002
2074800.0
2076199.9999999998
2077599.9999999998
2078999.9999999995
2080399.9999999993
2081799.9999999993
2083199.999999999
2084599.9999999988
2085999.9999999988
2087399.9999999986
2088799.9999999984
2090199.9999999984
2091599.9999999981
2092999.999999998
2094399.999999998
2095799.9999999977
2097199.9999999977
2098599.999999997
2099999.999999997
2101399.999999997
2102799.9999999967
2104199.9999999967
2105599.9999999967
2106999.9999999963
2108399.9999999963
2109799.9999999963
2111199.999999996
2112599.999999996
2113999.999999996
2115399.9999999953
2116799.9999999953
2118199.9999999953
2119599.999999995
2120999.999999995
2122399.999999995
2123799.9999999944
2125199.9999999944
2126599.9999999944
2127999.999999994
2129399.999999994
2130799.999999994
2132199.9999999935
2133599.9999999935
2134999.9999999935
2136399.999999993
2137799.999999993
2139199.999999993
2140599.9999999925
2141999.9999999925
2143399.9999999925
2144799.999999992
2146199.999999992
2147599.999999992
2148999.9999999916
2150399.9999999916
2151799.9999999916
2153199.999999991
2154599.999999991
2155999.999999991
2157399.9999999907
2158799.9999999907
2160199.9999999907
2161599.99999999
2162999.99999999
2164399.99999999
2165799.9999999898
2167199.9999999898
2168599.9999999898
2169999.9999999893
2171399.9999999893
2172799.9999999893
2174199.999999989
2175599.999999989
2176999.999999989
2178399.9999999884
2179799.9999999884
2181199.9999999884
2182599.999999988
2183999.999999988
2185399.999999988
2186799.9999999874
2188199.9999999874
2189599.9999999874
2190999.999999987
2192399.999999987
2193799.999999987
2195199.9999999865
2196599.9999999865
2197999.9999999865
2199399.999999986
2200799.999999986
2202199.999999986
2203599.9999999856
2204999.9999999856
2206399.9999999856
2207799.999999985
2209199.999999985
2210599.999999985
2211999.999999985
2213399.9999999846
2214799.9999999846
2216199.9999999846
2217599.999999984
2218999.999999984
2220399.999999984
2221799.9999999837
2223199.9999999837
2224599.9999999837
2225999.9999999832
2227399.9999999832
2228799.9999999832
2230199.999999983
2231599.999999983
2232999.999999983
2234399.9999999823
2235799.9999999823
2237199.9999999823
2238599.999999982
2239999.999999982
2241399.999999982
2242799.9999999814
2244199.9999999814
2245599.9999999814
2246999.999999981
2248399.999999981
2249799.999999981
2251199.9999999804
2252599.9999999804
2253999.9999999804
2255399.99999998
2256799.99999998
2258199.99999998
2259599.9999999795
2260999.9999999795
2262399.9999999795
2263799.999999979
2265199.999999979
2266599.999999979
2267999.9999999786
2269399.9999999786
2270799.9999999786
2272199.999999978
2273599.999999978
2274999.999999978
2276399.9999999776
2277799.9999999776
2279199.9999999776
2280599.999999977
2281999.999999977
2283399.999999977
2284799.9999999767
2286199.9999999767
2287599.9999999767
2288999.9999999763
2290399.9999999763
2291799.9999999763
2293199.999999976
2294599.999999976
2295999.999999976
2297399.9999999753
2298799.9999999753
2300199.9999999753
2301599.999999975
2302999.999999975
2304399.999999975
2305799.9999999744
2307199.9999999744
2308599.9999999744
2309999.999999974
2311399.999999974
2312799.999999974
2314199.9999999735
2315599.9999999735
2316999.9999999735
2318399.999999973
2319799.999999973
2321199.999999973
2322599.9999999725
2323999.9999999725
2325399.9999999725
2326799.999999972
2328199.999999972
2329599.999999972
2330999.9999999716
2332399.9999999716
2333799.9999999716
2335199.999999971
2336599.999999971
2337999.999999971
2339399.9999999707
2340799.9999999707
2342199.9999999707
2343599.99999997
2344999.99999997
2346399.99999997
2347799.9999999697
2349199.9999999697
2350599.9999999697
2351999.9999999693
2353399.9999999693
2354799.9999999693
2356199.999999969
2357599.999999969
2358999.999999969
2360399.9999999683
2361799.9999999683
2363199.9999999683
2364599.999999968
2365999.999999968
2367399.999999968
2368799.9999999674
2370199.9999999674
2371599.9999999674
2372999.999999967
2374399.999999967
2375799.999999967
2377199.9999999665
2378599.9999999665
2379999.9999999665
2381399.999999966
2382799.999999966
2384199.999999966
2385599.9999999655
2386999.9999999655
2388399.9999999655
2389799.999999965
2391199.999999965
2392599.999999965
2393999.9999999646
2395399.9999999646
2396799.9999999646
2398199.999999964
2399599.999999964
2400999.999999964
2402399.9999999637
2403799.9999999637
2405199.9999999637
2406599.999999963
2407999.999999963
2409399.999999963
2410799.9999999627
2412199.9999999627
2413599.9999999627
2414999.9999999623
2416399.9999999623
2417799.9999999623
2419199.999999962
2420599.999999962
2421999.999999962
2423399.999999962
2424799.9999999614
2426199.9999999614
2427599.9999999614
2428999.999999961
2430399.999999961
2431799.999999961
2433199.9999999604
2434599.9999999604
2435999.9999999604
2437399.99999996
2438799.99999996
2440199.99999996
2441599.9999999595
2442999.9999999595
2444399.9999999595
2445799.999999959
2447199.999999959
2448599.999999959
2449999.9999999586
2451399.9999999586
2452799.9999999586
2454199.999999958
2455599.999999958
2456999.999999958
2458399.9999999576
2459799.9999999576
2461199.9999999576
2462599.999999957
2463999.999999957
2465399.999999957
2466799.9999999567
2468199.9999999567
2469599.9999999567
2470999.999999956
2472399.999999956
2473799.999999956
2475199.9999999558
2476599.9999999558
2477999.9999999558
2479399.9999999553
2480799.9999999553
2482199.9999999553
2483599.999999955
2484999.999999955
2486399.999999955
2487799.9999999544
2489199.9999999544
2490599.9999999544
2491999.999999954
2493399.999999954
2494799.999999954
2496199.9999999534
2497599.9999999534
2498999.9999999534
2500399.999999953
2501799.999999953
2503199.999999953
2504599.9999999525
2505999.9999999525
2507399.9999999525
2508799.999999952
2510199.999999952
2511599.999999952
2512999.9999999516
2514399.9999999516
2515799.9999999516
2517199.999999951
2518599.999999951
2519999.999999951
2521399.9999999506
2522799.9999999506
2524199.9999999506
2525599.99999995
2526999.99999995
2528399.99999995
2529799.9999999497
2531199.9999999497
2532599.9999999497
2533999.9999999492
2535399.9999999492
2536799.9999999492
2538199.999999949
2539599.999999949
2540999.999999949
2542399.9999999483
2543799.9999999483
2545199.9999999483
2546599.999999948
2547999.999999948
2549399.999999948
2550799.9999999474
2552199.9999999474
2553599.9999999474
2554999.999999947
2556399.999999947
2557799.999999947
2559199.9999999464
2560599.9999999464
2561999.9999999464
2563399.999999946
2564799.999999946
2566199.999999946
2567599.9999999455
2568999.9999999455
2570399.9999999455
2571799.999999945
2573199.999999945
2574599.999999945
2575999.9999999446
2577399.9999999446
2578799.9999999446
2580199.999999944
2581599.999999944
2582999.999999944
2584399.9999999437
2585799.9999999437
2587199.9999999437
2588599.999999943
2589999.999999943
2591399.999999943
2592799.9999999427
2594199.9999999427
2595599.9999999427
2596999.9999999423
2598399.9999999423
2599799.9999999423
2601199.999999942
2602599.999999942
2603999.999999942
2605399.9999999413
2606799.9999999413
2608199.9999999413
2609599.999999941
2610999.999999941
2612399.999999941
2613799.9999999404
2615199.9999999404
2616599.9999999404
2617999.99999994
2619399.99999994
2620799.99999994
2622199.9999999395
2623599.9999999395
2624999.9999999395
2626399.999999939
2627799.999999939
2629199.999999939
2630599.9999999385
2631999.9999999385
2633399.9999999385
2634799.9999999385
2636199.999999938
2637599.999999938
2638999.999999938
2640399.9999999376
2641799.9999999376
2643199.9999999376
2644599.999999937
2645999.999999937
2647399.999999937
2648799.9999999367
2650199.9999999367
2651599.9999999367
2652999.999999936
2654399.999999936
2655799.999999936
2657199.9999999357
2658599.9999999357
2659999.9999999357
2661399.9999999353
2662799.9999999353
2664199.9999999353
2665599.999999935
2666999.999999935
2668399.999999935
2669799.9999999343
2671199.9999999343
2672599.9999999343
2673999.999999934
2675399.999999934
2676799.999999934
2678199.9999999334
2679599.9999999334
2680999.9999999334
2682399.999999933
2683799.999999933
2685199.999999933
2686599.9999999325
2687999.9999999325
2689399.9999999325
2690799.999999932
2692199.999999932
2693599.999999932
2694999.9999999315
2696399.9999999315
2697799.9999999315
2699199.999999931
2700599.999999931
2701999.999999931
2703399.9999999306
2704799.9999999306
2706199.9999999306
2707599.99999993
2708999.99999993
2710399.99999993
2711799.9999999297
2713199.9999999297
2714599.9999999297
2715999.999999929
2717399.999999929
2718799.999999929
2720199.9999999288
2721599.9999999288
2722999.9999999288
2724399.9999999283
2725799.9999999283
2727199.9999999283
2728599.999999928
2729999.999999928
2731399.999999928
2732799.9999999274
2734199.9999999274
2735599.9999999274
2736999.999999927
2738399.999999927
2739799.999999927
2741199.9999999264
2742599.9999999264
2743999.9999999264
2745399.999999926
2746799.999999926
2748199.999999926
2749599.9999999255
2750999.9999999255
2752399.9999999255
2753799.999999925
2755199.999999925
2756599.999999925
2757999.9999999246
2759399.9999999246
2760799.9999999246
2762199.999999924
2763599.999999924
2764999.999999924
2766399.9999999236
2767799.9999999236
2769199.9999999236
2770599.999999923
2771999.999999923
2773399.999999923
2774799.9999999227
2776199.9999999227
2777599.9999999227
2778999.9999999222
2780399.9999999222
2781799.9999999222
2783199.999999922
2784599.999999922
2785999.999999922
2787399.9999999213
2788799.9999999213
2790199.9999999213
2791599.999999921
2792999.999999921
2794399.999999921
2795799.9999999204
2797199.9999999204
2798599.9999999204
2799999.99999992
2801399.99999992
2802799.99999992
2804199.9999999194
2805599.9999999194
2806999.9999999194
2808399.999999919
2809799.999999919
2811199.999999919
2812599.9999999185
2813999.9999999185
2815399.9999999185
2816799.999999918
2818199.999999918
2819599.999999918
2820999.9999999176
2822399.9999999176
2823799.9999999176
2825199.999999917
2826599.999999917
2827999.999999917
2829399.9999999166
2830799.9999999166
2832199.9999999166
2833599.999999916
2834999.999999916
2836399.999999916
2837799.9999999157
2839199.9999999157
2840599.9999999157
2841999.9999999157
2843399.9999999152
2844799.9999999152
2846199.9999999152
2847599.999999915
2848999.999999915
2850399.999999915
2851799.9999999143
2853199.9999999143
2854599.9999999143
2855999.999999914
2857399.999999914
2858799.999999914
2860199.9999999134
2861599.9999999134
2862999.9999999134
2864399.999999913
2865799.999999913
2867199.999999913
2868599.9999999125
2869999.9999999125
2871399.9999999125
2872799.999999912
2874199.999999912
2875599.999999912
2876999.9999999115
2878399.9999999115
2879799.9999999115
2881199.999999911
2882599.999999911
2883999.999999911
2885399.9999999106
2886799.9999999106
2888199.9999999106
2889599.99999991
2890999.99999991
2892399.99999991
2893799.9999999097
2895199.9999999097
2896599.9999999097
2897999.999999909
2899399.999999909
2900799.999999909
2902199.9999999087
2903599.9999999087
2904999.9999999087
2906399.9999999083
2907799.9999999083
2909199.9999999083
2910599.999999908
2911999.999999908
2913399.999999908
2914799.9999999073
2916199.9999999073
2917599.9999999073
2918999.999999907
2920399.999999907
2921799.999999907
2923199.9999999064
2924599.9999999064
2925999.9999999064
2927399.999999906
2928799.999999906
2930199.999999906
2931599.9999999055
2932999.9999999055
2934399.9999999055
2935799.999999905
2937199.999999905
2938599.999999905
2939999.9999999045
2941399.9999999045
2942799.9999999045
2944199.999999904
2945599.999999904
2946999.999999904
2948399.9999999036
2949799.9999999036
2951199.9999999036
2952599.999999903
2953999.999999903
2955399.999999903
2956799.9999999027
2958199.9999999027
2959599.9999999027
2960999.999999902
2962399.999999902
2963799.999999902
2965199.9999999017
2966599.9999999017
2967999.9999999017
2969399.9999999013
2970799.9999999013
2972199.9999999013
2973599.999999901
2974999.999999901
2976399.999999901
2977799.9999999003
2979199.9999999003
2980599.9999999003
2981999.9999999
2983399.9999999
2984799.9999999
2986199.9999998994
2987599.9999998994
2988999.9999998994
2990399.999999899
2991799.999999899
2993199.999999899
2994599.9999998985
2995999.9999998985
2997399.9999998985
2998799.999999898
3000199.999999898
3001599.999999898
3002999.9999998976
3004399.9999998976
3005799.9999998976
3007199.999999897
3008599.999999897
3009999.999999897
3011399.9999998966
3012799.9999998966
3014199.9999998966
3015599.999999896
3016999.999999896
3018399.999999896
3019799.9999998957
3021199.9999998957
3022599.9999998957
3023999.999999895
3025399.999999895
3026799.999999895
3028199.9999998948
3029599.9999998948
3030999.9999998948
3032399.9999998943
3033799.9999998943
3035199.9999998943
3036599.999999894
3037999.999999894
3039399.999999894
3040799.9999998934
3042199.9999998934
3043599.9999998934
3044999.999999893
3046399.999999893
3047799.999999893
3049199.9999998924
3050599.9999998924
3051999.9999998924
3053399.9999998924
3054799.999999892
3056199.999999892
3057599.999999892
3058999.9999998915
3060399.9999998915
3061799.9999998915
3063199.999999891
3064599.999999891
3065999.999999891
3067399.9999998906
3068799.9999998906
3070199.9999998906
3071599.99999989
3072999.99999989
3074399.99999989
3075799.9999998896
3077199.9999998896
3078599.9999998896
3079999.999999889
3081399.999999889
3082799.999999889
3084199.9999998887
3085599.9999998887
3086999.9999998887
3088399.9999998882
3089799.9999998882
3091199.9999998882
3092599.999999888
3093999.999999888
3095399.999999888
3096799.9999998873
3098199.9999998873
3099599.9999998873
3100999.999999887
3102399.999999887
3103799.999999887
3105199.9999998864
3106599.9999998864
3107999.9999998864
3109399.999999886
3110799.999999886
3112199.999999886
3113599.9999998854
3114999.9999998854
3116399.9999998854
3117799.999999885
3119199.999999885
3120599.999999885
3121999.9999998845
3123399.9999998845
3124799.9999998845
3126199.999999884
3127599.999999884
3128999.999999884
3130399.9999998836
3131799.9999998836
3133199.9999998836
3134599.999999883
3135999.999999883
3137399.999999883
3138799.9999998827
3140199.9999998827
3141599.9999998827
3142999.999999882
3144399.999999882
3145799.999999882
3147199.9999998817
3148599.9999998817
3149999.9999998817
3151399.9999998813
3152799.9999998813
3154199.9999998813
3155599.999999881
3156999.999999881
3158399.999999881
3159799.9999998803
3161199.9999998803
3162599.9999998803
3163999.99999988
3165399.99999988
3166799.99999988
3168199.9999998794
3169599.9999998794
3170999.9999998794
3172399.999999879
3173799.999999879
3175199.999999879
3176599.9999998785
3177999.9999998785
3179399.9999998785
3180799.999999878
3182199.999999878
3183599.999999878
3184999.9999998775
3186399.9999998775
3187799.9999998775
3189199.999999877
3190599.999999877
3191999.999999877
3193399.9999998766
3194799.9999998766
3196199.9999998766
3197599.999999876
3198999.999999876
3200399.999999876
3201799.9999998757
3203199.9999998757
3204599.9999998757
3205999.999999875
3207399.999999875
3208799.999999875
3210199.9999998747
3211599.9999998747
3212999.9999998747
3214399.9999998743
3215799.9999998743
3217199.9999998743
3218599.999999874
3219999.999999874
3221399.999999874
3222799.9999998733
3224199.9999998733
3225599.9999998733
3226999.999999873
3228399.999999873
3229799.999999873
3231199.9999998724
3232599.9999998724
3233999.9999998724
3235399.999999872
3236799.999999872
3238199.999999872
3239599.9999998715
3240999.9999998715
3242399.9999998715
3243799.999999871
3245199.999999871
3246599.999999871
3247999.9999998705
3249399.9999998705
3250799.9999998705
3252199.99999987
3253599.99999987
3254999.99999987
3256399.9999998696
3257799.9999998696
3259199.9999998696
3260599.999999869
3261999.999999869
3263399.999999869
3264799.999999869
3266199.9999998687
3267599.9999998687
3268999.9999998687
3270399.999999868
3271799.999999868
3273199.999999868
3274599.9999998678
3275999.9999998678
3277399.9999998678
3278799.9999998673
3280199.9999998673
3281599.9999998673
3282999.999999867
3284399.999999867
3285799.999999867
3287199.9999998664
3288599.9999998664
3289999.9999998664
3291399.999999866
3292799.999999866
3294199.999999866
3295599.9999998654
3296999.9999998654
3298399.9999998654
3299799.999999865
3301199.999999865
3302599.999999865
3303999.9999998645
3305399.9999998645
3306799.9999998645
3308199.999999864
3309599.999999864
3310999.999999864
3312399.9999998636
3313799.9999998636
3315199.9999998636
3316599.999999863
3317999.999999863
3319399.999999863
3320799.9999998626
3322199.9999998626
3323599.9999998626
3324999.999999862
3326399.999999862
3327799.999999862
3329199.9999998617
3330599.9999998617
3331999.9999998617
3333399.9999998612
3334799.9999998612
3336199.9999998612
3337599.999999861
3338999.999999861
3340399.999999861
3341799.9999998603
3343199.9999998603
3344599.9999998603
3345999.99999986
3347399.99999986
3348799.99999986
3350199.9999998594
3351599.9999998594
3352999.9999998594
3354399.999999859
3355799.999999859
3357199.999999859
3358599.9999998584
3359999.9999998584
3361399.9999998584
3362799.999999858
3364199.999999858
3365599.999999858
3366999.9999998575
3368399.9999998575
3369799.9999998575
3371199.999999857
3372599.999999857
3373999.999999857
3375399.9999998566
3376799.9999998566
3378199.9999998566
3379599.999999856
3380999.999999856
3382399.999999856
3383799.9999998556
3385199.9999998556
3386599.9999998556
3387999.999999855
3389399.999999855
3390799.999999855
3392199.9999998547
3393599.9999998547
3394999.9999998547
3396399.9999998542
3397799.9999998542
3399199.9999998542
3400599.999999854
3401999.999999854
3403399.999999854
3404799.9999998533
3406199.9999998533
3407599.9999998533
3408999.999999853
3410399.999999853
3411799.999999853
3413199.9999998524
3414599.9999998524
3415999.9999998524
3417399.999999852
3418799.999999852
3420199.999999852
3421599.9999998515
3422999.9999998515
3424399.9999998515
3425799.999999851
3427199.999999851
3428599.999999851
3429999.9999998505
3431399.9999998505
3432799.9999998505
3434199.99999985
3435599.99999985
3436999.99999985
3438399.9999998496
3439799.9999998496
3441199.9999998496
3442599.999999849
3443999.999999849
3445399.999999849
3446799.9999998487
3448199.9999998487
3449599.9999998487
3450999.999999848
3452399.999999848
3453799.999999848
3455199.9999998477
3456599.9999998477
3457999.9999998477
3459399.9999998473
3460799.9999998473
3462199.9999998473
3463599.999999847
3464999.999999847
3466399.999999847
3467799.9999998463
3469199.9999998463
3470599.9999998463
3471999.999999846
3473399.999999846
3474799.999999846
3476199.999999846
3477599.9999998454
3478999.9999998454
3480399.9999998454
3481799.999999845
3483199.999999845
3484599.999999845
3485999.9999998445
3487399.9999998445
3488799.9999998445
3490199.999999844
3491599.999999844
3492999.999999844
3494399.9999998435
3495799.9999998435
3497199.9999998435
3498599.999999843
3499999.999999843
3501399.999999843
3502799.9999998426
3504199.9999998426
3505599.9999998426
3506999.999999842
3508399.999999842
3509799.999999842
3511199.9999998417
3512599.9999998417
3513999.9999998417
3515399.999999841
3516799.999999841
3518199.999999841
3519599.9999998407
3520999.9999998407
3522399.9999998407
3523799.9999998403
3525199.9999998403
3526599.9999998403
3527999.99999984
3529399.99999984
3530799.99999984
3532199.9999998393
3533599.9999998393
3534999.9999998393
3536399.999999839
3537799.999999839
3539199.999999839
3540599.9999998384
3541999.9999998384
3543399.9999998384
3544799.999999838
3546199.999999838
3547599.999999838
3548999.9999998375
3550399.9999998375
3551799.9999998375
3553199.999999837
3554599.999999837
3555999.999999837
3557399.9999998366
3558799.9999998366
3560199.9999998366
3561599.999999836
3562999.999999836
3564399.999999836
3565799.9999998356
3567199.9999998356
3568599.9999998356
3569999.999999835
3571399.999999835
3572799.999999835
3574199.9999998347
3575599.9999998347
3576999.9999998347
3578399.999999834
3579799.999999834
3581199.999999834
3582599.9999998338
3583999.9999998338
3585399.9999998338
3586799.9999998333
3588199.9999998333
3589599.9999998333
3590999.999999833
3592399.999999833
3593799.999999833
3595199.9999998324
3596599.9999998324
3597999.9999998324
3599399.999999832
3600799.999999832
3602199.999999832
3603599.9999998314
3604999.9999998314
3606399.9999998314
3607799.999999831
3609199.999999831
3610599.999999831
3611999.9999998305
3613399.9999998305
3614799.9999998305
3616199.99999983
3617599.99999983
3618999.99999983
3620399.9999998296
3621799.9999998296
3623199.9999998296
3624599.999999829
3625999.999999829
3627399.999999829
3628799.9999998286
3630199.9999998286
3631599.9999998286
3632999.999999828
3634399.999999828
3635799.999999828
3637199.9999998277
3638599.9999998277
3639999.9999998277
3641399.9999998272
3642799.9999998272
3644199.9999998272
3645599.999999827
3646999.999999827
3648399.999999827
3649799.9999998263
3651199.9999998263
3652599.9999998263
3653999.999999826
3655399.999999826
3656799.999999826
3658199.9999998254
3659599.9999998254
3660999.9999998254
3662399.999999825
3663799.999999825
3665199.999999825
3666599.9999998244
3667999.9999998244
3669399.9999998244
3670799.999999824
3672199.999999824
3673599.999999824
3674999.9999998235
3676399.9999998235
3677799.9999998235
3679199.999999823
3680599.999999823
3681999.999999823
3683399.9999998226
3684799.9999998226
3686199.9999998226
3687599.9999998226
3688999.999999822
3690399.999999822
3691799.999999822
3693199.9999998217
3694599.9999998217
3695999.9999998217
3697399.999999821
3698799.999999821
3700199.999999821
3701599.9999998207
3702999.9999998207
3704399.9999998207
3705799.9999998203
3707199.9999998203
3708599.9999998203
3709999.99999982
3711399.99999982
3712799.99999982
3714199.9999998193
3715599.9999998193
3716999.9999998193
3718399.999999819
3719799.999999819
3721199.999999819
3722599.9999998184
3723999.9999998184
3725399.9999998184
3726799.999999818
3728199.999999818
3729599.999999818
3730999.9999998175
3732399.9999998175
3733799.9999998175
3735199.999999817
3736599.999999817
3737999.999999817
3739399.9999998165
3740799.9999998165
3742199.9999998165
3743599.999999816
3744999.999999816
3746399.999999816
3747799.9999998156
3749199.9999998156
3750599.9999998156
3751999.999999815
3753399.999999815
3754799.999999815
3756199.9999998147
3757599.9999998147
3758999.9999998147
3760399.999999814
3761799.999999814
3763199.999999814
3764599.9999998137
3765999.9999998137
3767399.9999998137
3768799.9999998133
3770199.9999998133
3771599.9999998133
3772999.999999813
3774399.999999813
3775799.999999813
3777199.9999998123
3778599.9999998123
3779999.9999998123
3781399.999999812
3782799.999999812
3784199.999999812
3785599.9999998114
3786999.9999998114
3788399.9999998114
3789799.999999811
3791199.999999811
3792599.999999811
3793999.9999998105
3795399.9999998105
3796799.9999998105
3798199.99999981
3799599.99999981
3800999.99999981
3802399.9999998095
3803799.9999998095
3805199.9999998095
3806599.999999809
3807999.999999809
3809399.999999809
3810799.9999998086
3812199.9999998086
3813599.9999998086
3814999.999999808
3816399.999999808
3817799.999999808
3819199.9999998077
3820599.9999998077
3821999.9999998077
3823399.999999807
3824799.999999807
3826199.999999807
3827599.9999998068
3828999.9999998068
3830399.9999998068
3831799.9999998063
3833199.9999998063
3834599.9999998063
3835999.999999806
3837399.999999806
3838799.999999806
3840199.9999998054
3841599.9999998054
3842999.9999998054
3844399.999999805
3845799.999999805
3847199.999999805
3848599.9999998044
3849999.9999998044
3851399.9999998044
3852799.999999804
3854199.999999804
3855599.999999804
3856999.9999998035
3858399.9999998035
3859799.9999998035
3861199.999999803
3862599.999999803
3863999.999999803
3865399.9999998026
3866799.9999998026
3868199.9999998026
3869599.999999802
3870999.999999802
3872399.999999802
3873799.9999998016
3875199.9999998016
3876599.9999998016
3877999.999999801
3879399.999999801
3880799.999999801
3882199.9999998007
3883599.9999998007
3884999.9999998007
3886399.9999998
3887799.9999998
3889199.9999998
3890599.9999997998
3891999.9999997998
3893399.9999997998
3894799.9999997998
3896199.9999997993
3897599.9999997993
3898999.9999997993
3900399.999999799
3901799.999999799
3903199.999999799
3904599.9999997984
3905999.9999997984
3907399.9999997984
3908799.999999798
3910199.999999798
3911599.999999798
3912999.9999997974
3914399.9999997974
3915799.9999997974
3917199.999999797
3918599.999999797
3919999.999999797
3921399.9999997965
3922799.9999997965
3924199.9999997965
3925599.999999796
3926999.999999796
3928399.999999796
3929799.9999997956
3931199.9999997956
3932599.9999997956
3933999.999999795
3935399.999999795
3936799.999999795
3938199.9999997946
3939599.9999997946
3940999.9999997946
3942399.999999794
3943799.999999794
3945199.999999794
3946599.9999997937
3947999.9999997937
3949399.9999997937
3950799.9999997932
3952199.9999997932
3953599.9999997932
3954999.999999793
3956399.999999793
3957799.999999793
3959199.9999997923
3960599.9999997923
3961999.9999997923
3963399.999999792
3964799.999999792
3966199.999999792
3967599.9999997914
3968999.9999997914
3970399.9999997914
3971799.999999791
3973199.999999791
3974599.999999791
3975999.9999997905
3977399.9999997905
3978799.9999997905
3980199.99999979
3981599.99999979
3982999.99999979
3984399.9999997895
3985799.9999997895
3987199.9999997895
3988599.999999789
3989999.999999789
3991399.999999789
3992799.9999997886
3994199.9999997886
3995599.9999997886
3996999.999999788
3998399.999999788
3999799.999999788
4001199.9999997877
4002599.9999997877
4003999.9999997877
4005399.999999787
4006799.999999787
4008199.999999787
4009599.9999997867
4010999.9999997867
4012399.9999997867
4013799.9999997863
4015199.9999997863
4016599.9999997863
4017999.999999786
4019399.999999786
4020799.999999786
4022199.9999997853
4023599.9999997853
4024999.9999997853
4026399.999999785
4027799.999999785
4029199.999999785
4030599.9999997844
4031999.9999997844
4033399.9999997844
4034799.999999784
4036199.999999784
4037599.999999784
4038999.9999997835
4040399.9999997835
4041799.9999997835
4043199.999999783
4044599.999999783
4045999.999999783
4047399.9999997825
4048799.9999997825
4050199.9999997825
4051599.999999782
4052999.999999782
4054399.999999782
4055799.9999997816
4057199.9999997816
4058599.9999997816
4059999.999999781
4061399.999999781
4062799.999999781
4064199.9999997807
4065599.9999997807
4066999.9999997807
4068399.99999978
4069799.99999978
4071199.99999978
4072599.9999997797
4073999.9999997797
4075399.9999997797
4076799.9999997793
4078199.9999997793
4079599.9999997793
4080999.999999779
4082399.999999779
4083799.999999779
4085199.9999997783
4086599.9999997783
4087999.9999997783
4089399.999999778
4090799.999999778
4092199.999999778
4093599.9999997774
4094999.9999997774
4096399.9999997774
4097799.999999777
4099199.999999777
4100599.999999777
4101999.9999997765
4103399.9999997765
4104799.9999997765
4106199.9999997765
4107599.999999776
4108999.999999776
4110399.999999776
4111799.9999997756
4113199.9999997756
4114599.9999997756
4115999.999999775
4117399.999999775
4118799.999999775
4120199.9999997746
4121599.9999997746
4122999.9999997746
4124399.999999774
4125799.999999774
4127199.999999774
4128599.9999997737
4129999.9999997737
4131399.9999997737
4132799.999999773
4134199.999999773
4135599.999999773
4136999.9999997728
4138399.9999997728
4139799.9999997728
4141199.9999997723
4142599.9999997723
4143999.9999997723
4145399.999999772
4146799.999999772
4148199.999999772
4149599.9999997714
4150999.9999997714
4152399.9999997714
4153799.999999771
4155199.999999771
4156599.999999771
4157999.9999997704
4159399.9999997704
4160799.9999997704
4162199.99999977
4163599.99999977
4164999.99999977
4166399.9999997695
4167799.9999997695
4169199.9999997695
4170599.999999769
4171999.999999769
4173399.999999769
4174799.9999997686
4176199.9999997686
4177599.9999997686
4178999.999999768
4180399.999999768
4181799.999999768
4183199.9999997676
4184599.9999997676
4185999.9999997676
4187399.999999767
4188799.999999767
4190199.999999767
4191599.9999997667
4192999.9999997667
4194399.999999766
4195799.999999766
4197199.999999766
4198599.999999766
4199999.999999766
4201399.999999765
4202799.999999765
4204199.999999765
4205599.999999765
4206999.999999765
4208399.999999765
4209799.999999765
4211199.999999764
4212599.999999764
4213999.999999764
4215399.999999764
4216799.999999764
4218199.999999764
4219599.999999763
4220999.999999763
4222399.999999763
4223799.999999763
4225199.999999763
4226599.999999763
4227999.9999997625
4229399.9999997625
4230799.9999997625
4232199.9999997625
4233599.9999997625
4234999.9999997625
4236399.999999762
4237799.999999762
4239199.999999762
4240599.999999762
4241999.999999762
4243399.999999762
4244799.999999761
4246199.999999761
4247599.999999761
4248999.999999761
4250399.999999761
4251799.999999761
4253199.99999976
4254599.99999976
4255999.99999976
4257399.99999976
4258799.99999976
4260199.99999976
4261599.999999759
4262999.999999759
4264399.999999759
4265799.999999759
4267199.999999759
4268599.999999759
4269999.999999758
4271399.999999758
4272799.999999758
4274199.999999758
4275599.999999758
4276999.999999758
4278399.999999757
4279799.999999757
4281199.999999757
4282599.999999757
4283999.999999757
4285399.999999757
4286799.999999756
4288199.999999756
4289599.999999756
4290999.999999756
4292399.999999756
4293799.999999756
4295199.999999755
4296599.999999755
4297999.999999755
4299399.999999755
4300799.999999755
4302199.999999755
4303599.999999754
4304999.999999754
4306399.999999754
4307799.999999754
4309199.999999754
4310599.999999754
4311999.999999753
4313399.999999753
4314799.999999753
4316199.999999753
4317599.999999753
4318999.999999753
4320399.999999752
4321799.999999752
4323199.999999752
4324599.999999752
4325999.999999752
4327399.999999752
4328799.999999751
4330199.999999751
4331599.999999751
4332999.999999751
4334399.999999751
4335799.999999751
4337199.99999975
4338599.99999975
4339999.99999975
4341399.99999975
4342799.99999975
4344199.99999975
4345599.9999997495
4346999.9999997495
4348399.9999997495
4349799.9999997495
4351199.9999997495
4352599.9999997495
4353999.999999749
4355399.999999749
4356799.999999749
4358199.999999749
4359599.999999749
4360999.999999749
4362399.999999748
4363799.999999748
4365199.999999748
4366599.999999748
4367999.999999748
4369399.999999748
4370799.999999747
4372199.999999747
4373599.999999747
4374999.999999747
4376399.999999747
4377799.999999747
4379199.999999746
4380599.999999746
4381999.999999746
4383399.999999746
4384799.999999746
4386199.999999746
4387599.999999745
4388999.999999745
4390399.999999745
4391799.999999745
4393199.999999745
4394599.999999745
4395999.999999744
4397399.999999744
4398799.999999744
4400199.999999744
4401599.999999744
4402999.999999744
4404399.999999743
4405799.999999743
4407199.999999743
4408599.999999743
4409999.999999743
4411399.999999743
4412799.999999742
4414199.999999742
4415599.999999742
4416999.999999742
4418399.999999742
4419799.999999742
4421199.999999742
4422599.999999741
4423999.999999741
4425399.999999741
4426799.999999741
4428199.999999741
4429599.999999741
4430999.99999974
4432399.99999974
4433799.99999974
4435199.99999974
4436599.99999974
4437999.99999974
4439399.999999739
4440799.999999739
4442199.999999739
4443599.999999739
4444999.999999739
4446399.999999739
4447799.999999738
4449199.999999738
4450599.999999738
4451999.999999738
4453399.999999738
4454799.999999738
4456199.999999737
4457599.999999737
4458999.999999737
4460399.999999737
4461799.999999737
4463199.999999737
4464599.999999736
4465999.999999736
4467399.999999736
4468799.999999736
4470199.999999736
4471599.999999736
4472999.9999997355
4474399.9999997355
4475799.9999997355
4477199.9999997355
4478599.9999997355
4479999.9999997355
4481399.999999735
4482799.999999735
4484199.999999735
4485599.999999735
4486999.999999735
4488399.999999735
4489799.999999734
4491199.999999734
4492599.999999734
4493999.999999734
4495399.999999734
4496799.999999734
4498199.999999733
4499599.999999733
4500999.999999733
4502399.999999733
4503799.999999733
4505199.999999733
4506599.999999732
4507999.999999732
4509399.999999732
4510799.999999732
4512199.999999732
4513599.999999732
4514999.999999731
4516399.999999731
4517799.999999731
4519199.999999731
4520599.999999731
4521999.999999731
4523399.99999973
4524799.99999973
4526199.99999973
4527599.99999973
4528999.99999973
4530399.99999973
4531799.999999729
4533199.999999729
4534599.999999729
4535999.999999729
4537399.999999729
4538799.999999729
4540199.999999728
4541599.999999728
4542999.999999728
4544399.999999728
4545799.999999728
4547199.999999728
4548599.999999727
4549999.999999727
4551399.999999727
4552799.999999727
4554199.999999727
4555599.999999727
4556999.999999726
4558399.999999726
4559799.999999726
4561199.999999726
4562599.999999726
4563999.999999726
4565399.999999725
4566799.999999725
4568199.999999725
4569599.999999725
4570999.999999725
4572399.999999725
4573799.999999724
4575199.999999724
4576599.999999724
4577999.999999724
4579399.999999724
4580799.999999724
4582199.999999723
4583599.999999723
4584999.999999723
4586399.999999723
4587799.999999723
4589199.999999723
4590599.9999997225
4591999.9999997225
4593399.9999997225
4594799.9999997225
4596199.9999997225
4597599.9999997225
4598999.999999722
4600399.999999722
4601799.999999722
4603199.999999722
4604599.999999722
4605999.999999722
4607399.999999721
4608799.999999721
4610199.999999721
4611599.999999721
4612999.999999721
4614399.999999721
4615799.99999972
4617199.99999972
4618599.99999972
4619999.99999972
4621399.99999972
4622799.99999972
4624199.999999719
4625599.999999719
4626999.999999719
4628399.999999719
4629799.999999719
4631199.999999719
4632599.999999719
4633999.999999718
4635399.999999718
4636799.999999718
4638199.999999718
4639599.999999718
4640999.999999718
4642399.999999717
4643799.999999717
4645199.999999717
4646599.999999717
4647999.999999717
4649399.999999717
4650799.999999716
4652199.999999716
4653599.999999716
4654999.999999716
4656399.999999716
4657799.999999716
4659199.999999715
4660599.999999715
4661999.999999715
4663399.999999715
4664799.999999715
4666199.999999715
4667599.999999714
4668999.999999714
4670399.999999714
4671799.999999714
4673199.999999714
4674599.999999714
4675999.999999713
4677399.999999713
4678799.999999713
4680199.999999713
4681599.999999713
4682999.999999713
4684399.999999712
4685799.999999712
4687199.999999712
4688599.999999712
4689999.999999712
4691399.999999712
4692799.999999711
4694199.999999711
4695599.999999711
4696999.999999711
4698399.999999711
4699799.999999711
4701199.99999971
4702599.99999971
4703999.99999971
4705399.99999971
4706799.99999971
4708199.99999971
4709599.999999709
4710999.999999709
4712399.999999709
4713799.999999709
4715199.999999709
4716599.999999709
4717999.9999997085
4719399.9999997085
4720799.9999997085
4722199.9999997085
4723599.9999997085
4724999.9999997085
4726399.999999708
4727799.999999708
4729199.999999708
4730599.999999708
4731999.999999708
4733399.999999708
4734799.999999707
4736199.999999707
4737599.999999707
4738999.999999707
4740399.999999707
4741799.999999707
4743199.999999706
4744599.999999706
4745999.999999706
4747399.999999706
4748799.999999706
4750199.999999706
4751599.999999705
4752999.999999705
4754399.999999705
4755799.999999705
4757199.999999705
4758599.999999705
4759999.999999704
4761399.999999704
4762799.999999704
4764199.999999704
4765599.999999704
4766999.999999704
4768399.999999703
4769799.999999703
4771199.999999703
4772599.999999703
4773999.999999703
4775399.999999703
4776799.999999702
4778199.999999702
4779599.999999702
4780999.999999702
4782399.999999702
4783799.999999702
4785199.999999701
4786599.999999701
4787999.999999701
4789399.999999701
4790799.999999701
4792199.999999701
4793599.9999997
4794999.9999997
4796399.9999997
4797799.9999997
4799199.9999997
4800599.9999997
4801999.999999699
4803399.999999699
4804799.999999699
4806199.999999699
4807599.999999699
4808999.999999699
4810399.999999698
4811799.999999698
4813199.999999698
4814599.999999698
4815999.999999698
4817399.999999698
4818799.999999697
4820199.999999697
4821599.999999697
4822999.999999697
4824399.999999697
4825799.999999697
4827199.999999696
4828599.999999696
4829999.999999696
4831399.999999696
4832799.999999696
4834199.999999696
4835599.999999695
4836999.999999695
4838399.999999695
4839799.999999695
4841199.999999695
4842599.999999695
4843999.999999695
4845399.9999996945
4846799.9999996945
4848199.9999996945
4849599.9999996945
4850999.9999996945
4852399.9999996945
4853799.999999694
4855199.999999694
4856599.999999694
4857999.999999694
4859399.999999694
4860799.999999694
4862199.999999693
4863599.999999693
4864999.999999693
4866399.999999693
4867799.999999693
4869199.999999693
4870599.999999692
4871999.999999692
4873399.999999692
4874799.999999692
4876199.999999692
4877599.999999692
4878999.999999691
4880399.999999691
4881799.999999691
4883199.999999691
4884599.999999691
4885999.999999691
4887399.99999969
4888799.99999969
4890199.99999969
4891599.99999969
4892999.99999969
4894399.99999969
4895799.999999689
4897199.999999689
4898599.999999689
4899999.999999689
4901399.999999689
4902799.999999689
4904199.999999688
4905599.999999688
4906999.999999688
4908399.999999688
4909799.999999688
4911199.999999688
4912599.999999687
4913999.999999687
4915399.999999687
4916799.999999687
4918199.999999687
4919599.999999687
4920999.999999686
4922399.999999686
4923799.999999686
4925199.999999686
4926599.999999686
4927999.999999686
4929399.999999685
4930799.999999685
4932199.999999685
4933599.999999685
4934999.999999685
4936399.999999685
4937799.999999684
4939199.999999684
4940599.999999684
4941999.999999684
4943399.999999684
4944799.999999684
4946199.999999683
4947599.999999683
4948999.999999683
4950399.999999683
4951799.999999683
4953199.999999683
4954599.999999682
4955999.999999682
4957399.999999682
4958799.999999682
4960199.999999682
4961599.999999682
4962999.9999996815
4964399.9999996815
4965799.9999996815
4967199.9999996815
4968599.9999996815
4969999.9999996815
4971399.999999681
4972799.999999681
4974199.999999681
4975599.999999681
4976999.999999681
4978399.999999681
4979799.99999968
4981199.99999968
4982599.99999968
4983999.99999968
4985399.99999968
4986799.99999968
4988199.999999679
4989599.999999679
4990999.999999679
4992399.999999679
4993799.999999679
4995199.999999679
4996599.999999678
4997999.999999678
4999399.999999678
5000799.999999678
5002199.999999678
5003599.999999678
5004999.999999677
5006399.999999677
5007799.999999677
5009199.999999677
5010599.999999677
5011999.999999677
5013399.999999676
5014799.999999676
5016199.999999676
5017599.999999676
5018999.999999676
5020399.999999676
5021799.999999675
5023199.999999675
5024599.999999675
5025999.999999675
5027399.999999675
5028799.999999675
5030199.999999674
5031599.999999674
5032999.999999674
5034399.999999674
5035799.999999674
5037199.999999674
5038599.999999673
5039999.999999673
5041399.999999673
5042799.999999673
5044199.999999673
5045599.999999673
5046999.999999672
5048399.999999672
5049799.999999672
5051199.999999672
5052599.999999672
5053999.999999672
5055399.999999672
5056799.999999671
5058199.999999671
5059599.999999671
5060999.999999671
5062399.999999671
5063799.999999671
5065199.99999967
5066599.99999967
5067999.99999967
5069399.99999967
5070799.99999967
5072199.99999967
5073599.999999669
5074999.999999669
5076399.999999669
5077799.999999669
5079199.999999669
5080599.999999669
5081999.999999668
5083399.999999668
5084799.999999668
5086199.999999668
5087599.999999668
5088999.999999668
5090399.9999996675
5091799.9999996675
5093199.9999996675
5094599.9999996675
5095999.9999996675
5097399.9999996675
5098799.999999667
5100199.999999667
5101599.999999667
5102999.999999667
5104399.999999667
5105799.999999667
5107199.999999666
5108599.999999666
5109999.999999666
5111399.999999666
5112799.999999666
5114199.999999666
5115599.999999665
5116999.999999665
5118399.999999665
5119799.999999665
5121199.999999665
5122599.999999665
5123999.999999664
5125399.999999664
5126799.999999664
5128199.999999664
5129599.999999664
5130999.999999664
5132399.999999663
5133799.999999663
5135199.999999663
5136599.999999663
5137999.999999663
5139399.999999663
5140799.999999662
5142199.999999662
5143599.999999662
5144999.999999662
5146399.999999662
5147799.999999662
5149199.999999661
5150599.999999661
5151999.999999661
5153399.999999661
5154799.999999661
5156199.999999661
5157599.99999966
5158999.99999966
5160399.99999966
5161799.99999966
5163199.99999966
5164599.99999966
5165999.999999659
5167399.999999659
5168799.999999659
5170199.999999659
5171599.999999659
5172999.999999659
5174399.999999658
5175799.999999658
5177199.999999658
5178599.999999658
5179999.999999658
5181399.999999658
5182799.999999657
5184199.999999657
5185599.999999657
5186999.999999657
5188399.999999657
5189799.999999657
5191199.999999656
5192599.999999656
5193999.999999656
5195399.999999656
5196799.999999656
5198199.999999656
5199599.999999655
5200999.999999655
5202399.999999655
5203799.999999655
5205199.999999655
5206599.999999655
5207999.9999996545
5209399.9999996545
5210799.9999996545
5212199.9999996545
5213599.9999996545
5214999.9999996545
5216399.999999654
5217799.999999654
5219199.999999654
5220599.999999654
5221999.999999654
5223399.999999654
5224799.999999653
5226199.999999653
5227599.999999653
5228999.999999653
5230399.999999653
5231799.999999653
5233199.999999652
5234599.999999652
5235999.999999652
5237399.999999652
5238799.999999652
5240199.999999652
5241599.999999651
5242999.999999651
5244399.999999651
5245799.999999651
5247199.999999651
5248599.999999651
5249999.99999965
5251399.99999965
5252799.99999965
5254199.99999965
5255599.99999965
5256999.99999965
5258399.999999649
5259799.999999649
5261199.999999649
5262599.999999649
5263999.999999649
5265399.999999649
5266799.999999649
5268199.999999648
5269599.999999648
5270999.999999648
5272399.999999648
5273799.999999648
5275199.999999648
5276599.999999647
5277999.999999647
5279399.999999647
5280799.999999647
5282199.999999647
5283599.999999647
5284999.999999646
5286399.999999646
5287799.999999646
5289199.999999646
5290599.999999646
5291999.999999646
5293399.999999645
5294799.999999645
5296199.999999645
5297599.999999645
5298999.999999645
5300399.999999645
5301799.999999644
5303199.999999644
5304599.999999644
5305999.999999644
5307399.999999644
5308799.999999644
5310199.999999643
5311599.999999643
5312999.999999643
5314399.999999643
5315799.999999643
5317199.999999643
5318599.999999642
5319999.999999642
5321399.999999642
5322799.999999642
5324199.999999642
5325599.999999642
5326999.999999641
5328399.999999641
5329799.999999641
5331199.999999641
5332599.999999641
5333999.999999641
5335399.9999996405
5336799.9999996405
5338199.9999996405
5339599.9999996405
5340999.9999996405
5342399.9999996405
5343799.99999964
5345199.99999964
5346599.99999964
5347999.99999964
5349399.99999964
5350799.99999964
5352199.999999639
5353599.999999639
5354999.999999639
5356399.999999639
5357799.999999639
5359199.999999639
5360599.999999638
5361999.999999638
5363399.999999638
5364799.999999638
5366199.999999638
5367599.999999638
5368999.999999637
5370399.999999637
5371799.999999637
5373199.999999637
5374599.999999637
5375999.999999637
5377399.999999636
5378799.999999636
5380199.999999636
5381599.999999636
5382999.999999636
5384399.999999636
5385799.999999635
5387199.999999635
5388599.999999635
5389999.999999635
5391399.999999635
5392799.999999635
5394199.999999634
5395599.999999634
5396999.999999634
5398399.999999634
5399799.999999634
5401199.999999634
5402599.999999633
5403999.999999633
5405399.999999633
5406799.999999633
5408199.999999633
5409599.999999633
5410999.999999632
5412399.999999632
5413799.999999632
5415199.999999632
5416599.999999632
5417999.999999632
5419399.999999631
5420799.999999631
5422199.999999631
5423599.999999631
5424999.999999631
5426399.999999631
5427799.99999963
5429199.99999963
5430599.99999963
5431999.99999963
5433399.99999963
5434799.99999963
5436199.999999629
5437599.999999629
5438999.999999629
5440399.999999629
5441799.999999629
5443199.999999629
5444599.999999628
5445999.999999628
5447399.999999628
5448799.999999628
5450199.999999628
5451599.999999628
5452999.9999996275
5454399.9999996275
5455799.9999996275
5457199.9999996275
5458599.9999996275
5459999.9999996275
5461399.999999627
5462799.999999627
5464199.999999627
5465599.999999627
5466999.999999627
5468399.999999627
5469799.999999626
5471199.999999626
5472599.999999626
5473999.999999626
5475399.999999626
5476799.999999626
5478199.999999626
5479599.999999625
5480999.999999625
5482399.999999625
5483799.999999625
5485199.999999625
5486599.999999625
5487999.999999624
5489399.999999624
5490799.999999624
5492199.999999624
5493599.999999624
5494999.999999624
5496399.999999623
5497799.999999623
5499199.999999623
5500599.999999623
5501999.999999623
5503399.999999623
5504799.999999622
5506199.999999622
5507599.999999622
5508999.999999622
5510399.999999622
5511799.999999622
5513199.999999621
5514599.999999621
5515999.999999621
5517399.999999621
5518799.999999621
5520199.999999621
5521599.99999962
5522999.99999962
5524399.99999962
5525799.99999962
5527199.99999962
5528599.99999962
5529999.999999619
5531399.999999619
5532799.999999619
5534199.999999619
5535599.999999619
5536999.999999619
5538399.999999618
5539799.999999618
5541199.999999618
5542599.999999618
5543999.999999618
5545399.999999618
5546799.999999617
5548199.999999617
5549599.999999617
5550999.999999617
5552399.999999617
5553799.999999617
5555199.999999616
5556599.999999616
5557999.999999616
5559399.999999616
5560799.999999616
5562199.999999616
5563599.999999615
5564999.999999615
5566399.999999615
5567799.999999615
5569199.999999615
5570599.999999615
5571999.999999614
5573399.999999614
5574799.999999614
5576199.999999614
5577599.999999614
5578999.999999614
5580399.9999996135
5581799.9999996135
5583199.9999996135
5584599.9999996135
5585999.9999996135
5587399.9999996135
5588799.999999613
5590199.999999613
5591599.999999613
5592999.999999613
5594399.999999613
5595799.999999613
5597199.999999612
5598599.999999612
5599999.999999612
5601399.999999612
5602799.999999612
5604199.999999612
5605599.999999611
5606999.999999611
5608399.999999611
5609799.999999611
5611199.999999611
5612599.999999611
5613999.99999961
5615399.99999961
5616799.99999961
5618199.99999961
5619599.99999961
5620999.99999961
5622399.999999609
5623799.999999609
5625199.999999609
5626599.999999609
5627999.999999609
5629399.999999609
5630799.999999608
5632199.999999608
5633599.999999608
5634999.999999608
5636399.999999608
5637799.999999608
5639199.999999607
5640599.999999607
5641999.999999607
5643399.999999607
5644799.999999607
5646199.999999607
5647599.999999606
5648999.999999606
5650399.999999606
5651799.999999606
5653199.999999606
5654599.999999606
5655999.999999605
5657399.999999605
5658799.999999605
5660199.999999605
5661599.999999605
5662999.999999605
5664399.999999604
5665799.999999604
5667199.999999604
5668599.999999604
5669999.999999604
5671399.999999604
5672799.999999603
5674199.999999603
5675599.999999603
5676999.999999603
5678399.999999603
5679799.999999603
5681199.999999602
5682599.999999602
5683999.999999602
5685399.999999602
5686799.999999602
5688199.999999602
5689599.999999602
5690999.999999601
5692399.999999601
5693799.999999601
5695199.999999601
5696599.999999601
5697999.999999601
5699399.9999996
5700799.9999996
5702199.9999996
5703599.9999996
5704999.9999996
5706399.9999996
5707799.9999995995
5709199.9999995995
5710599.9999995995
5711999.9999995995
5713399.9999995995
5714799.9999995995
5716199.999999599
5717599.999999599
5718999.999999599
5720399.999999599
5721799.999999599
5723199.999999599
5724599.999999598
5725999.999999598
5727399.999999598
5728799.999999598
5730199.999999598
5731599.999999598
5732999.999999597
5734399.999999597
5735799.999999597
5737199.999999597
5738599.999999597
5739999.999999597
5741399.999999596
5742799.999999596
5744199.999999596
5745599.999999596
5746999.999999596
5748399.999999596
5749799.999999595
5751199.999999595
5752599.999999595
5753999.999999595
5755399.999999595
5756799.999999595
5758199.999999594
5759599.999999594
5760999.999999594
5762399.999999594
5763799.999999594
5765199.999999594
5766599.999999593
5767999.999999593
5769399.999999593
5770799.999999593
5772199.999999593
5773599.999999593
5774999.999999592
5776399.999999592
5777799.999999592
5779199.999999592
5780599.999999592
5781999.999999592
5783399.999999591
5784799.999999591
5786199.999999591
5787599.999999591
5788999.999999591
5790399.999999591
5791799.99999959
5793199.99999959
5794599.99999959
5795999.99999959
5797399.99999959
5798799.99999959
5800199.999999589
5801599.999999589
5802999.999999589
5804399.999999589
5805799.999999589
5807199.999999589
5808599.999999588
5809999.999999588
5811399.999999588
5812799.999999588
5814199.999999588
5815599.999999588
5816999.999999587
5818399.999999587
5819799.999999587
5821199.999999587
5822599.999999587
5823999.999999587
5825399.9999995865
5826799.9999995865
5828199.9999995865
5829599.9999995865
5830999.9999995865
5832399.9999995865
5833799.999999586
5835199.999999586
5836599.999999586
5837999.999999586
5839399.999999586
5840799.999999586
5842199.999999585
5843599.999999585
5844999.999999585
5846399.999999585
5847799.999999585
5849199.999999585
5850599.999999584
5851999.999999584
5853399.999999584
5854799.999999584
5856199.999999584
5857599.999999584
5858999.999999583
5860399.999999583
5861799.999999583
5863199.999999583
5864599.999999583
5865999.999999583
5867399.999999582
5868799.999999582
5870199.999999582
5871599.999999582
5872999.999999582
5874399.999999582
5875799.999999581
5877199.999999581
5878599.999999581
5879999.999999581
5881399.999999581
5882799.999999581
5884199.99999958
5885599.99999958
5886999.99999958
5888399.99999958
5889799.99999958
5891199.99999958
5892599.999999579
5893999.999999579
5895399.999999579
5896799.999999579
5898199.999999579
5899599.999999579
5900999.999999579
5902399.999999578
5903799.999999578
5905199.999999578
5906599.999999578
5907999.999999578
5909399.999999578
5910799.999999577
5912199.999999577
5913599.999999577
5914999.999999577
5916399.999999577
5917799.999999577
5919199.999999576
5920599.999999576
5921999.999999576
5923399.999999576
5924799.999999576
5926199.999999576
5927599.999999575
5928999.999999575
5930399.999999575
5931799.999999575
5933199.999999575
5934599.999999575
5935999.999999574
5937399.999999574
5938799.999999574
5940199.999999574
5941599.999999574
5942999.999999574
5944399.999999573
5945799.999999573
5947199.999999573
5948599.999999573
5949999.999999573
5951399.999999573
5952799.9999995725
5954199.9999995725
5955599.9999995725
5956999.9999995725
5958399.9999995725
5959799.9999995725
5961199.999999572
5962599.999999572
5963999.999999572
5965399.999999572
5966799.999999572
5968199.999999572
5969599.999999571
5970999.999999571
5972399.999999571
5973799.999999571
5975199.999999571
5976599.999999571
5977999.99999957
5979399.99999957
5980799.99999957
5982199.99999957
5983599.99999957
5984999.99999957
5986399.999999569
5987799.999999569
5989199.999999569
5990599.999999569
5991999.999999569
5993399.999999569
5994799.999999568
5996199.999999568
5997599.999999568
5998999.999999568
6000399.999999568
6001799.999999568
6003199.999999567
6004599.999999567
6005999.999999567
6007399.999999567
6008799.999999567
6010199.999999567
6011599.999999566
6012999.999999566
6014399.999999566
6015799.999999566
6017199.999999566
6018599.999999566
6019999.999999565
6021399.999999565
6022799.999999565
6024199.999999565
6025599.999999565
6026999.999999565
6028399.999999564
6029799.999999564
6031199.999999564
6032599.999999564
6033999.999999564
6035399.999999564
6036799.999999563
6038199.999999563
6039599.999999563
6040999.999999563
6042399.999999563
6043799.999999563
6045199.999999562
6046599.999999562
6047999.999999562
6049399.999999562
6050799.999999562
6052199.999999562
6053599.999999561
6054999.999999561
6056399.999999561
6057799.999999561
6059199.999999561
6060599.999999561
6061999.99999956
6063399.99999956
6064799.99999956
6066199.99999956
6067599.99999956
6068999.99999956
6070399.9999995595
6071799.9999995595
6073199.9999995595
6074599.9999995595
6075999.9999995595
6077399.9999995595
6078799.999999559
6080199.999999559
6081599.999999559
6082999.999999559
6084399.999999559
6085799.999999559
6087199.999999558
6088599.999999558
6089999.999999558
6091399.999999558
6092799.999999558
6094199.999999558
6095599.999999557
6096999.999999557
6098399.999999557
6099799.999999557
6101199.999999557
6102599.999999557
6103999.999999557
6105399.999999556
6106799.999999556
6108199.999999556
6109599.999999556
6110999.999999556
6112399.999999556
6113799.999999555
6115199.999999555
6116599.999999555
6117999.999999555
6119399.999999555
6120799.999999555
6122199.999999554
6123599.999999554
6124999.999999554
6126399.999999554
6127799.999999554
6129199.999999554
6130599.999999553
6131999.999999553
6133399.999999553
6134799.999999553
6136199.999999553
6137599.999999553
6138999.999999552
6140399.999999552
6141799.999999552
6143199.999999552
6144599.999999552
6145999.999999552
6147399.999999551
6148799.999999551
6150199.999999551
6151599.999999551
6152999.999999551
6154399.999999551
6155799.99999955
6157199.99999955
6158599.99999955
6159999.99999955
6161399.99999955
6162799.99999955
6164199.999999549
6165599.999999549
6166999.999999549
6168399.999999549
6169799.999999549
6171199.999999549
6172599.999999548
6173999.999999548
6175399.999999548
6176799.999999548
6178199.999999548
6179599.999999548
6180999.999999547
6182399.999999547
6183799.999999547
6185199.999999547
6186599.999999547
6187999.999999547
6189399.999999546
6190799.999999546
6192199.999999546
6193599.999999546
6194999.999999546
6196399.999999546
6197799.9999995455
6199199.9999995455
6200599.9999995455
6201999.9999995455
6203399.9999995455
6204799.9999995455
6206199.999999545
6207599.999999545
6208999.999999545
6210399.999999545
6211799.999999545
6213199.999999545
6214599.999999544
6215999.999999544
6217399.999999544
6218799.999999544
6220199.999999544
6221599.999999544
6222999.999999543
6224399.999999543
6225799.999999543
6227199.999999543
6228599.999999543
6229999.999999543
6231399.999999542
6232799.999999542
6234199.999999542
6235599.999999542
6236999.999999542
6238399.999999542
6239799.999999541
6241199.999999541
6242599.999999541
6243999.999999541
6245399.999999541
6246799.999999541
6248199.99999954
6249599.99999954
6250999.99999954
6252399.99999954
6253799.99999954
6255199.99999954
6256599.999999539
6257999.999999539
6259399.999999539
6260799.999999539
6262199.999999539
6263599.999999539
6264999.999999538
6266399.999999538
6267799.999999538
6269199.999999538
6270599.999999538
6271999.999999538
6273399.999999537
6274799.999999537
6276199.999999537
6277599.999999537
6278999.999999537
6280399.999999537
6281799.999999536
6283199.999999536
6284599.999999536
6285999.999999536
6287399.999999536
6288799.999999536
6290199.999999535
6291599.999999535
6292999.999999535
6294399.999999535
6295799.999999535
6297199.999999535
6298599.999999534
6299999.999999534
6301399.999999534
6302799.999999534
6304199.999999534
6305599.999999534
6306999.999999533
6308399.999999533
6309799.999999533
6311199.999999533
6312599.999999533
6313999.999999533
6315399.999999533
6316799.9999995325
6318199.9999995325
6319599.9999995325
6320999.9999995325
6322399.9999995325
6323799.9999995325
6325199.999999532
6326599.999999532
6327999.999999532
6329399.999999532
6330799.999999532
6332199.999999532
6333599.999999531
6334999.999999531
6336399.999999531
6337799.999999531
6339199.999999531
6340599.999999531
6341999.99999953
6343399.99999953
6344799.99999953
6346199.99999953
6347599.99999953
6348999.99999953
6350399.999999529
6351799.999999529
6353199.999999529
6354599.999999529
6355999.999999529
6357399.999999529
6358799.999999528
6360199.999999528
6361599.999999528
6362999.999999528
6364399.999999528
6365799.999999528
6367199.999999527
6368599.999999527
6369999.999999527
6371399.999999527
6372799.999999527
6374199.999999527
6375599.999999526
6376999.999999526
6378399.999999526
6379799.999999526
6381199.999999526
6382599.999999526
6383999.999999525
6385399.999999525
6386799.999999525
6388199.999999525
6389599.999999525
6390999.999999525
6392399.999999524
6393799.999999524
6395199.999999524
6396599.999999524
6397999.999999524
6399399.999999524
6400799.999999523
6402199.999999523
6403599.999999523
6404999.999999523
6406399.999999523
6407799.999999523
6409199.999999522
6410599.999999522
6411999.999999522
6413399.999999522
6414799.999999522
6416199.999999522
6417599.999999521
6418999.999999521
6420399.999999521
6421799.999999521
6423199.999999521
6424599.999999521
6425999.99999952
6427399.99999952
6428799.99999952
6430199.99999952
6431599.99999952
6432999.99999952
6434399.999999519
6435799.999999519
6437199.999999519
6438599.999999519
6439999.999999519
6441399.999999519
6442799.9999995185
6444199.9999995185
6445599.9999995185
6446999.9999995185
6448399.9999995185
6449799.9999995185
6451199.999999518
6452599.999999518
6453999.999999518
6455399.999999518
6456799.999999518
6458199.999999518
6459599.999999517
6460999.999999517
6462399.999999517
6463799.999999517
6465199.999999517
6466599.999999517
6467999.999999516
6469399.999999516
6470799.999999516
6472199.999999516
6473599.999999516
6474999.999999516
6476399.999999515
6477799.999999515
6479199.999999515
6480599.999999515
6481999.999999515
6483399.999999515
6484799.999999514
6486199.999999514
6487599.999999514
6488999.999999514
6490399.999999514
6491799.999999514
6493199.999999513
6494599.999999513
6495999.999999513
6497399.999999513
6498799.999999513
6500199.999999513
6501599.999999512
6502999.999999512
6504399.999999512
6505799.999999512
6507199.999999512
6508599.999999512
6509999.999999511
6511399.999999511
6512799.999999511
6514199.999999511
6515599.999999511
6516999.999999511
6518399.99999951
6519799.99999951
6521199.99999951
6522599.99999951
6523999.99999951
6525399.99999951
6526799.99999951
6528199.999999509
6529599.999999509
6530999.999999509
6532399.999999509
6533799.999999509
6535199.999999509
6536599.999999508
6537999.999999508
6539399.999999508
6540799.999999508
6542199.999999508
6543599.999999508
6544999.999999507
6546399.999999507
6547799.999999507
6549199.999999507
6550599.999999507
6551999.999999507
6553399.999999506
6554799.999999506
6556199.999999506
6557599.999999506
6558999.999999506
6560399.999999506
6561799.9999995055
6563199.9999995055
6564599.9999995055
6565999.9999995055
6567399.9999995055
6568799.9999995055
6570199.999999505
6571599.999999505
6572999.999999505
6574399.999999505
6575799.999999505
6577199.999999505
6578599.999999504
6579999.999999504
6581399.999999504
6582799.999999504
6584199.999999504
6585599.999999504
6586999.999999503
6588399.999999503
6589799.999999503
6591199.999999503
6592599.999999503
6593999.999999503
6595399.999999502
6596799.999999502
6598199.999999502
6599599.999999502
6600999.999999502
6602399.999999502
6603799.999999501
6605199.999999501
6606599.999999501
6607999.999999501
6609399.999999501
6610799.999999501
6612199.9999995
6613599.9999995
6614999.9999995
6616399.9999995
6617799.9999995
6619199.9999995
6620599.999999499
6621999.999999499
6623399.999999499
6624799.999999499
6626199.999999499
6627599.999999499
6628999.999999498
6630399.999999498
6631799.999999498
6633199.999999498
6634599.999999498
6635999.999999498
6637399.999999497
6638799.999999497
6640199.999999497
6641599.999999497
6642999.999999497
6644399.999999497
6645799.999999496
6647199.999999496
6648599.999999496
6649999.999999496
6651399.999999496
6652799.999999496
6654199.999999495
6655599.999999495
6656999.999999495
6658399.999999495
6659799.999999495
6661199.999999495
6662599.999999494
6663999.999999494
6665399.999999494
6666799.999999494
6668199.999999494
6669599.999999494
6670999.999999493
6672399.999999493
6673799.999999493
6675199.999999493
6676599.999999493
6677999.999999493
6679399.999999492
6680799.999999492
6682199.999999492
6683599.999999492
6684999.999999492
6686399.999999492
6687799.9999994915
6689199.9999994915
6690599.9999994915
6691999.9999994915
6693399.9999994915
6694799.9999994915
6696199.999999491
6697599.999999491
6698999.999999491
6700399.999999491
6701799.999999491
6703199.999999491
6704599.99999949
6705999.99999949
6707399.99999949
6708799.99999949
6710199.99999949
6711599.99999949
6712999.999999489
6714399.999999489
6715799.999999489
6717199.999999489
6718599.999999489
6719999.999999489
6721399.999999488
6722799.999999488
6724199.999999488
6725599.999999488
6726999.999999488
6728399.999999488
6729799.999999487
6731199.999999487
6732599.999999487
6733999.999999487
6735399.999999487
6736799.999999487
6738199.999999487
6739599.999999486
6740999.999999486
6742399.999999486
6743799.999999486
6745199.999999486
6746599.999999486
6747999.999999485
6749399.999999485
6750799.999999485
6752199.999999485
6753599.999999485
6754999.999999485
6756399.999999484
6757799.999999484
6759199.999999484
6760599.999999484
6761999.999999484
6763399.999999484
6764799.999999483
6766199.999999483
6767599.999999483
6768999.999999483
6770399.999999483
6771799.999999483
6773199.999999482
6774599.999999482
6775999.999999482
6777399.999999482
6778799.999999482
6780199.999999482
6781599.999999481
6782999.999999481
6784399.999999481
6785799.999999481
6787199.999999481
6788599.999999481
6789999.99999948
6791399.99999948
6792799.99999948
6794199.99999948
6795599.99999948
6796999.99999948
6798399.999999479
6799799.999999479
6801199.999999479
6802599.999999479
6803999.999999479
6805399.999999479
6806799.999999478
6808199.999999478
6809599.999999478
6810999.999999478
6812399.999999478
6813799.999999478
6815199.9999994775
6816599.9999994775
6817999.9999994775
6819399.9999994775
6820799.9999994775
6822199.9999994775
6823599.999999477
6824999.999999477
6826399.999999477
6827799.999999477
6829199.999999477
6830599.999999477
6831999.999999476
6833399.999999476
6834799.999999476
6836199.999999476
6837599.999999476
6838999.999999476
6840399.999999475
6841799.999999475
6843199.999999475
6844599.999999475
6845999.999999475
6847399.999999475
6848799.999999474
6850199.999999474
6851599.999999474
6852999.999999474
6854399.999999474
6855799.999999474
6857199.999999473
6858599.999999473
6859999.999999473
6861399.999999473
6862799.999999473
6864199.999999473
6865599.999999472
6866999.999999472
6868399.999999472
6869799.999999472
6871199.999999472
6872599.999999472
6873999.999999471
6875399.999999471
6876799.999999471
6878199.999999471
6879599.999999471
6880999.999999471
6882399.99999947
6883799.99999947
6885199.99999947
6886599.99999947
6887999.99999947
6889399.99999947
6890799.999999469
6892199.999999469
6893599.999999469
6894999.999999469
6896399.999999469
6897799.999999469
6899199.999999468
6900599.999999468
6901999.999999468
6903399.999999468
6904799.999999468
6906199.999999468
6907599.999999467
6908999.999999467
6910399.999999467
6911799.999999467
6913199.999999467
6914599.999999467
6915999.999999466
6917399.999999466
6918799.999999466
6920199.999999466
6921599.999999466
6922999.999999466
6924399.999999465
6925799.999999465
6927199.999999465
6928599.999999465
6929999.999999465
6931399.999999465
6932799.9999994645
6934199.9999994645
6935599.9999994645
6936999.9999994645
6938399.9999994645
6939799.9999994645
6941199.999999464
6942599.999999464
6943999.999999464
6945399.999999464
6946799.999999464
6948199.999999464
6949599.999999464
6950999.999999463
6952399.999999463
6953799.999999463
6955199.999999463
6956599.999999463
6957999.999999463
6959399.999999462
6960799.999999462
6962199.999999462
6963599.999999462
6964999.999999462
6966399.999999462
6967799.999999461
6969199.999999461
6970599.999999461
6971999.999999461
6973399.999999461
6974799.999999461
6976199.99999946
6977599.99999946
6978999.99999946
6980399.99999946
6981799.99999946
6983199.99999946
6984599.999999459
6985999.999999459
6987399.999999459
6988799.999999459
6990199.999999459
6991599.999999459
6992999.999999458
6994399.999999458
6995799.999999458
6997199.999999458
6998599.999999458
6999999.999999458
