-0.017776336450367285
-0.03554403017880257
-0.05329446463228847
-0.07101907539218705
-0.08870937573581136
-0.10635698159959758
-0.12395363575810292
-0.14149123104436953
-0.15896183245083073
-0.17635769796558132
-0.19367129801613842
-0.2108953334114069
-0.2280227516920339
-0.24504676181932078
-0.26196084715293216
-0.2787587766874765
-0.29543461453725195
-0.3119827276767849
-0.3283977919619391
-0.3446747964721516
-0.36080904622855947
-0.37679616335531374
-0.3926320867621369
-0.4083130704351551
-0.4238356804301977
-0.43919679066818684
-0.454393577635975
-0.46942351409815664
-0.48428436192606494
-0.49897416414955903
-0.5134912363353717
-0.5278341573929698
-0.5420017599051427
-0.555993120076099
-0.5698075473848027
-0.5834445740258208
-0.5969039442141358
-0.610185603424388
-0.6232896876289133
-0.6362165125928347
-0.6489665632784488
-0.6615404834052547
-0.6739390652063096
-0.6861632394161438
-0.6982140655203304
-0.7100927222919541
-0.721800498635711
-0.7333387847561902
-0.7447090636630445
-0.7559129030222669
-0.766951947359615
-0.7778279106193867
-0.7885425690792189
-0.7990977546193496
-0.8094953483428254
-0.819737274541446
-0.8298254950007921
-0.8397620036364578
-0.8495488214525913
-0.8591879918130252
-0.8686815760146179
-0.8780316491519258
-0.8872402962619546
-0.8963096087375066
-0.9052416809974899
-0.9140386074025204
-0.9227024794041917
-0.9312353829164851
-0.9396393958979683
-0.947916586133659
-0.956069009205671
-0.9640987066420772
-0.9720077042337373
-0.979798010509177
-0.9874716153579786
-0.9950304887935044
-1.0024765798461541
-1.0098118155787421
-1.0170381002159545
-1.024157314380241
-1.0311713144268468
-1.0380819318710817
-1.0448909729012668
-1.0516002179711623
-1.0582114214660059
-1.0647263114366352
-1.0711465893964747
-1.0774739301764793
-1.083709981833413
-1.0898563656071303
-1.0959146759227876
-1.1018864804341726
-1.107773320104585
-1.1135767093219202
-1.1192981360448482
-1.1249390619771678
-1.1305009227676237
-1.1359851282326572
-1.1413930625997377
-1.1467260847690877
-1.1519855285917624
-1.1571727031622085
-1.1622888931235464
-1.16733535898396
-1.172313337442697
-1.177224041724297
-1.182068661919769
-1.1868483653335453
-1.1915642968351234
-1.1962175792144047
-1.2008093135398128
-1.2053405795183527
-1.2098124358568465
-1.2142259206236392
-1.21858205161014
-1.2228818266916117
-1.227126224186683
-1.2313162032151004
-1.2354527040532894
-1.2395366484873307
-1.2435689401630006
-1.2475504649325635
-1.2514820911980304
-1.2553646702506376
-1.2591990366063277
-1.262986008337027
-1.2667263873975703
-1.2704209599481056
-1.2740704966718703
-1.2776757530882226
-1.2812374698608475
-1.2847563731010598
-1.2882331746661513
-1.2916685724527366
-1.295063250685073
-1.2984178801983237
-1.301733118716772
-1.3050096111269711
-1.3082479897458537
-1.311448874583807
-1.3146128736027467
-1.3177405829692153
-1.3208325873025455
-1.3238894599181266
-1.3269117630658247
-1.329900048163604
-1.3328548560264066
-1.335776717090343
-1.338666151632263
-1.3415236699847608
-1.3443497727466804
-1.3471449509891966
-1.3499096864575268
-1.3526444517683545
-1.3553497106030283
-1.3580259178966092
-1.360673520022842
-1.3632929549751147
-1.3658846525434878
-1.3684490344878604
-1.370986514707346
-1.3734974994059346
-1.3759823872545067
-1.378441569549278
-1.3808754303667414
-1.3832843467151765
-1.3856686886828011
-1.3880288195826318
-1.390365096094118
-1.3926778684016277
-1.3949674803298378
-1.3972342694761102
-1.3994785673399064
-1.4017006994493104
-1.4039009854847244
-1.4060797393997964
-1.4082372695396397
-1.4103738787564106
-1.4124898645222959
-1.414585519039974
-1.4166611293506033
-1.4187169774393924
-1.4207533403388142
-1.4227704902295075
-1.4247686945389277
-1.4267482160377911
-1.428709312934369
-1.4306522389666787
-1.4325772434926185
-1.4344845715780965
-1.4363744640832
-1.438247157746447
-1.44010288526717
-1.4419418753860718
-1.443764352963995
-1.445570539058951
-1.4473606510014452
-1.4491349024681404
-1.450893503553896
-1.4526366608422212
-1.4543645774741814
-1.4560774532157892
-1.4577754845239204
-1.459458864610788
-1.4611277835070056
-1.4627824281232762
-1.4644229823107384
-1.466049626919999
-1.4676625398588843
-1.4692618961489412
-1.4708478679807162
-1.4724206247678377
-1.4739803331999382
-1.4755271572944326
-1.4770612584471867
-1.4785827954821014
-1.4800919246996331
-1.4815887999242794
-1.4830735725510538
-1.4845463915909702
-1.4860074037155628
-1.4874567533004632
-1.4888945824680546
-1.4903210311292279
-1.4917362370242566
-1.4931403357628168
-1.494533460863161
-1.4959157437904798
-1.4972873139944565
-1.4986482989460435
-1.4999988241734705
-1.5013390132975086
-1.5026689880660025
-1.5039888683876883
-1.505298772365318
-1.5065988163280986
-1.507889114863467
-1.509169780848215
-1.5104409254789763
-1.5117026583020945
-1.512955087242881
-1.5141983186342802
-1.5154324572449556
-1.516657606306804
-1.5178738675419208
-1.5190813411890185
-1.5202801260293168
-1.521470319411914
-1.5226520172786506
-1.5238253141884803
-1.5249903033413523
-1.5261470766016225
-1.5272957245210006
-1.5284363363610443
-1.529569000115208
-1.5306938025304628
-1.5318108291284873
-1.5329201642264474
-1.5340218909573686
-1.5351160912901123
-1.5362028460489638
-1.53728223493284
-1.5383543365341275
-1.5394192283571533
-1.5404769868363057
-1.5415276873538022
-1.5425714042571184
-1.5436082108760854
-1.5446381795396593
-1.5456613815923725
-1.5466778874104719
-1.5476877664177533
-1.5486910871010946
-1.5496879170256974
-1.5506783228500425
-1.5516623703405632
-1.552640124386045
-1.5536116490117582
-1.554577007393323
-1.5555362618703208
-1.5564894739596529
-1.5574367043686488
-1.5583780130079372
-1.5593134590040758
-1.560243100711953
-1.5611669957269594
-1.562085200896939
-1.5629977723339203
-1.5639047654256362
-1.5648062348468335
-1.5657022345703773
-1.5665928178781565
-1.5674780373717916
-1.568357944983149
-1.5692325919846688
-1.5701020289995065
-1.5709663060114938
-1.5718254723749225
-1.5726795768241535
-1.5735286674830564
-1.574372791874282
-1.5752119969283709
-1.5760463289927014
-1.5768758338402815
-1.577700556678385
-1.5785205421570392
-1.5793358343773614
-1.5801464768997526
-1.5809525127519484
-1.5817539844369308
-1.5825509339407018
-1.583343402739924
-1.5841314318094324
-1.5849150616296104
-1.5856943321936479
-1.586469283014668
-1.5872399531327381
-1.5880063811217582
-1.5887686050962333
-1.5895266627179314
-1.5902805912024294
-1.5910304273255476
-1.591776207429677
-1.5925179674300007
-1.5932557428206102
-1.5939895686805192
-1.5947194796795807
-1.5954455100843
-1.5961676937635572
-1.5968860641942308
-1.597600654466731
-1.5983114972904389
-1.5990186249990614
-1.5997220695558934
-1.6004218625589948
-1.6011180352462864
-1.6018106185005585
-1.6024996428544012
-1.6031851384950522
-1.6038671352691696
-1.6045456626875234
-1.605220749929616
-1.6058924258482234
-1.6065607189738698
-1.6072256575192243
-1.6078872693834316
-1.6085455821563728
-1.6092006231228573
-1.60985241926675
-1.610500997275032
-1.6111463835417963
-1.6117886041721852
-1.6124276849862587
-1.6130636515228078
-1.6136965290431071
-1.6143263425346062
-1.6149531167145668
-1.6155768760336415
-1.616197644679398
-1.616815446579787
-1.6174303054065602
-1.6180422445786304
-1.6186512872653858
-1.6192574563899476
-1.6198607746323828
-1.620461264432865
-1.621058947994788
-1.621653847287831
-1.622245984050979
-1.6228353797954969
-1.6234220558078567
-1.624006033152624
-1.6245873326752984
-1.6251659750051117
-1.6257419805577862
-1.6263153695382475
-1.6268861619433028
-1.627454377564273
-1.6280200359895904
-1.628583156607356
-1.6291437586078592
-1.6297018609860594
-1.630257482544033
-1.6308106418933832
-1.631361357457614
-1.631909647474471
-1.6324555299982462
-1.6329990229020506
-1.6335401438800532
-1.6340789104496871
-1.6346153399538248
-1.6351494495629209
-1.635681256277124
-1.6362107769283591
-1.6367380281823796
-1.6372630265407893
-1.637785788343036
-1.6383063297683769
-1.6388246668378157
-1.639340815416012
-1.6398547912131642
-1.6403666097868639
-1.6408762865439277
-1.6413838367421993
-1.6418892754923284
-1.6423926177595245
-1.6428938783652856
-1.6433930719891017
-1.643890213170138
-1.644385316308891
-1.6448783956688218
-1.6453694653779702
-1.645858539430543
-1.6463456316884806
-1.6468307558830046
-1.647313925616141
-1.6477951543622251
-1.6482744554693827
-1.6487518421609946
-1.6492273275371383
-1.6497009245760121
-1.6501726461353377
-1.6506425049537454
-1.6511105136521405
-1.6515766847350501
-1.6520410305919528
-1.65250356349859
-1.6529642956182593
-1.653423239003092
-1.6538804055953114
-1.6543358072284753
-1.6547894556287026
-1.655241362415883
-1.6556915391048699
-1.6561399971066584
-1.6565867477295477
-1.657031802180288
-1.6574751715652114
-1.6579168668913504
-1.658356899067538
-1.6587952789054967
-1.659232017120912
-1.6596671243344918
-1.6601006110730114
-1.6605324877703467
-1.6609627647684917
-1.6613914523185658
-1.6618185605818039
-1.6622440996305385
-1.6626680794491648
-1.6630905099350977
-1.6635114008997112
-1.663930762069271
-1.6643486030858528
-1.664764933508248
-1.6651797628128602
-1.6655931003945874
-1.6660049555676963
-1.6664153375666833
-1.6668242555471242
-1.6672317185865158
-1.6676377356851042
-1.6680423157667041
-1.6684454676795077
-1.6688472001968824
-1.6692475220181613
-1.6696464417694192
-1.6700439680042447
-1.6704401092044971
-1.6708348737810583
-1.6712282700745724
-1.6716203063561788
-1.6720109908282323
-1.6724003316250207
-1.6727883368134657
-1.6731750143938224
-1.6735603723003647
-1.6739444184020664
-1.6743271605032721
-1.6747086063443584
-1.675088763602392
-1.675467639891773
-1.675845242764877
-1.6762215797126845
-1.6765966581654062
-1.676970485493098
-1.67734306900627
-1.6777144159564894
-1.6780845335369725
-1.6784534288831745
-1.6788211090733678
-1.679187581129216
-1.6795528520163407
-1.6799169286448805
-1.6802798178700447
-1.68064152649266
-1.6810020612597103
-1.6813614288648702
-1.6817196359490338
-1.6820766891008343
