-14000.0
-28000.0
-42000.0
-56000.0
-70000.0
-84000.0
-98000.0
-112000.0
-126000.00000000001
-140000.00000000003
-154000.00000000003
-168000.00000000006
-182000.00000000006
-196000.0000000001
-210000.0000000001
-224000.0000000001
-238000.00000000012
-252000.00000000012
-266000.0000000001
-280000.0000000002
-294000.0000000002
-308000.0000000002
-322000.0000000002
-336000.0000000002
-350000.00000000023
-364000.00000000023
-378000.00000000023
-392000.00000000023
-406000.0000000003
-420000.0000000003
-434000.0000000003
-448000.0000000003
-462000.0000000003
-476000.00000000035
-490000.00000000035
-504000.00000000035
-518000.00000000035
-532000.0000000003
-546000.0000000003
-560000.0000000003
-574000.0000000005
-588000.0000000005
-602000.0000000005
-616000.0000000005
-630000.0000000005
-644000.0000000005
-658000.0000000005
-672000.0000000005
-686000.0000000005
-700000.0000000006
-714000.0000000006
-728000.0000000006
-742000.0000000006
-756000.0000000006
-770000.0000000006
-784000.0000000006
-798000.0000000006
-812000.0000000006
-826000.0000000006
-840000.0000000007
-854000.0000000007
-868000.0000000007
-882000.0000000006
-896000.0000000006
-910000.0000000006
-924000.0000000006
-938000.0000000006
-952000.0000000007
-966000.0000000007
-980000.0000000007
-994000.0000000007
-1008000.0000000007
-1022000.0000000007
-1036000.0000000007
-1050000.0000000007
-1064000.0000000007
-1078000.0000000007
-1092000.0000000007
-1106000.0000000007
-1120000.0000000007
-1134000.0000000007
-1148000.000000001
-1162000.000000001
-1176000.000000001
-1190000.000000001
-1204000.000000001
-1218000.000000001
-1232000.000000001
-1246000.000000001
-1260000.000000001
-1274000.000000001
-1288000.000000001
-1302000.000000001
-1316000.000000001
-1330000.000000001
-1344000.000000001
-1358000.000000001
-1372000.000000001
-1386000.000000001
-1400000.0000000012
-1414000.0000000012
-1428000.0000000012
-1442000.0000000012
-1456000.0000000012
-1470000.0000000012
-1484000.0000000012
-1498000.0000000012
-1512000.0000000012
-1526000.0000000012
-1540000.0000000012
-1554000.0000000012
-1568000.0000000012
-1582000.0000000012
-1596000.0000000012
-1610000.0000000012
-1624000.0000000012
-1638000.0000000012
-1652000.0000000012
-1666000.0000000014
-1680000.0000000014
-1694000.0000000014
-1708000.0000000014
-1722000.0000000014
-1736000.0000000014
-1750000.0000000012
-1764000.0000000012
-1778000.0000000012
-1792000.0000000012
-1806000.0000000012
-1820000.0000000012
-1834000.0000000012
-1848000.0000000012
-1862000.0000000012
-1876000.0000000012
-1890000.0000000014
-1904000.0000000014
-1918000.0000000014
-1932000.0000000014
-1946000.0000000014
-1960000.0000000014
-1974000.0000000014
-1988000.0000000014
-2002000.0000000014
-2016000.0000000014
-2030000.0000000014
-2044000.0000000014
-2058000.0000000014
-2072000.0000000014
-2086000.0000000014
-2100000.0000000014
-2114000.0000000014
-2128000.0000000014
-2142000.0000000014
-2156000.0000000014
-2170000.0000000014
-2184000.0000000014
-2198000.0000000014
-2212000.0000000014
-2226000.0000000014
-2240000.0000000014
-2254000.0000000014
-2268000.0000000014
-2282000.000000002
-2296000.000000002
-2310000.000000002
-2324000.000000002
-2338000.000000002
-2352000.000000002
-2366000.000000002
-2380000.000000002
-2394000.000000002
-2408000.000000002
-2422000.000000002
-2436000.000000002
-2450000.000000002
-2464000.000000002
-2478000.000000002
-2492000.000000002
-2506000.000000002
-2520000.000000002
-2534000.000000002
-2548000.000000002
-2562000.000000002
-2576000.000000002
-2590000.000000002
-2604000.000000002
-2618000.000000002
-2632000.000000002
-2646000.000000002
-2660000.000000002
-2674000.000000002
-2688000.000000002
-2702000.000000002
-2716000.000000002
-2730000.000000002
-2744000.000000002
-2758000.000000002
-2772000.000000002
-2786000.000000002
-2800000.0000000023
-2814000.0000000023
-2828000.0000000023
-2842000.0000000023
-2856000.0000000023
-2870000.0000000023
-2884000.0000000023
-2898000.0000000023
-2912000.0000000023
-2926000.0000000023
-2940000.0000000023
-2954000.0000000023
-2968000.0000000023
-2982000.0000000023
-2996000.0000000023
-3010000.0000000023
-3024000.0000000023
-3038000.0000000023
-3052000.0000000023
-3066000.0000000023
-3080000.0000000023
-3094000.0000000023
-3108000.0000000023
-3122000.0000000023
-3136000.0000000023
-3150000.0000000023
-3164000.0000000023
-3178000.0000000023
-3192000.0000000023
-3206000.0000000023
-3220000.0000000023
-3234000.0000000023
-3248000.0000000023
-3262000.0000000023
-3276000.0000000023
-3290000.0000000023
-3304000.0000000023
-3318000.0000000023
-3332000.000000003
-3346000.000000003
-3360000.000000003
-3374000.000000003
-3388000.000000003
-3402000.000000003
-3416000.000000003
-3430000.000000003
-3444000.000000003
-3458000.000000003
-3472000.000000003
-3486000.000000003
-3500000.0000000023
-3514000.0000000023
-3528000.0000000023
-3542000.0000000023
-3556000.0000000023
-3570000.0000000023
-3584000.0000000023
-3598000.0000000023
-3612000.0000000023
-3626000.0000000023
-3640000.0000000023
-3654000.0000000023
-3668000.0000000023
-3682000.0000000023
-3696000.0000000023
-3710000.0000000023
-3724000.0000000023
-3738000.0000000023
-3752000.0000000023
-3766000.000000003
-3780000.000000003
-3794000.000000003
-3808000.000000003
-3822000.000000003
-3836000.000000003
-3850000.000000003
-3864000.000000003
-3878000.000000003
-3892000.000000003
-3906000.000000003
-3920000.000000003
-3934000.000000003
-3948000.000000003
-3962000.000000003
-3976000.000000003
-3990000.000000003
-4004000.000000003
-4018000.000000003
-4032000.000000003
-4046000.000000003
-4060000.000000003
-4074000.000000003
-4088000.000000003
-4102000.000000003
-4116000.000000003
-4130000.000000003
-4144000.000000003
-4158000.000000003
-4172000.000000003
-4186000.000000003
-4200000.000000003
-4214000.000000003
-4228000.000000003
-4242000.000000003
-4256000.000000003
-4270000.000000003
-4284000.000000003
-4298000.000000003
-4312000.000000003
-4326000.000000003
-4340000.000000003
-4354000.000000003
-4368000.000000003
-4382000.000000003
-4396000.000000003
-4410000.000000003
-4424000.000000003
-4438000.000000003
-4452000.000000003
-4466000.000000003
-4480000.000000003
-4494000.000000003
-4508000.000000003
-4522000.000000003
-4536000.000000003
-4550000.000000004
-4564000.000000004
-4578000.000000004
-4592000.000000004
-4606000.000000004
-4620000.000000004
-4634000.000000004
-4648000.000000004
-4662000.000000004
-4676000.000000004
-4690000.000000004
-4704000.000000004
-4718000.000000004
-4732000.000000004
-4746000.000000004
-4760000.000000004
-4774000.000000004
-4788000.000000004
-4802000.000000004
-4816000.000000004
-4830000.000000004
-4844000.000000004
-4858000.000000004
-4872000.000000004
-4886000.000000004
-4900000.000000004
-4914000.000000004
-4928000.000000004
-4942000.000000004
-4956000.000000004
-4970000.000000004
-4984000.000000004
-4998000.000000004
-5012000.000000004
-5026000.000000004
-5040000.000000004
-5054000.000000004
-5068000.000000004
-5082000.000000004
-5096000.000000004
-5110000.000000004
-5124000.000000004
-5138000.000000004
-5152000.000000004
-5166000.000000004
-5180000.000000004
-5194000.000000004
-5208000.000000004
-5222000.000000004
-5236000.000000004
-5250000.000000004
-5264000.000000004
-5278000.000000004
-5292000.000000004
-5306000.000000004
-5320000.000000004
-5334000.000000004
-5348000.000000004
-5362000.000000004
-5376000.000000004
-5390000.000000004
-5404000.000000004
-5418000.000000004
-5432000.000000004
-5446000.000000004
-5460000.000000004
-5474000.000000004
-5488000.000000004
-5502000.000000004
-5516000.000000004
-5530000.000000004
-5544000.000000004
-5558000.000000004
-5572000.000000004
-5586000.000000004
-5600000.000000005
-5614000.000000005
-5628000.000000005
-5642000.000000005
-5656000.000000005
-5670000.000000005
-5684000.000000005
-5698000.000000005
-5712000.000000005
-5726000.000000005
-5740000.000000005
-5754000.000000005
-5768000.000000005
-5782000.000000005
-5796000.000000005
-5810000.000000005
-5824000.000000005
-5838000.000000005
-5852000.000000005
-5866000.000000005
-5880000.000000005
-5894000.000000005
-5908000.000000005
-5922000.000000005
-5936000.000000005
-5950000.000000005
-5964000.000000005
-5978000.000000005
-5992000.000000005
-6006000.000000005
-6020000.000000005
-6034000.000000005
-6048000.000000005
-6062000.000000005
-6076000.000000005
-6090000.000000005
-6104000.000000005
-6118000.000000005
-6132000.000000005
-6146000.000000005
-6160000.000000005
-6174000.000000005
-6188000.000000005
-6202000.000000005
-6216000.000000005
-6230000.000000005
-6244000.000000005
-6258000.000000005
-6272000.000000005
-6286000.000000005
-6300000.000000005
-6314000.000000005
-6328000.000000005
-6342000.000000005
-6356000.000000005
-6370000.000000005
-6384000.000000005
-6398000.000000005
-6412000.000000005
-6426000.000000005
-6440000.000000005
-6454000.000000005
-6468000.000000005
-6482000.000000005
-6496000.000000005
-6510000.000000005
-6524000.000000005
-6538000.000000005
-6552000.000000005
-6566000.000000005
-6580000.000000005
-6594000.000000005
-6608000.000000005
-6622000.000000005
-6636000.000000005
-6650000.000000006
-6664000.000000006
-6678000.000000006
-6692000.000000006
-6706000.000000006
-6720000.000000006
-6734000.000000006
-6748000.000000006
-6762000.000000006
-6776000.000000006
-6790000.000000006
-6804000.000000006
-6818000.000000006
-6832000.000000006
-6846000.000000006
-6860000.000000006
-6874000.000000006
-6888000.000000006
-6902000.000000006
-6916000.000000006
-6930000.000000006
-6944000.000000006
-6958000.000000006
-6972000.000000006
-6986000.000000006
-7000000.000000005
