0.0 0.0
5.89186919061372e-07 -0.0005
2.3568107952989255e-06 -0.001
5.3029713813599595e-06 -0.0015
9.427775427069722e-06 -0.002
1.4731336969354555e-05 -0.0025
2.1213777623268917e-05 -0.003
2.887522687325082e-05 -0.0035
3.771582236552775e-05 -0.004
4.7735710201190733e-05 -0.0045000000000000005
5.893504523036199e-05 -0.005000000000000001
7.131399134697677e-05 -0.005500000000000001
8.48727217850307e-05 -0.006000000000000002
9.961141941560364e-05 -0.006500000000000002
0.00011553027704524573 -0.007000000000000003
0.00013262949771544315 -0.007500000000000003
0.000150909295003377 -0.008000000000000004
0.00017036989332416951 -0.008500000000000004
0.0001910115282343999 -0.009000000000000005
0.00021283444673704822 -0.009500000000000005
0.00023583890758816542 -0.010000000000000005
0.0002600251816050073 -0.010500000000000006
0.00028539355197572234 -0.011000000000000006
0.00031194431457110883 -0.011500000000000007
0.0003396777782576689 -0.012000000000000007
0.0003685942652130198 -0.012500000000000008
0.00039869411124284263 -0.013000000000000008
0.00042997766610005153 -0.013500000000000009
0.0004624452938057062 -0.014000000000000009
0.0004960973729724783 -0.01450000000000001
0.0005309342971298773 -0.01500000000000001
0.0005669564750518969 -0.01550000000000001
0.0006041643310869819 -0.01600000000000001
0.0006425583054902621 -0.01650000000000001
0.0006821388547583741 -0.01700000000000001
0.0007229064519665562 -0.017500000000000012
0.0007648615871084227 -0.018000000000000013
0.0008080047674385184 -0.018500000000000013
0.0008523365178173167 -0.019000000000000013
0.0008978573810589605 -0.019500000000000014
0.0009445679182821434 -0.020000000000000014
0.0009924687092634887 -0.020500000000000015
0.001041560352794077 -0.021000000000000015
0.0010918434670391416 -0.021500000000000016
0.0011433186899002326 -0.022000000000000016
0.001195986679381429 -0.022500000000000017
0.0012498481139579369 -0.023000000000000017
0.0013049036929484194 -0.023500000000000017
0.0013611541368902674 -0.024000000000000018
0.0014186001879189897 -0.02450000000000002
0.0014772426101499452 -0.02500000000000002
0.0015370821900646406 -0.02550000000000002
0.0015981197368998118 -0.02600000000000002
0.0016603560830406629 -0.02650000000000002
0.0017237920844174583 -0.02700000000000002
0.0017884286209059695 -0.02750000000000002
0.0018542665967314078 -0.02800000000000002
0.001921306940876851 -0.028500000000000022
0.0019895506074947625 -0.029000000000000022
0.0020589985763231136 -0.029500000000000023
0.002129651853104683 -0.030000000000000023
0.002201511470011286 -0.030500000000000024
0.002274578486071354 -0.031000000000000024
0.002348853987601894 -0.03150000000000002
0.002424339088644019 -0.03200000000000002
0.002501034931403928 -0.03250000000000002
0.0025789426866963676 -0.03300000000000002
0.0026580635543934717 -0.03350000000000002
0.002738398763877079 -0.03400000000000002
0.002819949574495814 -0.034500000000000024
0.002902717276026039 -0.035000000000000024
0.002986703189136718 -0.035500000000000025
0.003071908665858989 -0.036000000000000025
0.0031583350900598025 -0.036500000000000025
0.0032459838779192456 -0.037000000000000026
0.003334856478412442 -0.037500000000000026
0.0034249543737950375 -0.03800000000000003
0.0035162790800933705 -0.03850000000000003
0.0036088321475977103 -0.03900000000000003
0.0037026151613600558 -0.03950000000000003
0.0037976297416950165 -0.04000000000000003
0.003893877544684951 -0.04050000000000003
0.003991360262688344 -0.04100000000000003
0.004090079624851559 -0.04150000000000003
0.0041900373976234695 -0.04200000000000003
0.004291235385274128 -0.04250000000000003
0.004393675430415101 -0.04300000000000003
0.0044973594145233334 -0.04350000000000003
0.004602289258466744 -0.04400000000000003
0.004708466923032614 -0.04450000000000003
0.004815894409457323 -0.04500000000000003
0.004924573759957635 -0.045500000000000033
0.005034507058263355 -0.046000000000000034
0.005145696430150637 -0.046500000000000034
0.005258144043975837 -0.047000000000000035
0.005371852111208743 -0.047500000000000035
0.005486822886965683 -0.048000000000000036
0.005603058670541176 -0.048500000000000036
0.005720561805938163 -0.04900000000000004
0.005839334682395362 -0.04950000000000004
0.005959379734911286 -0.05000000000000004
0.006080699444765575 -0.05050000000000004
0.0062032963400339095 -0.05100000000000004
0.006327172996098686 -0.05150000000000004
0.006452332036151674 -0.05200000000000004
0.0065787761316906486 -0.05250000000000004
0.006706508003005582 -0.05300000000000004
0.006835530419655649 -0.05350000000000004
0.006965846200934058 -0.05400000000000004
0.007097458216321134 -0.05450000000000004
0.007230369385921708 -0.05500000000000004
0.007364582680886962 -0.05550000000000004
0.0075001011238176925 -0.05600000000000004
0.007636927789148582 -0.05650000000000004
0.007775065803509461 -0.057000000000000044
0.007914518346062278 -0.057500000000000044
0.008055288648811155 -0.058000000000000045
0.008197379996883414 -0.058500000000000045
0.008340795728777247 -0.059000000000000045
0.008485539236574587 -0.059500000000000046
0.008631613966113862 -0.060000000000000046
0.008779023417121973 -0.06050000000000005
0.0089277711432984 -0.06100000000000005
0.009077860752349138 -0.06150000000000005
0.009229295905965246 -0.06200000000000005
0.009382080319742539 -0.06250000000000004
0.009536217763034345 -0.06300000000000004
0.009691712058735102 -0.06350000000000004
0.009848567082985746 -0.06400000000000004
0.010006786764796827 -0.06450000000000004
0.010166375085581042 -0.06500000000000004
0.010327336078587024 -0.06550000000000004
0.010489673828228328 -0.06600000000000004
0.010653392469297276 -0.06650000000000005
0.010818496186054814 -0.06700000000000005
0.010984989211186335 -0.06750000000000005
0.011152875824612368 -0.06800000000000005
0.011322160352143265 -0.06850000000000005
0.011492847163964958 -0.06900000000000005
0.011664940672941642 -0.06950000000000005
0.011838445332722061 -0.07000000000000005
0.012013365635634468 -0.07050000000000005
0.012189706110351098 -0.07100000000000005
0.012367471319307691 -0.07150000000000005
0.01254666585585555 -0.07200000000000005
0.012727294341129633 -0.07250000000000005
0.012909361420606159 -0.07300000000000005
0.013092871760330393 -0.07350000000000005
0.013277830042785432 -0.07400000000000005
0.013464240962379569 -0.07450000000000005
0.01365210922051881 -0.07500000000000005
0.01384143952023628 -0.07550000000000005
0.014032236560344441 -0.07600000000000005
0.014224505029076292 -0.07650000000000005
0.014418249597174663 -0.07700000000000005
0.01461347491039407 -0.07750000000000005
0.014810185581366033 -0.07800000000000006
0.015008386180789694 -0.07850000000000006
0.015208081227892373 -0.07900000000000006
0.015409275180112666 -0.07950000000000006
0.015611972421948636 -0.08000000000000006
0.015816177252916817 -0.08050000000000006
0.016021893874555992 -0.08100000000000006
0.016229126376414247 -0.08150000000000006
0.016437878720949248 -0.08200000000000006
0.016648154727271786 -0.08250000000000006
0.016859958053654422 -0.08300000000000006
0.01707329217872856 -0.08350000000000006
0.017288160381286003 -0.08400000000000006
0.017504565718601078 -0.08450000000000006
0.017722511003182208 -0.08500000000000006
0.017941998777863663 -0.08550000000000006
0.018163031289140406 -0.08600000000000006
0.018385610458654937 -0.08650000000000006
0.01860973785273288 -0.08700000000000006
0.018835414649874597 -0.08750000000000006
0.019062641606100893 -0.08800000000000006
0.0192914190180623 -0.08850000000000006
0.019521746683812378 -0.08900000000000007
0.019753623861161036 -0.08950000000000007
0.01998704922352292 -0.09000000000000007
0.020222020813188805 -0.09050000000000007
0.020458535991953908 -0.09100000000000007
0.02069659138905529 -0.09150000000000007
0.020936182846384883 -0.09200000000000007
0.021177305360966587 -0.09250000000000007
0.021419953024708192 -0.09300000000000007
0.021664118961469504 -0.09350000000000007
0.021909795261520402 -0.09400000000000007
0.02215697291350581 -0.09450000000000007
0.02240564173407076 -0.09500000000000007
0.02265579029535862 -0.09550000000000007
0.022907405850646753 -0.09600000000000007
0.02316047425845036 -0.09650000000000007
0.023414979905494144 -0.09700000000000007
0.023670905629027406 -0.09750000000000007
0.023928232639043395 -0.09800000000000007
0.024186940441051612 -0.09850000000000007
0.02444700676014171 -0.09900000000000007
0.024708407467181497 -0.09950000000000007
0.024971116508081377 -0.10000000000000007
0.025235105837169407 -0.10050000000000008
0.02550034535580419 -0.10100000000000008
0.0257668028574553 -0.10150000000000008
0.026034443980559437 -0.10200000000000008
0.02630323217053476 -0.10250000000000008
0.02657312865238448 -0.10300000000000008
0.02684409241536202 -0.10350000000000008
0.027116080211172514 -0.10400000000000008
0.027389046567165704 -0.10450000000000008
0.027662943815914963 -0.10500000000000008
0.027937722142484973 -0.10550000000000008
0.02821332965054662 -0.10600000000000008
0.028489712448319802 -0.10650000000000008
0.02876681475508951 -0.10700000000000008
0.0290445790287704 -0.10750000000000008
0.029322946114674668 -0.10800000000000008
0.029601855415285032 -0.10850000000000008
0.029881245080442185 -0.10900000000000008
0.03016105221695129 -0.10950000000000008
0.030441213116183502 -0.11000000000000008
0.03072166349783156 -0.11050000000000008
0.031002338767565304 -0.11100000000000008
0.03128317428595641 -0.11150000000000009
0.03156410564570521 -0.11200000000000009
0.03184506895392406 -0.11250000000000009
0.03212600111601967 -0.11300000000000009
0.03240684011759237 -0.11350000000000009
0.03268752530072349 -0.11400000000000009
0.032967997631076 -0.11450000000000009
0.033248199952367136 -0.11500000000000009
0.0335280772250075 -0.11550000000000009
0.033807576745999525 -0.11600000000000009
0.03408664834757746 -0.11650000000000009
0.03436524457249008 -0.11700000000000009
0.034643320824315364 -0.11750000000000009
0.03492083549168455 -0.11800000000000009
0.03519775004580571 -0.11850000000000009
0.03547402911116636 -0.11900000000000009
0.03574964050977617 -0.11950000000000009
0.036024555279736345 -0.12000000000000009
0.03629874766932018 -0.1205000000000001
0.036572195108072574 -0.1210000000000001
0.03684487815671609 -0.1215000000000001
0.037116780437851805 -0.1220000000000001
0.03738788854959933 -0.1225000000000001
0.03765819196439541 -0.1230000000000001
0.03792768291520788 -0.1235000000000001
0.038196356271397905 -0.1240000000000001
0.038464209406403035 -0.1245000000000001
0.03873124205930582 -0.12500000000000008
0.038997456192229996 -0.12550000000000008
0.03926285584535291 -0.12600000000000008
0.039527446991155804 -0.12650000000000008
0.039791237389355534 -0.12700000000000009
0.040054236443789665 -0.12750000000000009
0.04031645506234392 -0.12800000000000009
0.04057790552084031 -0.1285000000000001
0.0408386013316437 -0.1290000000000001
0.041098557117586636 -0.1295000000000001
0.041357788491676165 -0.1300000000000001
0.041616311942916644 -0.1305000000000001
0.04187414472846729 -0.1310000000000001
0.04213130477225689 -0.1315000000000001
0.04238781057008488 -0.1320000000000001
0.042643681101172386 -0.1325000000000001
0.04289893574605486 -0.1330000000000001
0.04315359421066404 -0.1335000000000001
0.04340767645640244 -0.1340000000000001
0.043661202635984 -0.1345000000000001
0.043914193034784436 -0.1350000000000001
0.04416666801743764 -0.1355000000000001
0.04441864797939104 -0.1360000000000001
0.04467015330314208 -0.1365000000000001
0.04492120431885888 -0.1370000000000001
0.04517182126910675 -0.1375000000000001
0.04542202427739497 -0.1380000000000001
0.04567183332027538 -0.1385000000000001
0.04592126820272279 -0.1390000000000001
0.04617034853654997 -0.1395000000000001
0.04641909372161011 -0.1400000000000001
0.04666752292956124 -0.1405000000000001
0.0469156550899731 -0.1410000000000001
0.04716350887857312 -0.1415000000000001
0.047411102707439645 -0.1420000000000001
0.047658454716965275 -0.1425000000000001
0.047905582769421313 -0.1430000000000001
0.04815250444396986 -0.1435000000000001
0.048399237032980165 -0.1440000000000001
0.048645797539517685 -0.1445000000000001
0.04889220267588194 -0.1450000000000001
0.049138468863082804 -0.1455000000000001
0.04938461223115026 -0.1460000000000001
0.049630648620187165 -0.1465000000000001
0.049876593582072554 -0.1470000000000001
0.05012246238274396 -0.1475000000000001
0.05036827000498019 -0.1480000000000001
0.050614031151625986 -0.1485000000000001
0.05085976024919378 -0.1490000000000001
0.05110547145179255 -0.1495000000000001
0.05135117864533348 -0.1500000000000001
0.051596895451970846 -0.1505000000000001
0.051842635234734834 -0.1510000000000001
0.05208841110232603 -0.1515000000000001
0.052334235914034036 -0.1520000000000001
0.052580122284757606 -0.1525000000000001
0.05282608259009603 -0.1530000000000001
0.05307212897149125 -0.1535000000000001
0.053318273341400116 -0.1540000000000001
0.053564527388479666 -0.1545000000000001
0.05381090258276836 -0.1550000000000001
0.054057410180849495 -0.1555000000000001
0.054304061230984545 -0.1560000000000001
0.054550866578208165 -0.1565000000000001
0.05479783686937044 -0.1570000000000001
0.05504498255812374 -0.1575000000000001
0.05529231390984277 -0.1580000000000001
0.05553984100647592 -0.1585000000000001
0.05578757375131959 -0.1590000000000001
0.05603552187371292 -0.15950000000000011
0.056283694933649625 -0.16000000000000011
0.05653210232630349 -0.16050000000000011
0.05678075328646574 -0.16100000000000012
0.057029656892893035 -0.16150000000000012
0.05727882207256277 -0.16200000000000012
0.05752825760483911 -0.16250000000000012
0.057777972125544426 -0.16300000000000012
0.058027974130939845 -0.16350000000000012
0.05827827198161271 -0.16400000000000012
0.05852887390627358 -0.16450000000000012
0.058779788005460944 -0.16500000000000012
0.0590310222551573 -0.16550000000000012
0.05928258451031339 -0.16600000000000012
0.05953448250828839 -0.16650000000000012
0.05978672387220028 -0.16700000000000012
0.06003931611419235 -0.16750000000000012
0.0602922666386148 -0.16800000000000012
0.06054558274512596 -0.16850000000000012
0.06079927163171103 -0.16900000000000012
0.06105334039762287 -0.16950000000000012
0.06130779604624404 -0.17000000000000012
0.061562645487875524 -0.17050000000000012
0.06181789554244919 -0.17100000000000012
0.06207355294216938 -0.17150000000000012
0.062329624334083296 -0.17200000000000013
0.06258611628258363 -0.17250000000000013
0.06284303527184242 -0.17300000000000013
0.06310038770818167 -0.17350000000000013
0.06335817992237842 -0.17400000000000013
0.06361641817190912 -0.17450000000000013
0.06387510864313324 -0.17500000000000013
0.06413425745341796 -0.17550000000000013
0.06439387065320554 -0.17600000000000013
0.06465395422802629 -0.17650000000000013
0.06491451410045664 -0.17700000000000013
0.06517555613202412 -0.17750000000000013
0.06543708612506242 -0.17800000000000013
0.06569910982451689 -0.17850000000000013
0.06596163291970232 -0.17900000000000013
0.066224661046007 -0.17950000000000013
0.06648819978656656 -0.18000000000000013
0.06675225467387891 -0.18050000000000013
0.06701683119138249 -0.18100000000000013
0.06728193477499302 -0.18150000000000013
0.06754757081459795 -0.18200000000000013
0.06781374465551428 -0.18250000000000013
0.06808046159990584 -0.18300000000000013
0.06834772690816442 -0.18350000000000014
0.06861554580025551 -0.18400000000000014
0.06888392345702905 -0.18450000000000014
0.0691528650214954 -0.18500000000000014
0.06942237560006996 -0.18550000000000014
0.06969246026378402 -0.18600000000000014
0.06996312404946693 -0.18650000000000014
0.07023437196089696 -0.18700000000000014
0.07050620896992221 -0.18750000000000014
0.07077864001755484 -0.18800000000000014
0.07105167001503693 -0.18850000000000014
0.07132530384488031 -0.18900000000000014
0.07159954636187925 -0.18950000000000014
0.07187440239409874 -0.19000000000000014
0.07214987674383916 -0.19050000000000014
0.07242597418857596 -0.19100000000000014
0.0727026994818764 -0.19150000000000014
0.07298005735429465 -0.19200000000000014
0.07325805251424483 -0.19250000000000014
0.07353668964885268 -0.19300000000000014
0.07381597342478702 -0.19350000000000014
0.07409590848907086 -0.19400000000000014
0.07437649946987379 -0.19450000000000014
0.074657750977285 -0.19500000000000015
0.07493966760406813 -0.19550000000000015
0.07522225392639816 -0.19600000000000015
0.07550551450458184 -0.19650000000000015
0.07578945388375964 -0.19700000000000015
0.07607407659459381 -0.19750000000000015
0.07635938715393684 -0.19800000000000015
0.07664539006548865 -0.19850000000000015
0.07693208982043621 -0.19900000000000015
0.0772194908980785 -0.19950000000000015
0.07750759776643745 -0.20000000000000015
0.07779641488285631 -0.20050000000000015
0.07808594669458249 -0.20100000000000015
0.07837619763933819 -0.20150000000000015
0.07866717214587869 -0.20200000000000015
0.07895887463453666 -0.20250000000000015
0.07925130951775625 -0.20300000000000015
0.07954448120061303 -0.20350000000000015
0.07983839408132455 -0.20400000000000015
0.08013305255174799 -0.20450000000000015
0.08042846099786775 -0.20500000000000015
0.08072462380027146 -0.20550000000000015
0.08102154533461646 -0.20600000000000016
0.08131922997208546 -0.20650000000000016
0.08161768207983164 -0.20700000000000016
0.08191690602141531 -0.20750000000000016
0.08221690615723057 -0.20800000000000016
0.08251768684492153 -0.20850000000000016
0.08281925243979023 -0.20900000000000016
0.0831216072951972 -0.20950000000000016
0.08342475576294983 -0.21000000000000016
0.08372870219368536 -0.21050000000000016
0.0840334509372442 -0.21100000000000016
0.08433900634303464 -0.21150000000000016
0.08464537276039057 -0.21200000000000016
0.08495255453892049 -0.21250000000000016
0.08526055602884988 -0.21300000000000016
0.08556938158135408 -0.21350000000000016
0.08587903554888647 -0.21400000000000016
0.08618952228549664 -0.21450000000000016
0.0865008461471435 -0.21500000000000016
0.08681301149200003 -0.21550000000000016
0.08712602268075247 -0.21600000000000016
0.08743988407689048 -0.21650000000000016
0.08775460004699394 -0.21700000000000016
0.08807017496100972 -0.21750000000000017
0.08838661319252494 -0.21800000000000017
0.08870391911903114 -0.21850000000000017
0.08902209712218505 -0.21900000000000017
0.08934115158806041 -0.21950000000000017
0.08966108690739638 -0.22000000000000017
0.0899819074758373 -0.22050000000000017
0.09030361769416853 -0.22100000000000017
0.09062622196854504 -0.22150000000000017
0.09094972471071609 -0.22200000000000017
0.09127413033824111 -0.22250000000000017
0.09159944327470369 -0.22300000000000017
0.09192566794991625 -0.22350000000000017
0.09225280880012203 -0.22400000000000017
0.09258087026819016 -0.22450000000000017
0.09290985680380541 -0.22500000000000017
0.09323977286365219 -0.22550000000000017
0.09357062291159512 -0.22600000000000017
0.09390241141885082 -0.22650000000000017
0.09423514286415827 -0.22700000000000017
0.0945688217339402 -0.22750000000000017
0.09490345252246256 -0.22800000000000017
0.09523903973198572 -0.22850000000000018
0.09557558787291365 -0.22900000000000018
0.09591310146393449 -0.22950000000000018
0.09625158503215914 -0.23000000000000018
0.09659104311325219 -0.23050000000000018
0.0969314802515597 -0.23100000000000018
0.09727290100023003 -0.23150000000000018
0.09761530992133094 -0.23200000000000018
0.09795871158596144 -0.23250000000000018
0.09830311057435728 -0.23300000000000018
0.0986485114759926 -0.23350000000000018
0.09899491888967674 -0.23400000000000018
0.09934233742364358 -0.23450000000000018
0.0996907716956391 -0.23500000000000018
0.10004022633300154 -0.23550000000000018
0.10039070597273607 -0.23600000000000018
0.1007422152615861 -0.23650000000000018
0.10109475885609888 -0.23700000000000018
0.10144834142268362 -0.23750000000000018
0.10180296763766826 -0.23800000000000018
0.10215864218734752 -0.23850000000000018
0.10251536976802805 -0.23900000000000018
0.10287315508606602 -0.23950000000000018
0.10323200285790221 -0.24000000000000019
0.10359191781008846 -0.24050000000000019
0.1039529046793123 -0.2410000000000002
0.10431496821241194 -0.2415000000000002
0.1046781131663904 -0.2420000000000002
0.1050423443084197 -0.2425000000000002
0.10540766641584318 -0.2430000000000002
0.10577408427616938 -0.2435000000000002
0.10614160268706259 -0.2440000000000002
0.10651022645632503 -0.2445000000000002
0.10687996040187683 -0.2450000000000002
0.10725080935172607 -0.2455000000000002
0.10762277814393736 -0.2460000000000002
0.1079958716265895 -0.2465000000000002
0.10837009465773324 -0.2470000000000002
0.10874545210533644 -0.2475000000000002
0.10912194884722899 -0.2480000000000002
0.10949958977103703 -0.2485000000000002
0.10987837977411527 -0.2490000000000002
0.11025832376346767 -0.2495000000000002
0.11063942665566817 -0.25000000000000017
0.11102169337676919 -0.25050000000000017
0.11140512886220731 -0.25100000000000017
0.11178973805670185 -0.25150000000000017
0.11217552591414469 -0.25200000000000017
0.11256249739748653 -0.25250000000000017
0.11295065747861428 -0.25300000000000017
0.11334001113822273 -0.25350000000000017
0.11373056336567797 -0.25400000000000017
0.11412231915887588 -0.25450000000000017
0.11451528352409149 -0.25500000000000017
0.1149094614758229 -0.25550000000000017
0.11530485803662702 -0.25600000000000017
0.11570147823694793 -0.2565000000000002
0.11609932711493884 -0.2570000000000002
0.11649840971627577 -0.2575000000000002
0.11689873109396358 -0.2580000000000002
0.11730029630813485 -0.2585000000000002
0.11770311042584199 -0.2590000000000002
0.11810717852083857 -0.2595000000000002
0.11851250567335686 -0.2600000000000002
0.11891909696987354 -0.2605000000000002
0.11932695750286995 -0.2610000000000002
0.11973609237058412 -0.2615000000000002
0.1201465066767518 -0.2620000000000002
0.12055820553034319 -0.2625000000000002
0.12097119404528871 -0.2630000000000002
0.12138547734019674 -0.2635000000000002
0.12180106053806272 -0.2640000000000002
0.12221794876597078 -0.2645000000000002
0.12263614715478437 -0.2650000000000002
0.12305566083883032 -0.2655000000000002
0.1234764949555728 -0.2660000000000002
0.1238986546452782 -0.2665000000000002
0.12432214505067175 -0.2670000000000002
0.12474697131658362 -0.2675000000000002
0.12517313858958695 -0.2680000000000002
0.12560065201762607 -0.2685000000000002
0.12602951674963492 -0.2690000000000002
0.1264597379351469 -0.2695000000000002
0.1268913207238936 -0.2700000000000002
0.12732427026539597 -0.2705000000000002
0.12775859170854262 -0.2710000000000002
0.12819429020116188 -0.2715000000000002
0.12863137088958057 -0.2720000000000002
0.12906983891817525 -0.2725000000000002
0.12950969942891183 -0.2730000000000002
0.12995095756087588 -0.2735000000000002
0.13039361844979153 -0.2740000000000002
0.1308376872275316 -0.2745000000000002
0.1312831690216162 -0.2750000000000002
0.13173006895470152 -0.2755000000000002
0.1321783921440569 -0.2760000000000002
0.13262814370103237 -0.2765000000000002
0.13307932873051645 -0.2770000000000002
0.13353195233038018 -0.2775000000000002
0.1339860195909131 -0.2780000000000002
0.13444153559424776 -0.2785000000000002
0.13489850541377224 -0.2790000000000002
0.13535693411353344 -0.2795000000000002
0.1358168267476275 -0.2800000000000002
0.13627818835958105 -0.2805000000000002
0.13674102398171953 -0.2810000000000002
0.13720533863452652 -0.2815000000000002
0.1376711373259892 -0.2820000000000002
0.13813842505093504 -0.2825000000000002
0.13860720679035754 -0.2830000000000002
0.13907748751072743 -0.2835000000000002
0.13954927216329563 -0.2840000000000002
0.14002256568338536 -0.2845000000000002
0.14049737298967047 -0.2850000000000002
0.1409736989834447 -0.2855000000000002
0.1414515485478776 -0.2860000000000002
0.14193092654726236 -0.2865000000000002
0.14241183782624886 -0.2870000000000002
0.14289428720906916 -0.2875000000000002
0.14337827949874707 -0.2880000000000002
0.1438638194763018 -0.2885000000000002
0.1443509118999375 -0.2890000000000002
0.144839561504222 -0.2895000000000002
0.1453297729992547 -0.2900000000000002
0.14582155106982392 -0.2905000000000002
0.14631490037455405 -0.2910000000000002
0.14680982554503935 -0.2915000000000002
0.1473063311849702 -0.2920000000000002
0.14780442186924567 -0.2925000000000002
0.14830410214307907 -0.2930000000000002
0.1488053765210887 -0.2935000000000002
0.1493082494863827 -0.2940000000000002
0.14981272548963007 -0.2945000000000002
0.15031880894812427 -0.2950000000000002
0.15082650424483435 -0.2955000000000002
0.15133581572745003 -0.2960000000000002
0.15184674770741138 -0.2965000000000002
0.15235930445893567 -0.2970000000000002
0.15287349021802962 -0.2975000000000002
0.15338930918149501 -0.2980000000000002
0.15390676550592503 -0.2985000000000002
0.15442586330669136 -0.2990000000000002
0.15494660665692353 -0.2995000000000002
0.1554689995864791 -0.3000000000000002
0.15599304608090578 -0.3005000000000002
0.15651875008039634 -0.3010000000000002
0.15704611547873618 -0.3015000000000002
0.15757514612224255 -0.3020000000000002
0.1581058458086963 -0.3025000000000002
0.15863821828626948 -0.3030000000000002
0.15917226725244327 -0.3035000000000002
0.15970799635292102 -0.3040000000000002
0.16024540918053704 -0.3045000000000002
0.16078450927415616 -0.3050000000000002
0.16132530011757257 -0.3055000000000002
0.1618677851383995 -0.3060000000000002
0.16241196770695734 -0.3065000000000002
0.1629578511351566 -0.3070000000000002
0.16350543867537723 -0.3075000000000002
0.16405473351934416 -0.3080000000000002
0.1646057387970007 -0.3085000000000002
0.16515845757537864 -0.3090000000000002
0.1657128928574677 -0.3095000000000002
0.16626904758107994 -0.3100000000000002
0.16682692461771798 -0.3105000000000002
0.16738652677143795 -0.3110000000000002
0.16794785677771454 -0.3115000000000002
0.16851091730230577 -0.3120000000000002
0.16907571094011797 -0.3125000000000002
0.1696422402140731 -0.3130000000000002
0.17021050757397677 -0.3135000000000002
0.17078051539538838 -0.3140000000000002
0.1713522659784953 -0.3145000000000002
0.1719257615469891 -0.3150000000000002
0.17250100424694742 -0.3155000000000002
0.17307799614571678 -0.3160000000000002
0.17365673923080524 -0.3165000000000002
0.17423723540877625 -0.3170000000000002
0.1748194865041537 -0.3175000000000002
0.1754034942583269 -0.3180000000000002
0.17598926032846984 -0.3185000000000002
0.17657678628646545 -0.31900000000000023
0.17716607361783834 -0.31950000000000023
0.17775712372069707 -0.32000000000000023
0.1783499379046872 -0.32050000000000023
0.17894451738995568 -0.32100000000000023
0.17954086330612345 -0.32150000000000023
0.1801389766912732 -0.32200000000000023
0.18073885849094898 -0.32250000000000023
0.18134050955716857 -0.32300000000000023
0.1819439306474501 -0.32350000000000023
0.18254912242385282 -0.32400000000000023
0.18315608545203538 -0.32450000000000023
0.18376482020032728 -0.32500000000000023
0.18437532703881981 -0.32550000000000023
0.1849876062384724 -0.32600000000000023
0.18560165797023762 -0.32650000000000023
0.1862174823042078 -0.32700000000000023
0.18683507920877662 -0.32750000000000024
0.18745444854982338 -0.32800000000000024
0.1880755900899203 -0.32850000000000024
0.1886985034875568 -0.32900000000000024
0.18932318829639141 -0.32950000000000024
0.18994964396452266 -0.33000000000000024
0.19057786983378466 -0.33050000000000024
0.19120786513907045 -0.33100000000000024
0.1918396290076755 -0.33150000000000024
0.19247316045866983 -0.33200000000000024
0.19310845840229665 -0.33250000000000024
0.19374552163939845 -0.33300000000000024
0.1943843488608689 -0.33350000000000024
0.19502493864713533 -0.33400000000000024
0.19566728946766876 -0.33450000000000024
0.19631139968052544 -0.33500000000000024
0.19695726753191706 -0.33550000000000024
0.19760489115581317 -0.33600000000000024
0.1982542685735725 -0.33650000000000024
0.19890539769361223 -0.33700000000000024
0.19955827631110265 -0.33750000000000024
0.20021290210769963 -0.33800000000000024
0.2008692726513114 -0.33850000000000025
0.20152738539589482 -0.33900000000000025
0.20218723768129357 -0.33950000000000025
0.20284882673310392 -0.34000000000000025
0.20351214966258285 -0.34050000000000025
0.2041772034665874 -0.34100000000000025
0.20484398502755435 -0.34150000000000025
0.2055124911135145 -0.34200000000000025
0.20618271837814425 -0.34250000000000025
0.2068546633608589 -0.34300000000000025
0.20752832248693748 -0.34350000000000025
0.2082036920676908 -0.34400000000000025
0.20888076830066774 -0.34450000000000025
0.209559547269899 -0.34500000000000025
0.2102400249461804 -0.34550000000000025
0.21092219718739671 -0.34600000000000025
0.21160605973888374 -0.34650000000000025
0.21229160823383111 -0.34700000000000025
0.2129788381937253 -0.34750000000000025
0.21366774502883093 -0.34800000000000025
0.21435832403871466 -0.34850000000000025
0.21505057041280745 -0.34900000000000025
0.21574447923100756 -0.34950000000000025
0.21644004546432308 -0.35000000000000026
0.21713726397555713 -0.35050000000000026
0.2178361295200309 -0.35100000000000026
0.218536636746346 -0.35150000000000026
0.21923878019718826 -0.35200000000000026
0.21994255431017248 -0.35250000000000026
0.2206479534187248 -0.35300000000000026
0.22135497175300375 -0.35350000000000026
0.2220636034408629 -0.35400000000000026
0.22277384250885016 -0.35450000000000026
0.22348568288324763 -0.35500000000000026
0.224199118391149 -0.35550000000000026
0.22491414276157284 -0.35600000000000026
0.22563074962661606 -0.35650000000000026
0.22634893252264496 -0.35700000000000026
0.22706868489151888 -0.35750000000000026
0.22779000008185527 -0.35800000000000026
0.22851287135032483 -0.35850000000000026
0.2292372918629883 -0.35900000000000026
0.22996325469666226 -0.35950000000000026
0.23069075284032056 -0.36000000000000026
0.23141977919653195 -0.36050000000000026
0.23215032658292545 -0.36100000000000027
0.23288238773369346 -0.36150000000000027
0.23361595530111925 -0.36200000000000027
0.23435102185714457 -0.36250000000000027
0.23508757989495915 -0.36300000000000027
0.2358256218306207 -0.36350000000000027
0.23656514000470816 -0.36400000000000027
0.2373061266839978 -0.36450000000000027
0.23804857406316784 -0.36500000000000027
0.23879247426652975 -0.36550000000000027
0.2395378193497819 -0.36600000000000027
0.24028460130179252 -0.36650000000000027
0.2410328120464003 -0.36700000000000027
0.24178244344424227 -0.36750000000000027
0.24253348729459845 -0.36800000000000027
0.24328593533726384 -0.36850000000000027
0.24403977925443235 -0.36900000000000027
0.24479501067260426 -0.3695000000000003
0.24555162116451076 -0.3700000000000003
0.24630960225105303 -0.3705000000000003
0.24706894540326174 -0.3710000000000003
0.2478296420442655 -0.3715000000000003
0.24859168355127584 -0.3720000000000003
0.24935506125758664 -0.3725000000000003
0.25011976645458067 -0.3730000000000003
0.2508857903937528 -0.3735000000000003
0.2516531242887372 -0.3740000000000003
0.25242175931734556 -0.3745000000000003
0.2531916866236139 -0.3750000000000003
0.2539628973198533 -0.3755000000000003
0.2547353824887096 -0.3760000000000003
0.2555091331852238 -0.3765000000000003
0.25628414043889697 -0.3770000000000003
0.2570603952557628 -0.3775000000000003
0.2578378886204496 -0.3780000000000003
0.2586166114982582 -0.3785000000000003
0.2593965548372236 -0.3790000000000003
0.2601777095701897 -0.3795000000000003
0.26096006661686755 -0.3800000000000003
0.26174361688590136 -0.3805000000000003
0.2625283512769249 -0.3810000000000003
0.26331426068260916 -0.3815000000000003
0.2641013359907117 -0.3820000000000003
0.26488956808611336 -0.3825000000000003
0.2656789478528431 -0.3830000000000003
0.266469466176106 -0.3835000000000003
0.26726111394428476 -0.3840000000000003
0.26805388205094405 -0.3845000000000003
0.2688477613968174 -0.3850000000000003
0.2696427428917789 -0.3855000000000003
0.27043881745680753 -0.3860000000000003
0.2712359760259304 -0.3865000000000003
0.27203420954815916 -0.3870000000000003
0.2728335089894026 -0.3875000000000003
0.2736338653343662 -0.3880000000000003
0.2744352695884352 -0.3885000000000003
0.27523771277954096 -0.3890000000000003
0.2760411859600015 -0.3895000000000003
0.27684568020835215 -0.3900000000000003
0.2776511866311504 -0.3905000000000003
0.2784576963647604 -0.3910000000000003
0.27926520057712123 -0.3915000000000003
0.28007369046948527 -0.3920000000000003
0.28088315727814295 -0.3925000000000003
0.28169359227611845 -0.3930000000000003
0.2825049867748446 -0.3935000000000003
0.28331733212581434 -0.3940000000000003
0.28413061972220777 -0.3945000000000003
0.28494484100049405 -0.3950000000000003
0.2857599874420081 -0.3955000000000003
0.2865760505745019 -0.3960000000000003
0.2873930219736727 -0.3965000000000003
0.2882108932646611 -0.3970000000000003
0.2890296561235251 -0.3975000000000003
0.28984930227868533 -0.3980000000000003
0.29066982351234905 -0.3985000000000003
0.29149121166189845 -0.3990000000000003
0.2923134586212585 -0.3995000000000003
0.29313655634223434 -0.4000000000000003
0.29396049683581976 -0.4005000000000003
0.29478527217348155 -0.4010000000000003
0.29561087448841156 -0.4015000000000003
0.29643729597675456 -0.4020000000000003
0.2972645288988022 -0.4025000000000003
0.29809256558016695 -0.4030000000000003
0.2989213984129197 -0.4035000000000003
0.2997510198567035 -0.4040000000000003
0.30058142243981817 -0.4045000000000003
0.30141259876027404 -0.4050000000000003
0.3022445414868227 -0.4055000000000003
0.3030772433599532 -0.4060000000000003
0.30391069719286506 -0.4065000000000003
0.30474489587240855 -0.4070000000000003
0.3055798323600033 -0.4075000000000003
0.3064154996925217 -0.4080000000000003
0.3072518909831493 -0.4085000000000003
0.30808899942221735 -0.4090000000000003
0.30892681827800467 -0.4095000000000003
0.3097653408975161 -0.4100000000000003
0.3106045607072329 -0.4105000000000003
0.31144447121383173 -0.4110000000000003
0.3122850660048854 -0.4115000000000003
0.3131263387495308 -0.4120000000000003
0.31396828319911163 -0.4125000000000003
0.3148108931877978 -0.4130000000000003
0.3156541626331769 -0.4135000000000003
0.31649808553681974 -0.4140000000000003
0.31734265598482403 -0.4145000000000003
0.31818786814833117 -0.4150000000000003
0.3190337162840177 -0.4155000000000003
0.3198801947345637 -0.4160000000000003
0.32072729792909943 -0.4165000000000003
0.3215750203836242 -0.4170000000000003
0.32242335670140654 -0.4175000000000003
0.3232723015733581 -0.4180000000000003
0.3241218497783868 -0.4185000000000003
0.32497199618372996 -0.4190000000000003
0.32582273574526105 -0.4195000000000003
0.3266740635077789 -0.4200000000000003
0.3275259746052748 -0.4205000000000003
0.3283784642611807 -0.4210000000000003
0.32923152778859305 -0.4215000000000003
0.33008516059048154 -0.4220000000000003
0.33093935815987763 -0.4225000000000003
0.3317941160800398 -0.4230000000000003
0.3326494300246086 -0.4235000000000003
0.3335052957577346 -0.4240000000000003
0.334361709134194 -0.4245000000000003
0.33521866609948775 -0.4250000000000003
0.33607616268991813 -0.4255000000000003
0.3369341950326565 -0.4260000000000003
0.33779275934578595 -0.4265000000000003
0.3386518519383401 -0.4270000000000003
0.3395114692103142 -0.4275000000000003
0.3403716076526691 -0.4280000000000003
0.341232263847319 -0.4285000000000003
0.34209343446710483 -0.4290000000000003
0.34295511627575487 -0.4295000000000003
0.34381730612783035 -0.4300000000000003
0.3446800009686601 -0.4305000000000003
0.3455431978342621 -0.4310000000000003
0.34640689385125417 -0.4315000000000003
0.34727108623674924 -0.43200000000000033
0.34813577229824444 -0.43250000000000033
0.34900094943349924 -0.43300000000000033
0.349866615130396 -0.43350000000000033
0.350732766966799 -0.43400000000000033
0.35159940261040074 -0.43450000000000033
0.35246651981855653 -0.43500000000000033
0.35333411643811574 -0.43550000000000033
0.35420219040523804 -0.43600000000000033
0.35507073974520637 -0.43650000000000033
0.35593976257223114 -0.43700000000000033
0.35680925708924505 -0.43750000000000033
0.3576792215876934 -0.43800000000000033
0.358549654447315 -0.43850000000000033
0.3594205541359213 -0.43900000000000033
0.3602919192091641 -0.43950000000000033
0.36116374831029996 -0.44000000000000034
0.3620360401699528 -0.44050000000000034
0.36290879360586464 -0.44100000000000034
0.36378200752264694 -0.44150000000000034
0.3646556809115268 -0.44200000000000034
0.36552981285008523 -0.44250000000000034
0.3664044025020004 -0.44300000000000034
0.36727944911677574 -0.44350000000000034
0.36815495202947734 -0.44400000000000034
0.36903091066045757 -0.44450000000000034
0.36990732451508473 -0.44500000000000034
0.37078419318346595 -0.44550000000000034
0.37166151634016764 -0.44600000000000034
0.3725392937439388 -0.44650000000000034
0.37341752523742944 -0.44700000000000034
0.37429621074690717 -0.44750000000000034
0.37517535028197724 -0.44800000000000034
0.37605494393529687 -0.44850000000000034
0.37693499188229357 -0.44900000000000034
0.37781549438088197 -0.44950000000000034
0.37869645177117994 -0.45000000000000034
0.37957786447522474 -0.45050000000000034
0.38045973299669644 -0.45100000000000035
0.38134205792062886 -0.45150000000000035
0.3822248399131374 -0.45200000000000035
0.38310807972113686 -0.45250000000000035
0.383991778172067 -0.45300000000000035
0.3848759361736158 -0.45350000000000035
0.38576055471344783 -0.45400000000000035
0.3866456348589344 -0.45450000000000035
0.38753117775688584 -0.45500000000000035
0.3884171846332863 -0.45550000000000035
0.3893036567930312 -0.45600000000000035
0.3901905956196687 -0.45650000000000035
0.3910780025751439 -0.45700000000000035
0.39196587919954645 -0.45750000000000035
0.39285422711086315 -0.45800000000000035
0.3937430480047304 -0.45850000000000035
0.3946323436541978 -0.45900000000000035
0.3955221159094887 -0.45950000000000035
0.3964123666977689 -0.46000000000000035
0.3973030980229181 -0.46050000000000035
0.3981943119653096 -0.46100000000000035
0.39908601068159133 -0.46150000000000035
0.39997819640446997 -0.46200000000000035
0.4008708714425091 -0.46250000000000036
0.40176403817992123 -0.46300000000000036
0.4026576990763734 -0.46350000000000036
0.4035518566667959 -0.46400000000000036
0.4044465135611964 -0.46450000000000036
0.40534167244448027 -0.46500000000000036
0.4062373360762772 -0.46550000000000036
0.40713350729077297 -0.46600000000000036
0.4080301889965494 -0.46650000000000036
0.40892738417643004 -0.46700000000000036
0.40982509588732985 -0.46750000000000036
0.4107233272601163 -0.46800000000000036
0.4116220814994732 -0.46850000000000036
0.41252136188377353 -0.46900000000000036
0.41342117176496 -0.46950000000000036
0.41432151456843047 -0.47000000000000036
0.4152223937929314 -0.47050000000000036
0.41612381301046036 -0.47100000000000036
0.4170257758661751 -0.47150000000000036
0.4179282860783097 -0.47200000000000036
0.4188313474380969 -0.47250000000000036
0.41973496380970304 -0.47300000000000036
0.42063913913017026 -0.47350000000000037
0.42154387740935695 -0.47400000000000037
0.4224491827299017 -0.47450000000000037
0.4233550592471856 -0.47500000000000037
0.42426151118930516 -0.47550000000000037
0.42516854285705213 -0.47600000000000037
0.4260761586239073 -0.47650000000000037
0.4269843629360382 -0.47700000000000037
0.42789316031230545 -0.47750000000000037
0.4288025553442808 -0.47800000000000037
0.42971255269627223 -0.47850000000000037
0.4306231571053603 -0.47900000000000037
0.43153437338144096 -0.47950000000000037
0.4324462064072787 -0.48000000000000037
0.43335866113856897 -0.48050000000000037
0.43427174260401297 -0.48100000000000037
0.43518545590539726 -0.48150000000000037
0.4360998062176866 -0.4820000000000004
0.4370147987891252 -0.4825000000000004
0.4379304389413476 -0.4830000000000004
0.4388467320695008 -0.4835000000000004
0.43976368364237645 -0.4840000000000004
0.44068129920255067 -0.4845000000000004
0.4415995843665395 -0.4850000000000004
0.4425185448249574 -0.4855000000000004
0.4434381863426949 -0.4860000000000004
0.4443585147590965 -0.4865000000000004
0.44527953598816283 -0.4870000000000004
0.4462012560187497 -0.4875000000000004
0.4471236809147856 -0.4880000000000004
0.4480468168155037 -0.4885000000000004
0.4489706699356735 -0.4890000000000004
0.4498952465658564 -0.4895000000000004
0.45082055307266433 -0.4900000000000004
0.45174659589903204 -0.4905000000000004
0.4526733815645042 -0.4910000000000004
0.45360091666552926 -0.4915000000000004
0.45452920787576795 -0.4920000000000004
0.4554582619464124 -0.4925000000000004
0.4563880857065223 -0.4930000000000004
0.4573186860633643 -0.4935000000000004
0.4582500700027709 -0.4940000000000004
0.45918224458950985 -0.4945000000000004
0.4601152169676652 -0.4950000000000004
0.4610489943610337 -0.4955000000000004
0.46198358407352885 -0.4960000000000004
0.4629189934896035 -0.4965000000000004
0.4638552300746831 -0.4970000000000004
0.46479230137561317 -0.4975000000000004
0.4657302150211177 -0.4980000000000004
0.4666689787222724 -0.4985000000000004
0.46760860027299656 -0.4990000000000004
0.4685490875505473 -0.4995000000000004
0.469490448516044 -0.5000000000000003
0.47043269121498793 -0.5005000000000003
0.4713758237778128 -0.5010000000000002
0.47231985442044 -0.5015000000000002
0.4732647914448529 -0.5020000000000001
0.47421064323968465 -0.5025000000000001
0.47515741828081687 -0.503
0.476105125132003 -0.5035
0.47705377244549896 -0.5039999999999999
0.4780033689627099 -0.5044999999999998
0.4789539235148577 -0.5049999999999998
0.47990544502365623 -0.5054999999999997
0.48085794250201325 -0.5059999999999997
0.4818114250547402 -0.5064999999999996
0.4827659018792804 -0.5069999999999996
0.48372138226645156 -0.5074999999999995
0.48467787560121484 -0.5079999999999995
0.48563539136344935 -0.5084999999999994
0.48659393912874793 -0.5089999999999993
0.48755352856923506 -0.5094999999999993
0.4885141694543943 -0.5099999999999992
0.4894758716519198 -0.5104999999999992
0.49043864512858426 -0.5109999999999991
0.49140249995112334 -0.5114999999999991
0.4923674462871415 -0.511999999999999
0.4933334944060356 -0.512499999999999
0.4943006546799352 -0.5129999999999989
0.4952689375846676 -0.5134999999999988
0.496238353700737 -0.5139999999999988
0.4972089137143235 -0.5144999999999987
0.4981806284183106 -0.5149999999999987
0.4991535087133216 -0.5154999999999986
0.5001275656087841 -0.5159999999999986
0.5011028102240102 -0.5164999999999985
0.5020792537893061 -0.5169999999999985
0.503056907647094 -0.5174999999999984
0.5040357832530599 -0.5179999999999984
0.5050158921773277 -0.5184999999999983
0.5059972461056439 -0.5189999999999982
0.5069798568405982 -0.5194999999999982
0.5079637363028603 -0.5199999999999981
0.5089488965324398 -0.5204999999999981
0.5099353496899717 -0.520999999999998
0.5109231080580262 -0.521499999999998
0.5119121840424372 -0.5219999999999979
0.5129025901736698 -0.5224999999999979
0.5138943391081922 -0.5229999999999978
0.5148874436298899 -0.5234999999999977
0.5158819166515028 -0.5239999999999977
0.5168777712160768 -0.5244999999999976
0.5178750204984546 -0.5249999999999976
0.518873677806795 -0.5254999999999975
0.5198737565841026 -0.5259999999999975
0.5208752704098035 -0.5264999999999974
0.5218782330013441 -0.5269999999999974
0.5228826582158081 -0.5274999999999973
0.5238885600515751 -0.5279999999999972
0.5248959526500064 -0.5284999999999972
0.5259048502971502 -0.5289999999999971
0.5269152674254949 -0.5294999999999971
0.5279272186157338 -0.529999999999997
0.528940718598573 -0.530499999999997
0.5299557822565735 -0.5309999999999969
0.5309724246260088 -0.5314999999999969
0.531990660898774 -0.5319999999999968
0.5330105064243176 -0.5324999999999968
0.5340319767116054 -0.5329999999999967
0.535055087431129 -0.5334999999999966
0.5360798544169312 -0.5339999999999966
0.5371062936686873 -0.5344999999999965
0.5381344213538025 -0.5349999999999965
0.5391642538095571 -0.5354999999999964
0.5401958075452871 -0.5359999999999964
0.5412290992445962 -0.5364999999999963
0.5422641457676094 -0.5369999999999963
0.543300964153264 -0.5374999999999962
0.5443395716216434 -0.5379999999999961
0.5453799855763396 -0.5384999999999961
0.5464222236068682 -0.538999999999996
0.5474663034911109 -0.539499999999996
0.5485122431978136 -0.5399999999999959
0.5495600608891111 -0.5404999999999959
0.5506097749231055 -0.5409999999999958
0.5516614038564825 -0.5414999999999958
0.5527149664471707 -0.5419999999999957
0.5537704816570427 -0.5424999999999957
0.5548279686546668 -0.5429999999999956
0.5558874468181061 -0.5434999999999955
0.5569489357377461 -0.5439999999999955
0.5580124552191958 -0.5444999999999954
0.5590780252862058 -0.5449999999999954
0.5601456661836642 -0.5454999999999953
0.5612153983806174 -0.5459999999999953
0.5622872425733495 -0.5464999999999952
0.5633612196885184 -0.5469999999999952
0.5644373508863272 -0.5474999999999951
0.5655156575637594 -0.547999999999995
0.5665961613578608 -0.548499999999995
0.5676788841490712 -0.5489999999999949
0.5687638480646191 -0.5494999999999949
0.5698510754819605 -0.5499999999999948
0.5709405890322736 -0.5504999999999948
0.5720324116040147 -0.5509999999999947
0.5731265663465298 -0.5514999999999947
0.5742230766737111 -0.5519999999999946
0.5753219662677262 -0.5524999999999946
0.5764232590827995 -0.5529999999999945
0.5775269793490485 -0.5534999999999944
0.5786331515763886 -0.5539999999999944
0.5797418005584904 -0.5544999999999943
0.5808529513767988 -0.5549999999999943
0.581966629404624 -0.5554999999999942
0.5830828603112794 -0.5559999999999942
0.5842016700662945 -0.5564999999999941
0.5853230849436974 -0.556999999999994
0.586447131526333 -0.557499999999994
0.5875738367102903 -0.557999999999994
0.5887032277093578 -0.5584999999999939
0.589835332059569 -0.5589999999999938
0.590970177623807 -0.5594999999999938
0.5921077925964794 -0.5599999999999937
0.5932482055082658 -0.5604999999999937
0.5943914452309311 -0.5609999999999936
0.5955375409822125 -0.5614999999999936
0.596686522330778 -0.5619999999999935
0.5978384192012645 -0.5624999999999934
0.5989932618793766 -0.5629999999999934
0.6001510810170742 -0.5634999999999933
0.6013119076378243 -0.5639999999999933
0.6024757731419402 -0.5644999999999932
0.603642709311993 -0.5649999999999932
0.6048127483182988 -0.5654999999999931
0.6059859227244964 -0.5659999999999931
0.607162265493197 -0.566499999999993
0.6083418099917184 -0.566999999999993
0.6095245899979093 -0.5674999999999929
0.6107106397060498 -0.5679999999999928
0.6118999937328474 -0.5684999999999928
0.6130926871235145 -0.5689999999999927
0.6142887553579413 -0.5694999999999927
0.6154882343569595 -0.5699999999999926
0.6166911604887031 -0.5704999999999926
0.6178975705750567 -0.5709999999999925
0.619107501898213 -0.5714999999999925
0.6203209922073305 -0.5719999999999924
0.6215380797252898 -0.5724999999999923
0.6227588031555706 -0.5729999999999923
0.6239832016892204 -0.5734999999999922
0.6252113150119584 -0.5739999999999922
0.6264431833113917 -0.5744999999999921
0.6276788472843539 -0.5749999999999921
0.6289183481443826 -0.575499999999992
0.6301617276293134 -0.575999999999992
0.6314090280090431 -0.5764999999999919
0.6326602920934342 -0.5769999999999919
0.6339155632403569 -0.5774999999999918
0.6351748853639292 -0.5779999999999917
0.636438302942915 -0.5784999999999917
0.6377058610293125 -0.5789999999999916
0.6389776052571567 -0.5794999999999916
0.6402535818515135 -0.5799999999999915
0.6415338376377259 -0.5804999999999915
0.64281842005089 -0.5809999999999914
0.6441073771456094 -0.5814999999999914
0.6454007576060248 -0.5819999999999913
0.6466986107561599 -0.5824999999999912
0.6480009865706094 -0.5829999999999912
0.6493079356855708 -0.5834999999999911
0.6506195094102983 -0.5839999999999911
0.6519357597389689 -0.584499999999991
0.6532567393630326 -0.584999999999991
0.6545825016840779 -0.5854999999999909
0.6559131008272461 -0.5859999999999909
0.6572485916552987 -0.5864999999999908
0.6585890297833226 -0.5869999999999908
0.6599344715942215 -0.5874999999999907
0.6612849742550041 -0.5879999999999906
0.6626405957339887 -0.5884999999999906
0.6640013948190009 -0.5889999999999905
0.6653674311366793 -0.5894999999999905
0.6667387651729881 -0.5899999999999904
0.6681154582950706 -0.5904999999999904
0.6694975727746016 -0.5909999999999903
0.6708851718127622 -0.5914999999999903
0.6722783195670404 -0.5919999999999902
0.6736770811800387 -0.5924999999999901
0.6750815228105074 -0.5929999999999901
0.6764917116668555 -0.59349999999999
0.6779077160433824 -0.59399999999999
0.6793296053595609 -0.5944999999999899
0.6807574502026753 -0.5949999999999899
0.6821913223742128 -0.5954999999999898
0.6836312949403984 -0.5959999999999898
0.6850774422873541 -0.5964999999999897
0.6865298401813795 -0.5969999999999897
0.6879885658349594 -0.5974999999999896
0.6894536979790984 -0.5979999999999895
0.6909253169427481 -0.5984999999999895
0.6924035047400986 -0.5989999999999894
0.6938883451666461 -0.5994999999999894
0.6953799239050602 -0.5999999999999893
0.6968783286419531 -0.6004999999999893
0.6983836491968565 -0.6009999999999892
0.6998959776648185 -0.6014999999999892
0.7014154085742158 -0.6019999999999891
0.7029420390616201 -0.602499999999989
0.7044759690657451 -0.602999999999989
0.7060173015427578 -0.6034999999999889
0.7075661427056124 -0.6039999999999889
0.7091226022903016 -0.6044999999999888
0.7106867938524081 -0.6049999999999888
0.7122588350977386 -0.6054999999999887
0.713838848251376 -0.6059999999999887
0.7154269604700856 -0.6064999999999886
0.7170233043036981 -0.6069999999999885
0.7186280182119361 -0.6074999999999885
0.7202412471440987 -0.6079999999999884
0.7218631431901156 -0.6084999999999884
0.7234938663128183 -0.6089999999999883
0.7251335851728181 -0.6094999999999883
0.7267824780591797 -0.6099999999999882
0.7284407339412925 -0.6104999999999882
0.7301155196836028 -0.6109999999999902
0.7317861512856888 -0.611499999999988
0.7334737556185206 -0.611999999999988
0.7351716120120669 -0.6124999999999879
0.7368799842991718 -0.6129999999999879
0.738599157118961 -0.6134999999999878
0.7403294385395146 -0.6139999999999878
0.7420711630878232 -0.6144999999999877
0.7438246952519239 -0.6149999999999877
0.7455904335433128 -0.6154999999999876
0.7473688152276603 -0.6159999999999876
0.7491603218569178 -0.6164999999999875
0.7509654857682629 -0.6169999999999874
0.7527848977569962 -0.6174999999999874
0.7546192161846591 -0.6179999999999873
0.7564691778550094 -0.6184999999999873
0.7583356110853011 -0.6189999999999872
0.7602194515276729 -0.6194999999999872
0.7621217614688712 -0.6199999999999871
0.7640437535754359 -0.6204999999999871
0.7659868203858813 -0.620999999999987
0.7679525713264391 -0.621499999999987
0.7699428797140404 -0.6219999999999869
0.7719599432230057 -0.6224999999999868
0.7740063628175892 -0.6229999999999868
0.7760852475059515 -0.6234999999999867
0.7782003560016794 -0.6239999999999867
0.7803562924761976 -0.6244999999999866
0.7825587839096603 -0.6249999999999866
0.7848150847579595 -0.6254999999999865
0.7871345883580121 -0.6259999999999865
0.7895297905623253 -0.6264999999999864
0.7920178899930924 -0.6269999999999863
0.7946236279937046 -0.6274999999999863
0.7973847899714386 -0.6279999999999862
0.8003642405238274 -0.6284999999999862
0.8036815418326395 -0.6289999999999861
0.8076273118137836 -0.6294999999999861
0.8136742113484375 -0.629999999999986
0.8226026612319643 -0.630499999999986
0.8228280375981665 -0.6309999999999859
0.8230530219509865 -0.6314999999999859
0.8232776142928685 -0.6319999999999858
0.8235018146190515 -0.6324999999999857
0.8237256229175121 -0.6329999999999857
0.8239490391689113 -0.6334999999999856
0.8241720633465346 -0.6339999999999856
0.8243946954162328 -0.6344999999999855
0.8246169353363668 -0.6349999999999855
0.8248387830577445 -0.6354999999999854
0.8250602385235627 -0.6359999999999854
0.8252813016693448 -0.6364999999999853
0.8255019724228772 -0.6369999999999852
0.8257222507041504 -0.6374999999999852
0.8259421364252925 -0.6379999999999851
0.8261616294905044 -0.6384999999999851
0.8263807297959985 -0.638999999999985
0.8265994372299267 -0.639499999999985
0.8268177516723183 -0.6399999999999849
0.8270356729950111 -0.6404999999999849
0.8272532010615823 -0.6409999999999848
0.8274703357272781 -0.6414999999999847
0.8276870768389462 -0.6419999999999847
0.8279034242349633 -0.6424999999999846
0.8281193777451606 -0.6429999999999846
0.8283349371907557 -0.6434999999999845
0.8285501023842771 -0.6439999999999845
0.8287648731294851 -0.6444999999999844
0.828979249221304 -0.6449999999999844
0.829193230445739 -0.6454999999999843
0.8294068165798035 -0.6459999999999843
0.8296200073914369 -0.6464999999999842
0.8298328026394293 -0.6469999999999841
0.830045202073337 -0.6474999999999841
0.8302572054334044 -0.647999999999984
0.8304688124504811 -0.648499999999984
0.8306800228459398 -0.6489999999999839
0.8308908363315896 -0.6494999999999839
0.8311012526095942 -0.6499999999999838
0.831311271372383 -0.6504999999999838
0.8315208923025664 -0.6509999999999837
0.8317301150728464 -0.6514999999999836
0.8319389393459291 -0.6519999999999836
0.8321473647744321 -0.6524999999999835
0.8323553910007956 -0.6529999999999835
0.832563017657192 -0.6534999999999834
0.8327702443654269 -0.6539999999999834
0.8329770707368501 -0.6544999999999833
0.8331834963722611 -0.6549999999999833
0.833389520861808 -0.6554999999999832
0.8335951437848942 -0.6559999999999832
0.833800364710078 -0.6564999999999831
0.8340051831949764 -0.656999999999983
0.8342095987861576 -0.657499999999983
0.8344136110190483 -0.6579999999999829
0.8346172194178241 -0.6584999999999829
0.8348204234953093 -0.6589999999999828
0.8350232227528701 -0.6594999999999828
0.8352256166803093 -0.6599999999999827
0.8354276047557612 -0.6604999999999827
0.8356291864455784 -0.6609999999999826
0.835830361204228 -0.6614999999999825
0.8360311284741779 -0.6619999999999825
0.8362314876857835 -0.6624999999999824
0.8364314382571811 -0.6629999999999824
0.8366309795941677 -0.6634999999999823
0.8368301110900886 -0.6639999999999823
0.8370288321257217 -0.6644999999999822
0.837227142069159 -0.6649999999999822
0.8374250402756882 -0.6654999999999821
0.8376225260876751 -0.665999999999982
0.8378195988344381 -0.666499999999982
0.8380162578321311 -0.6669999999999819
0.8382125023836199 -0.6674999999999819
0.8384083317783529 -0.6679999999999818
0.8386037452922414 -0.6684999999999818
0.8387987421875315 -0.6689999999999817
0.838993321712673 -0.6694999999999817
0.8391874831021946 -0.6699999999999816
0.8393812255765735 -0.6704999999999816
0.8395745483420992 -0.6709999999999815
0.8397674505907484 -0.6714999999999814
0.8399599315000461 -0.6719999999999814
0.8401519902329315 -0.6724999999999813
0.8403436259376234 -0.6729999999999813
0.8405348377474845 -0.6734999999999812
0.8407256247808795 -0.6739999999999812
0.8409159861410387 -0.6744999999999811
0.8411059209159156 -0.6749999999999811
0.841295428178048 -0.675499999999981
0.841484506984412 -0.675999999999981
0.8416731563762787 -0.6764999999999809
0.8418613753790745 -0.6769999999999808
0.8420491630022268 -0.6774999999999808
0.8422365182390215 -0.6779999999999807
0.842423440066457 -0.6784999999999807
0.8426099274450896 -0.6789999999999806
0.8427959793188868 -0.6794999999999806
0.842981594615075 -0.6799999999999805
0.8431667722439876 -0.6804999999999805
0.8433515110989104 -0.6809999999999804
0.8435358100559287 -0.6814999999999803
0.8437196679737715 -0.6819999999999803
0.8439030836936544 -0.6824999999999802
0.8440860560391235 -0.6829999999999802
0.8442685838158975 -0.6834999999999801
0.8444506658117068 -0.6839999999999801
0.8446323007961356 -0.68449999999998
0.8448134875204588 -0.68499999999998
0.8449942247174841 -0.6854999999999799
0.8451745111013867 -0.6859999999999798
0.845354345367545 -0.6864999999999798
0.8455337261923812 -0.6869999999999797
0.8457126522331928 -0.6874999999999797
0.8458911221279879 -0.6879999999999796
0.8460691344953206 -0.6884999999999796
0.8462466879341227 -0.6889999999999795
0.8464237810235393 -0.6894999999999795
0.8466004123227563 -0.6899999999999794
0.8467765803708374 -0.6904999999999794
0.8469522836865526 -0.6909999999999793
0.8471275207682087 -0.6914999999999792
0.8473022900934812 -0.6919999999999792
0.847476590119244 -0.6924999999999791
0.8476504192813991 -0.6929999999999791
0.8478237759947065 -0.693499999999979
0.8479966586526133 -0.693999999999979
0.8481690656270822 -0.6944999999999789
0.848340995268423 -0.6949999999999789
0.8485124459051209 -0.6954999999999788
0.8486834158436636 -0.6959999999999787
0.8488539033683742 -0.6964999999999787
0.8490239067412385 -0.6969999999999786
0.8491934242017339 -0.6974999999999786
0.8493624539666624 -0.6979999999999785
0.8495309942299794 -0.6984999999999785
0.8496990431626223 -0.6989999999999784
0.8498665989123481 -0.6994999999999784
0.8500336596035563 -0.6999999999999783
0.8502002233371313 -0.7004999999999783
0.8503662881902675 -0.7009999999999782
0.8505318522163096 -0.7014999999999781
0.8506969134445852 -0.7019999999999781
0.8508614698802391 -0.702499999999978
0.8510255195040745 -0.702999999999978
0.8511890602723898 -0.7034999999999779
0.8513520901168175 -0.7039999999999779
0.851514606944167 -0.7044999999999778
0.8516766086362659 -0.7049999999999778
0.851838093049807 -0.7054999999999777
0.8519990580161927 -0.7059999999999776
0.8521595013413815 -0.7064999999999776
0.8523194208057416 -0.7069999999999775
0.8524788141639001 -0.7074999999999775
0.8526376791445992 -0.7079999999999774
0.8527960134505537 -0.7084999999999774
0.8529538147583062 -0.7089999999999773
0.8531110807180935 -0.7094999999999773
0.8532678089537098 -0.7099999999999772
0.8534239970623718 -0.7104999999999771
0.8535796426145945 -0.7109999999999771
0.85373474315406 -0.711499999999977
0.8538892961974967 -0.711999999999977
0.8540432992345616 -0.7124999999999769
0.854196749727722 -0.7129999999999769
0.8543496451121455 -0.7134999999999768
0.8545019827955919 -0.7139999999999768
0.8546537601583087 -0.7144999999999767
0.8548049745529342 -0.7149999999999767
0.8549556233044013 -0.7154999999999766
0.8551057037098468 -0.7159999999999765
0.8552552130385288 -0.7164999999999765
0.8554041485317456 -0.7169999999999764
0.8555525074027613 -0.7174999999999764
0.8557002868367355 -0.7179999999999763
0.8558474839906635 -0.7184999999999763
0.8559940959933156 -0.7189999999999762
0.8561401199451881 -0.7194999999999762
0.8562855529184559 -0.7199999999999761
0.8564303919569376 -0.720499999999976
0.8565746340760616 -0.720999999999976
0.8567182762628425 -0.7214999999999759
0.8568613154758629 -0.7219999999999759
0.8570037486452668 -0.7224999999999758
0.8571455726727538 -0.7229999999999758
0.8572867844315865 -0.7234999999999757
0.8574273807666071 -0.7239999999999757
0.857567358494256 -0.7244999999999756
0.8577067144026059 -0.7249999999999756
0.8578454452514017 -0.7254999999999755
0.8579835477721103 -0.7259999999999754
0.8581210186679795 -0.7264999999999754
0.8582578546141063 -0.7269999999999753
0.8583940522575164 -0.7274999999999753
0.8585296082172541 -0.7279999999999752
0.8586645190844808 -0.7284999999999752
0.8587987814225864 -0.7289999999999751
0.8589323917673111 -0.7294999999999751
0.859065346626877 -0.729999999999975
0.8591976424821361 -0.730499999999975
0.8593292757867239 -0.7309999999999749
0.8594602429672304 -0.7314999999999748
0.8595905404233807 -0.7319999999999748
0.8597201645282301 -0.7324999999999747
0.8598491116283706 -0.7329999999999747
0.8599773780441529 -0.7334999999999746
0.8601049600699202 -0.7339999999999746
0.8602318539742578 -0.7344999999999745
0.8603580560002531 -0.7349999999999745
0.8604835623657769 -0.7354999999999744
0.8606083692637727 -0.7359999999999743
0.8607324728625649 -0.7364999999999743
0.8608558693061803 -0.7369999999999742
0.860978554714689 -0.7374999999999742
0.861100525184556 -0.7379999999999741
0.8612217767890136 -0.7384999999999741
0.8613423055784459 -0.738999999999974
0.8614621075807963 -0.739499999999974
0.8615811788019837 -0.7399999999999739
0.861699515226345 -0.7404999999999738
0.8618171128170864 -0.7409999999999738
0.8619339675167622 -0.7414999999999737
0.8620500752477589 -0.7419999999999737
0.8621654319128118 -0.7424999999999736
0.8622800333955292 -0.7429999999999736
0.8623938755609407 -0.7434999999999735
0.8625069542560633 -0.7439999999999735
0.8626192653104845 -0.7444999999999734
0.8627308045369693 -0.7449999999999734
0.8628415677320824 -0.7454999999999733
0.8629515506768322 -0.7459999999999732
0.8630607491373345 -0.7464999999999732
0.8631691588654968 -0.7469999999999731
0.8632767755997202 -0.7474999999999731
0.8633835950656242 -0.747999999999973
0.8634896129767934 -0.748499999999973
0.8635948250355404 -0.7489999999999729
0.8636992269336913 -0.7494999999999729
0.863802814353394 -0.7499999999999728
0.8639055829679461 -0.7504999999999727
0.86400752844264 -0.7509999999999727
0.8641086464356358 -0.7514999999999726
0.8642089325988485 -0.7519999999999726
0.8643083825788622 -0.7524999999999725
0.8644069920178603 -0.7529999999999725
0.864504756554577 -0.7534999999999724
0.8646016718252754 -0.7539999999999724
0.8646977334647381 -0.7544999999999723
0.8647929371072857 -0.7549999999999722
0.8648872783878087 -0.7554999999999722
0.8649807529428302 -0.7559999999999721
0.8650733564115767 -0.7564999999999721
0.8651650844370774 -0.756999999999972
0.8652559326672834 -0.757499999999972
0.8653458967562003 -0.7579999999999719
0.8654349723650492 -0.7584999999999719
0.8655231551634357 -0.7589999999999718
0.8656104408305526 -0.7594999999999718
0.8656968250563872 -0.7599999999999717
0.8657823035429563 -0.7604999999999716
0.8658668720055533 -0.7609999999999716
0.8659505261740196 -0.7614999999999715
0.8660332617940255 -0.7619999999999715
0.8661150746283734 -0.7624999999999714
0.8661959604583185 -0.7629999999999714
0.8662759150848978 -0.7634999999999713
0.8663549343302844 -0.7639999999999713
0.866433014039151 -0.7644999999999712
0.8665101500800483 -0.7649999999999711
0.8665863383467975 -0.7654999999999711
0.8666615747599001 -0.765999999999971
0.8667358552679534 -0.766499999999971
0.8668091758490839 -0.7669999999999709
0.8668815325123915 -0.7674999999999709
0.8669529212994 -0.7679999999999708
0.8670233382855251 -0.7684999999999708
0.8670927795815442 -0.7689999999999707
0.8671612413350815 -0.7694999999999707
0.8672287197320978 -0.7699999999999706
0.8672952109983874 -0.7704999999999705
0.8673607114010831 -0.7709999999999705
0.8674252172501653 -0.7714999999999704
0.8674887248999787 -0.7719999999999704
0.86755123075075 -0.7724999999999703
0.8676127312501098 -0.7729999999999703
0.8676732228946205 -0.7734999999999702
0.8677327022312982 -0.7739999999999702
0.8677911658591458 -0.7744999999999701
0.8678486104306758 -0.77499999999997
0.8679050326534372 -0.77549999999997
0.8679604292915438 -0.7759999999999699
0.8680147971671931 -0.7764999999999699
0.8680681331621833 -0.7769999999999698
0.8681204342194311 -0.7774999999999698
0.868171697344478 -0.7779999999999697
0.8682219196069942 -0.7784999999999697
0.8682710981422722 -0.7789999999999696
0.8683192301527161 -0.7794999999999696
0.8683663129093181 -0.7799999999999695
0.8684123437531313 -0.7804999999999694
0.8684573200967238 -0.7809999999999694
0.8685012394256307 -0.7814999999999693
0.8685440992997839 -0.7819999999999693
0.8685858973549392 -0.7824999999999692
0.8686266313040814 -0.7829999999999692
0.8686662989388205 -0.7834999999999691
0.8687048981307672 -0.783999999999969
0.8687424268328996 -0.784499999999969
0.8687788830809056 -0.784999999999969
0.8688142649945139 -0.7854999999999689
0.8688485707788014 -0.7859999999999688
0.86888179872549 -0.7864999999999688
0.8689139472142128 -0.7869999999999687
0.8689450147137726 -0.7874999999999687
0.8689749997833683 -0.7879999999999686
0.8690039010738116 -0.7884999999999686
0.8690317173287126 -0.7889999999999685
0.8690584473856507 -0.7894999999999684
0.8690840901773181 -0.7899999999999684
0.8691086447326443 -0.7904999999999683
0.8691321101778953 -0.7909999999999683
0.8691544857377508 -0.7914999999999682
0.8691757707363591 -0.7919999999999682
0.8691959645983618 -0.7924999999999681
0.8692150668499062 -0.7929999999999681
0.869233077119623 -0.793499999999968
0.8692499951395839 -0.793999999999968
0.8692658207462369 -0.7944999999999679
0.8692805538813136 -0.7949999999999678
0.8692941945927177 -0.7954999999999678
0.8693067430353836 -0.7959999999999677
0.8693181994721138 -0.7964999999999677
0.8693285642743948 -0.7969999999999676
0.8693378379231869 -0.7974999999999676
0.8693460210096906 -0.7979999999999675
0.8693531142360928 -0.7984999999999675
0.8693591184162868 -0.7989999999999674
0.8693640344765744 -0.7994999999999673
0.8693678634563433 -0.7999999999999673
0.8693706065087254 -0.8004999999999672
0.8693722649012333 -0.8009999999999672
0.8693728400163768 -0.8014999999999671
0.8693723333522626 -0.8019999999999671
0.8693707465231696 -0.802499999999967
0.8693680812601153 -0.802999999999967
0.8693643394113958 -0.8034999999999669
0.8693595229431157 -0.8039999999999669
0.8693536339396997 -0.8044999999999668
0.8693466746043897 -0.8049999999999667
0.86933864725973 -0.8054999999999667
0.8693295543480365 -0.8059999999999666
0.869319398431859 -0.8064999999999666
0.8693081821944262 -0.8069999999999665
0.8692959084400873 -0.8074999999999665
0.8692825800947405 -0.8079999999999664
0.8692682002062553 -0.8084999999999664
0.8692527719448914 -0.8089999999999663
0.8692362986037049 -0.8094999999999662
0.8692187835989593 -0.8099999999999662
0.8692002304705261 -0.8104999999999661
0.8691806428822891 -0.8109999999999661
0.8691600246225452 -0.811499999999966
0.869138379604407 -0.811999999999966
0.8691157118662073 -0.8124999999999659
0.8690920255719085 -0.8129999999999659
0.8690673250115131 -0.8134999999999658
0.8690416146014851 -0.8139999999999658
0.869014898885175 -0.8144999999999657
0.8689871825332564 -0.8149999999999656
0.8689584703441696 -0.8154999999999656
0.8689287672445798 -0.8159999999999655
0.868898078289847 -0.8164999999999655
0.8688664086645087 -0.8169999999999654
0.8688337636827826 -0.8174999999999654
0.8688001487890805 -0.8179999999999653
0.8687655695585459 -0.8184999999999653
0.868730031697607 -0.8189999999999652
0.8686935410445569 -0.8194999999999651
0.8686561035701487 -0.8199999999999651
0.8686177253782225 -0.820499999999965
0.868578412706351 -0.820999999999965
0.8685381719265172 -0.8214999999999649
0.8684970095458178 -0.8219999999999649
0.868454932207195 -0.8224999999999648
0.8684119466902027 -0.8229999999999648
0.8683680599118023 -0.8234999999999647
0.8683232789271911 -0.8239999999999646
0.8682776109306701 -0.8244999999999646
0.8682310632565432 -0.8249999999999645
0.8681836433800563 -0.8254999999999645
0.8681353589183747 -0.8259999999999644
0.8680862176316011 -0.8264999999999644
0.8680362274238347 -0.8269999999999643
0.8679853963442712 -0.8274999999999643
0.8679337325883489 -0.8279999999999642
0.8678812444989397 -0.8284999999999642
0.8678279405675836 -0.8289999999999641
0.8677738294357731 -0.829499999999964
0.867718919896285 -0.829999999999964
0.8676632208945629 -0.8304999999999639
0.8676067415301474 -0.8309999999999639
0.8675494910581611 -0.8314999999999638
0.8674914788908455 -0.8319999999999638
0.8674327145991493 -0.8324999999999637
0.8673732079143751 -0.8329999999999637
0.8673129687298794 -0.8334999999999636
0.8672520071028295 -0.8339999999999635
0.8671903332560185 -0.8344999999999635
0.8671279575797376 -0.8349999999999634
0.8670648906337084 -0.8354999999999634
0.8670011431490765 -0.8359999999999633
0.8669367260304615 -0.8364999999999633
0.8668716503580725 -0.8369999999999632
0.8668059273898862 -0.8374999999999632
0.8667395685638826 -0.8379999999999631
0.86667258550035 -0.838499999999963
0.8666049900042503 -0.838999999999963
0.8665367940676508 -0.8394999999999629
0.8664680098722175 -0.8399999999999629
0.8663986497917789 -0.8404999999999628
0.8663287263949517 -0.8409999999999628
0.8662582524478315 -0.8414999999999627
0.8661872409167549 -0.8419999999999627
0.8661157049711212 -0.8424999999999626
0.866043657986287 -0.8429999999999626
0.8659711135465238 -0.8434999999999625
0.8658980854480391 -0.8439999999999624
0.8658245877020746 -0.8444999999999624
0.8657506345380575 -0.8449999999999623
0.8656762404068268 -0.8454999999999623
0.8656014199839227 -0.8459999999999622
0.8655261881729411 -0.8464999999999622
0.8654505601089516 -0.8469999999999621
0.865374551161983 -0.8474999999999621
0.8652981769405693 -0.847999999999962
0.8652214532953602 -0.848499999999962
0.8651443963227905 -0.8489999999999619
0.8650670223688144 -0.8494999999999618
0.8649893480326958 -0.8499999999999618
0.8649113901708579 -0.8504999999999617
0.8648331659007894 -0.8509999999999617
0.8647546926050068 -0.8514999999999616
0.8646759879350668 -0.8519999999999616
0.8645970698156338 -0.8524999999999615
0.864517956448595 -0.8529999999999615
0.8644386663172223 -0.8534999999999614
0.8643592181903794 -0.8539999999999613
0.864279631126769 -0.8544999999999613
0.8641999244792219 -0.8549999999999612
0.8641201178990194 -0.8554999999999612
0.8640402313402501 -0.8559999999999611
0.8639602850641939 -0.8564999999999611
0.8638802996437327 -0.856999999999961
0.8638002959677828 -0.857499999999961
0.8637202952457403 -0.8579999999999609
0.8636403190119457 -0.8584999999999608
0.863560389130146 -0.8589999999999608
0.8634805277979691 -0.8594999999999607
0.8634007575513875 -0.8599999999999607
0.8633211012691744 -0.8604999999999606
0.8632415821773465 -0.8609999999999606
0.8631622238535784 -0.8614999999999605
0.8630830502315969 -0.8619999999999605
0.8630040856055274 -0.8624999999999604
0.8629253546342055 -0.8629999999999604
0.8628468823454287 -0.8634999999999603
0.8627686941401498 -0.8639999999999602
0.8626908157965991 -0.8644999999999602
0.8626132734743238 -0.8649999999999601
0.8625360937181406 -0.8654999999999601
0.8624593034619821 -0.86599999999996
0.8623829300326333 -0.86649999999996
0.8623070011533449 -0.8669999999999599
0.8622315449473043 -0.8674999999999599
0.8621565899409634 -0.8679999999999598
0.8620821650671968 -0.8684999999999597
0.8620082996682883 -0.8689999999999597
0.8619350234987196 -0.8694999999999596
0.8618623667277532 -0.8699999999999596
0.8617903599417923 -0.8704999999999595
0.8617190341464988 -0.8709999999999595
0.8616484207686502 -0.8714999999999594
0.8615785516577266 -0.8719999999999594
0.8615094590871931 -0.8724999999999593
0.8614411757554732 -0.8729999999999593
0.8613737347865843 -0.8734999999999592
0.8613071697304162 -0.8739999999999591
0.8612415145626301 -0.8744999999999591
0.8611768036841551 -0.874999999999959
0.8611130719202631 -0.875499999999959
0.8610503545191903 -0.8759999999999589
0.8609886871502856 -0.8764999999999589
0.8609281059016595 -0.8769999999999588
0.8608686472773076 -0.8774999999999588
0.8608103481936757 -0.8779999999999587
0.8607532459756503 -0.8784999999999586
0.8606973783519339 -0.8789999999999586
0.8606427834497824 -0.8794999999999585
0.8605894997890757 -0.8799999999999585
0.860537566275685 -0.8804999999999584
0.8604870221941155 -0.8809999999999584
0.8604379071993831 -0.8814999999999583
0.8603902613080997 -0.8819999999999583
0.8603441248887342 -0.8824999999999582
0.8602995386510144 -0.8829999999999582
0.8602565436344402 -0.8834999999999581
0.8602151811958727 -0.883999999999958
0.8601754929961711 -0.884499999999958
0.8601375209858354 -0.8849999999999579
0.8601013073896357 -0.8854999999999579
0.8600668946901837 -0.8859999999999578
0.8600343256104236 -0.8864999999999578
0.8600036430950053 -0.8869999999999577
0.8599748902905149 -0.8874999999999577
0.8599481105245262 -0.8879999999999576
0.8599233472834542 -0.8884999999999575
0.8599006441891744 -0.8889999999999575
0.8598800449743904 -0.8894999999999574
0.8598615934567148 -0.8899999999999574
0.8598453335114575 -0.8904999999999573
0.8598313090430861 -0.8909999999999573
0.8598195639553494 -0.8914999999999572
0.859810142120043 -0.8919999999999572
0.8598030873444154 -0.8924999999999571
0.8597984433371899 -0.892999999999957
0.859796253673208 -0.893499999999957
0.8597965617566922 -0.8939999999999569
0.859799410783118 -0.8944999999999569
0.8598048436997152 -0.8949999999999568
0.8598129031645994 -0.8954999999999568
0.8598236315045499 -0.8959999999999567
0.8598370706714563 -0.8964999999999567
0.8598532621974557 -0.8969999999999566
0.8598722471487924 -0.8974999999999566
0.8598940660784344 -0.8979999999999565
0.859918758977491 -0.8984999999999564
0.8599463652254768 -0.8989999999999564
0.8599769235394789 -0.8994999999999563
0.8600104719222865 -0.8999999999999563
0.8600470476095526 -0.9004999999999562
0.8600866870160607 -0.9009999999999562
0.8601294256811783 -0.9014999999999561
0.860175298213587 -0.9019999999999561
0.8602243382353875 -0.902499999999956
0.8602765783256724 -0.902999999999956
0.860332049963695 -0.9034999999999559
0.86039078347173 -0.9039999999999558
0.8604528079577708 -0.9044999999999558
0.8605181512581772 -0.9049999999999557
0.8605868398804257 -0.9054999999999557
0.8606588989460947 -0.9059999999999556
0.8607343521342424 -0.9064999999999556
0.8608132216253324 -0.9069999999999555
0.8608955280458578 -0.9074999999999555
0.8609812904138502 -0.9079999999999554
0.8610705260854205 -0.9084999999999553
0.8611632507025208 -0.9089999999999553
0.8612594781420966 -0.9094999999999552
0.8613592204668126 -0.9099999999999552
0.8614624878775241 -0.9104999999999551
0.8615692886676872 -0.9109999999999551
0.8616796291798778 -0.911499999999955
0.8617935137646016 -0.911999999999955
0.8619109447415764 -0.9124999999999549
0.8620319223636593 -0.9129999999999548
0.8621564447835877 -0.9134999999999548
0.8622845080237002 -0.9139999999999547
0.8624161059488026 -0.9144999999999547
0.8625512302423237 -0.9149999999999546
0.862689870385911 -0.9154999999999546
0.8628320136426059 -0.9159999999999545
0.8629776450437115 -0.9164999999999545
0.8631267473794854 -0.9169999999999544
0.8632793011937493 -0.9174999999999544
0.8634352847825071 -0.9179999999999543
0.8635946741966561 -0.9184999999999542
0.8637574432488511 -0.9189999999999542
0.8639235635245618 -0.9194999999999541
0.8640930043973761 -0.9199999999999541
0.8642657330485468 -0.920499999999954
0.8644417144907948 -0.920999999999954
0.8646209115963507 -0.9214999999999539
0.8648032851292043 -0.9219999999999539
0.8649887937815101 -0.9224999999999538
0.8651773942140861 -0.9229999999999537
0.8653690411009242 -0.9234999999999537
0.8655636871776134 -0.9239999999999536
0.8657612832935611 -0.9244999999999536
0.8659617784678827 -0.9249999999999535
