1.000000000000000000e+00
9.994999999999999440e-01
9.989999999999999991e-01
9.984999999999999432e-01
9.979999999999998872e-01
9.974999999999998312e-01
9.969999999999998863e-01
9.964999999999998304e-01
9.959999999999997744e-01
9.954999999999997184e-01
9.949999999999997735e-01
9.944999999999997176e-01
9.939999999999996616e-01
9.934999999999996056e-01
9.929999999999996607e-01
9.924999999999996048e-01
9.919999999999995488e-01
9.914999999999994929e-01
9.909999999999995479e-01
9.904999999999994920e-01
9.899999999999994360e-01
9.894999999999993801e-01
9.889999999999994351e-01
9.884999999999993792e-01
9.879999999999993232e-01
9.874999999999992673e-01
9.869999999999993223e-01
9.864999999999992664e-01
9.859999999999992104e-01
9.854999999999991545e-01
9.849999999999992095e-01
9.844999999999991536e-01
9.839999999999990976e-01
9.834999999999991527e-01
9.829999999999990967e-01
9.824999999999990408e-01
9.819999999999989848e-01
9.814999999999990399e-01
9.809999999999989839e-01
9.804999999999989280e-01
9.799999999999988720e-01
9.794999999999989271e-01
9.789999999999988711e-01
9.784999999999988152e-01
9.779999999999987592e-01
9.774999999999988143e-01
9.769999999999987583e-01
9.764999999999987024e-01
9.759999999999986464e-01
9.754999999999987015e-01
9.749999999999986455e-01
9.744999999999985896e-01
9.739999999999985336e-01
9.734999999999985887e-01
9.729999999999985327e-01
9.724999999999984768e-01
9.719999999999984208e-01
9.714999999999984759e-01
9.709999999999984199e-01
9.704999999999983640e-01
9.699999999999983080e-01
9.694999999999983631e-01
9.689999999999983071e-01
9.684999999999982512e-01
9.679999999999981952e-01
9.674999999999982503e-01
9.669999999999981943e-01
9.664999999999981384e-01
9.659999999999981934e-01
9.654999999999981375e-01
9.649999999999980815e-01
9.644999999999980256e-01
9.639999999999980806e-01
9.634999999999980247e-01
9.629999999999979687e-01
9.624999999999979128e-01
9.619999999999979678e-01
9.614999999999979119e-01
9.609999999999978559e-01
9.604999999999978000e-01
9.599999999999978550e-01
9.594999999999977991e-01
9.589999999999977431e-01
9.584999999999976872e-01
9.579999999999977423e-01
9.574999999999976863e-01
9.569999999999976303e-01
9.564999999999975744e-01
9.559999999999976295e-01
9.554999999999975735e-01
9.549999999999975175e-01
9.544999999999974616e-01
9.539999999999975167e-01
9.534999999999974607e-01
9.529999999999974047e-01
9.524999999999973488e-01
9.519999999999974039e-01
9.514999999999973479e-01
9.509999999999972919e-01
9.504999999999973470e-01
9.499999999999972911e-01
9.494999999999972351e-01
9.489999999999971791e-01
9.484999999999972342e-01
9.479999999999971783e-01
9.474999999999971223e-01
9.469999999999970663e-01
9.464999999999971214e-01
9.459999999999970655e-01
9.454999999999970095e-01
9.449999999999969535e-01
9.444999999999970086e-01
9.439999999999969527e-01
9.434999999999968967e-01
9.429999999999968407e-01
9.424999999999968958e-01
9.419999999999968399e-01
9.414999999999967839e-01
9.409999999999967280e-01
9.404999999999967830e-01
9.399999999999967271e-01
9.394999999999966711e-01
9.389999999999966152e-01
9.384999999999966702e-01
9.379999999999966143e-01
9.374999999999965583e-01
9.369999999999965024e-01
9.364999999999965574e-01
9.359999999999965015e-01
9.354999999999964455e-01
9.349999999999965006e-01
9.344999999999964446e-01
9.339999999999963887e-01
9.334999999999963327e-01
9.329999999999963878e-01
9.324999999999963318e-01
9.319999999999962759e-01
9.314999999999962199e-01
9.309999999999962750e-01
9.304999999999962190e-01
9.299999999999961631e-01
9.294999999999961071e-01
9.289999999999961622e-01
9.284999999999961062e-01
9.279999999999960503e-01
9.274999999999959943e-01
9.269999999999960494e-01
9.264999999999959934e-01
9.259999999999959375e-01
9.254999999999958815e-01
9.249999999999959366e-01
9.244999999999958806e-01
9.239999999999958247e-01
9.234999999999957687e-01
9.229999999999958238e-01
9.224999999999957678e-01
9.219999999999957119e-01
9.214999999999956559e-01
9.209999999999957110e-01
9.204999999999956550e-01
9.199999999999955991e-01
9.194999999999956541e-01
9.189999999999954872e-01
9.184999999999954312e-01
9.179999999999953753e-01
9.174999999999954303e-01
9.169999999999953744e-01
9.164999999999953184e-01
9.159999999999952625e-01
9.154999999999953175e-01
9.149999999999952616e-01
9.144999999999952056e-01
9.139999999999951497e-01
9.134999999999952047e-01
9.129999999999951488e-01
9.124999999999950928e-01
9.119999999999950369e-01
9.114999999999950919e-01
9.109999999999950360e-01
9.104999999999949800e-01
9.099999999999949241e-01
9.094999999999949791e-01
9.089999999999949232e-01
9.084999999999948672e-01
9.079999999999948113e-01
9.074999999999948663e-01
9.069999999999948104e-01
9.064999999999947544e-01
9.059999999999948095e-01
9.054999999999947535e-01
9.049999999999946976e-01
9.044999999999946416e-01
9.039999999999946967e-01
9.034999999999946407e-01
9.029999999999945848e-01
9.024999999999945288e-01
9.019999999999945839e-01
9.014999999999945279e-01
9.009999999999944720e-01
9.004999999999944160e-01
8.999999999999944711e-01
8.994999999999944151e-01
8.989999999999943592e-01
8.984999999999943032e-01
8.979999999999943583e-01
8.974999999999943023e-01
8.969999999999942464e-01
8.964999999999941904e-01
8.959999999999942455e-01
8.954999999999941895e-01
8.949999999999941336e-01
8.944999999999940776e-01
8.939999999999941327e-01
8.934999999999940767e-01
8.929999999999940208e-01
8.924999999999939648e-01
8.919999999999940199e-01
8.914999999999939639e-01
8.909999999999939080e-01
8.904999999999939631e-01
8.899999999999939071e-01
8.894999999999938511e-01
8.889999999999937952e-01
8.884999999999938503e-01
8.879999999999937943e-01
8.874999999999937383e-01
8.869999999999936824e-01
8.864999999999937375e-01
8.859999999999936815e-01
8.854999999999936255e-01
8.849999999999935696e-01
8.844999999999936247e-01
8.839999999999935687e-01
8.834999999999935127e-01
8.829999999999934568e-01
8.824999999999935119e-01
8.819999999999934559e-01
8.814999999999933999e-01
8.809999999999933440e-01
8.804999999999933991e-01
8.799999999999933431e-01
8.794999999999932871e-01
8.789999999999932312e-01
8.784999999999932863e-01
8.779999999999932303e-01
8.774999999999931743e-01
8.769999999999931184e-01
8.764999999999931735e-01
8.759999999999931175e-01
8.754999999999930616e-01
8.749999999999931166e-01
8.744999999999930607e-01
8.739999999999930047e-01
8.734999999999929488e-01
8.729999999999930038e-01
8.724999999999929479e-01
8.719999999999928919e-01
8.714999999999928360e-01
8.709999999999928910e-01
8.704999999999928351e-01
8.699999999999927791e-01
8.694999999999927232e-01
8.689999999999927782e-01
8.684999999999927223e-01
8.679999999999926663e-01
8.674999999999926104e-01
8.669999999999926654e-01
8.664999999999926095e-01
8.659999999999925535e-01
8.654999999999924976e-01
8.649999999999925526e-01
8.644999999999924967e-01
8.639999999999924407e-01
8.634999999999923848e-01
8.629999999999924398e-01
8.624999999999923839e-01
8.619999999999923279e-01
8.614999999999922720e-01
8.609999999999923270e-01
8.604999999999922711e-01
8.599999999999922151e-01
8.594999999999921592e-01
8.589999999999922142e-01
8.584999999999921583e-01
8.579999999999921023e-01
8.574999999999921574e-01
8.569999999999921014e-01
8.564999999999920455e-01
8.559999999999919895e-01
8.554999999999920446e-01
8.549999999999919886e-01
8.544999999999919327e-01
8.539999999999918767e-01
8.534999999999919318e-01
8.529999999999918758e-01
8.524999999999918199e-01
8.519999999999917639e-01
8.514999999999918190e-01
8.509999999999917630e-01
8.504999999999917071e-01
8.499999999999916511e-01
8.494999999999917062e-01
8.489999999999916502e-01
8.484999999999915943e-01
8.479999999999915383e-01
8.474999999999915934e-01
8.469999999999915374e-01
8.464999999999914815e-01
8.459999999999914255e-01
8.454999999999914806e-01
8.449999999999914246e-01
8.444999999999913687e-01
8.439999999999913127e-01
8.434999999999913678e-01
8.429999999999913118e-01
8.424999999999912559e-01
8.419999999999913110e-01
8.414999999999912550e-01
8.409999999999911990e-01
8.404999999999911431e-01
8.399999999999911982e-01
8.394999999999911422e-01
8.389999999999910862e-01
8.384999999999910303e-01
8.379999999999910854e-01
8.374999999999910294e-01
8.369999999999909734e-01
8.364999999999909175e-01
8.359999999999909726e-01
8.354999999999909166e-01
8.349999999999908606e-01
8.344999999999908047e-01
8.339999999999908598e-01
8.334999999999908038e-01
8.329999999999907478e-01
8.324999999999906919e-01
8.319999999999907470e-01
8.314999999999906910e-01
8.309999999999906350e-01
8.304999999999905791e-01
8.299999999999906342e-01
8.294999999999905782e-01
8.289999999999905222e-01
8.284999999999904663e-01
8.279999999999905214e-01
8.274999999999904654e-01
8.269999999999904094e-01
8.264999999999904645e-01
8.259999999999904086e-01
8.254999999999903526e-01
8.249999999999902967e-01
8.244999999999903517e-01
8.239999999999902958e-01
8.234999999999902398e-01
8.229999999999901839e-01
8.224999999999902389e-01
8.219999999999901830e-01
8.214999999999901270e-01
8.209999999999900711e-01
8.204999999999901261e-01
8.199999999999900702e-01
8.194999999999900142e-01
8.189999999999899583e-01
8.184999999999900133e-01
8.179999999999899574e-01
8.174999999999899014e-01
8.169999999999898455e-01
8.164999999999899005e-01
8.159999999999898446e-01
8.154999999999897886e-01
8.149999999999897327e-01
8.144999999999897877e-01
8.139999999999897318e-01
8.134999999999896758e-01
8.129999999999896199e-01
8.124999999999896749e-01
8.119999999999896190e-01
8.114999999999895630e-01
8.109999999999896181e-01
8.104999999999895621e-01
8.099999999999895062e-01
8.094999999999894502e-01
8.089999999999895053e-01
8.084999999999894493e-01
8.079999999999892824e-01
8.074999999999892264e-01
8.069999999999892815e-01
8.064999999999892255e-01
8.059999999999891696e-01
8.054999999999891136e-01
8.049999999999891687e-01
8.044999999999891127e-01
8.039999999999890568e-01
8.034999999999890008e-01
8.029999999999890559e-01
8.024999999999889999e-01
8.019999999999889440e-01
8.014999999999888880e-01
8.009999999999889431e-01
8.004999999999888871e-01
7.999999999999888312e-01
7.994999999999887752e-01
7.989999999999888303e-01
7.984999999999887743e-01
7.979999999999887184e-01
7.974999999999887734e-01
7.969999999999887175e-01
7.964999999999886615e-01
7.959999999999886056e-01
7.954999999999886606e-01
7.949999999999886047e-01
7.944999999999885487e-01
7.939999999999884928e-01
7.934999999999885478e-01
7.929999999999884919e-01
7.924999999999884359e-01
7.919999999999883800e-01
7.914999999999884350e-01
7.909999999999883791e-01
7.904999999999883231e-01
7.899999999999882672e-01
7.894999999999883222e-01
7.889999999999882663e-01
7.884999999999882103e-01
7.879999999999881544e-01
7.874999999999882094e-01
7.869999999999881535e-01
7.864999999999880975e-01
7.859999999999880416e-01
7.854999999999880966e-01
7.849999999999880407e-01
7.844999999999879847e-01
7.839999999999879288e-01
7.834999999999879838e-01
7.829999999999879279e-01
7.824999999999878719e-01
7.819999999999879270e-01
7.814999999999878710e-01
7.809999999999878151e-01
7.804999999999877591e-01
7.799999999999878142e-01
7.794999999999877582e-01
7.789999999999877023e-01
7.784999999999876463e-01
7.779999999999877014e-01
7.774999999999876454e-01
7.769999999999875895e-01
7.764999999999875335e-01
7.759999999999875886e-01
7.754999999999875326e-01
7.749999999999874767e-01
7.744999999999874207e-01
7.739999999999874758e-01
7.734999999999874198e-01
7.729999999999873639e-01
7.724999999999873079e-01
7.719999999999873630e-01
7.714999999999873070e-01
7.709999999999872511e-01
7.704999999999871951e-01
7.699999999999872502e-01
7.694999999999871942e-01
7.689999999999871383e-01
7.684999999999870823e-01
7.679999999999871374e-01
7.674999999999870814e-01
7.669999999999870255e-01
7.664999999999870806e-01
7.659999999999870246e-01
7.654999999999869686e-01
7.649999999999869127e-01
7.644999999999869678e-01
7.639999999999869118e-01
7.634999999999868558e-01
7.629999999999867999e-01
7.624999999999868550e-01
7.619999999999867990e-01
7.614999999999867430e-01
7.609999999999866871e-01
7.604999999999867422e-01
7.599999999999866862e-01
7.594999999999866303e-01
7.589999999999865743e-01
7.584999999999866294e-01
7.579999999999865734e-01
7.574999999999865175e-01
7.569999999999864615e-01
7.564999999999865166e-01
7.559999999999864606e-01
7.554999999999864047e-01
7.549999999999863487e-01
7.544999999999864038e-01
7.539999999999863478e-01
7.534999999999862919e-01
7.529999999999862359e-01
7.524999999999862910e-01
7.519999999999862350e-01
7.514999999999861791e-01
7.509999999999861231e-01
7.504999999999861782e-01
7.499999999999861222e-01
7.494999999999860663e-01
7.489999999999861213e-01
7.484999999999860654e-01
7.479999999999860094e-01
7.474999999999859535e-01
7.469999999999860085e-01
7.464999999999859526e-01
7.459999999999858966e-01
7.454999999999858407e-01
7.449999999999858957e-01
7.444999999999858398e-01
7.439999999999857838e-01
7.434999999999857279e-01
7.429999999999857829e-01
7.424999999999857270e-01
7.419999999999856710e-01
7.414999999999856151e-01
7.409999999999856701e-01
7.404999999999856142e-01
7.399999999999855582e-01
7.394999999999855023e-01
7.389999999999855573e-01
7.384999999999855014e-01
7.379999999999854454e-01
7.374999999999853895e-01
7.369999999999854445e-01
7.364999999999853886e-01
7.359999999999853326e-01
7.354999999999852767e-01
7.349999999999853317e-01
7.344999999999852758e-01
7.339999999999852198e-01
7.334999999999852749e-01
7.329999999999852189e-01
7.324999999999851630e-01
7.319999999999851070e-01
7.314999999999851621e-01
7.309999999999851061e-01
7.304999999999850502e-01
7.299999999999849942e-01
7.294999999999850493e-01
7.289999999999849933e-01
7.284999999999849374e-01
7.279999999999848814e-01
7.274999999999849365e-01
7.269999999999848805e-01
7.264999999999848246e-01
7.259999999999847686e-01
7.254999999999848237e-01
7.249999999999847677e-01
7.244999999999847118e-01
7.239999999999846558e-01
7.234999999999847109e-01
7.229999999999846549e-01
7.224999999999845990e-01
7.219999999999845430e-01
7.214999999999845981e-01
7.209999999999845421e-01
7.204999999999844862e-01
7.199999999999844302e-01
7.194999999999844853e-01
7.189999999999844293e-01
7.184999999999843734e-01
7.179999999999844285e-01
7.174999999999843725e-01
7.169999999999843165e-01
7.164999999999842606e-01
7.159999999999843157e-01
7.154999999999842597e-01
7.149999999999842037e-01
7.144999999999841478e-01
7.139999999999842029e-01
7.134999999999841469e-01
7.129999999999840909e-01
7.124999999999840350e-01
7.119999999999840901e-01
7.114999999999840341e-01
7.109999999999839781e-01
7.104999999999839222e-01
7.099999999999839773e-01
7.094999999999839213e-01
7.089999999999838654e-01
7.084999999999838094e-01
7.079999999999838645e-01
7.074999999999838085e-01
7.069999999999837526e-01
7.064999999999836966e-01
7.059999999999837517e-01
7.054999999999836957e-01
7.049999999999836398e-01
7.044999999999835838e-01
7.039999999999836389e-01
7.034999999999835829e-01
7.029999999999835270e-01
7.024999999999835820e-01
7.019999999999835261e-01
7.014999999999834701e-01
7.009999999999834142e-01
7.004999999999834692e-01
6.999999999999834133e-01
6.994999999999833573e-01
6.989999999999833014e-01
6.984999999999833564e-01
6.979999999999833005e-01
6.974999999999832445e-01
6.969999999999831886e-01
6.964999999999832436e-01
6.959999999999831877e-01
6.954999999999831317e-01
6.949999999999830758e-01
6.944999999999831308e-01
6.939999999999830749e-01
6.934999999999830189e-01
6.929999999999829630e-01
6.924999999999830180e-01
6.919999999999829621e-01
6.914999999999829061e-01
6.909999999999828502e-01
6.904999999999829052e-01
6.899999999999828493e-01
6.894999999999827933e-01
6.889999999999827374e-01
6.884999999999827924e-01
6.879999999999827365e-01
6.874999999999826805e-01
6.869999999999826246e-01
6.864999999999826796e-01
6.859999999999826237e-01
6.854999999999825677e-01
6.849999999999826228e-01
6.844999999999825668e-01
6.839999999999825109e-01
6.834999999999824549e-01
6.829999999999825100e-01
6.824999999999824540e-01
6.819999999999823981e-01
6.814999999999823421e-01
6.809999999999823972e-01
6.804999999999823412e-01
6.799999999999822853e-01
6.794999999999822293e-01
6.789999999999822844e-01
6.784999999999822284e-01
6.779999999999821725e-01
6.774999999999821165e-01
6.769999999999821716e-01
6.764999999999821156e-01
6.759999999999820597e-01
6.754999999999820037e-01
6.749999999999820588e-01
6.744999999999820028e-01
6.739999999999819469e-01
6.734999999999818909e-01
6.729999999999819460e-01
6.724999999999818900e-01
6.719999999999818341e-01
6.714999999999817781e-01
6.709999999999818332e-01
6.704999999999817772e-01
6.699999999999817213e-01
6.694999999999817764e-01
6.689999999999817204e-01
6.684999999999816644e-01
6.679999999999816085e-01
6.674999999999816636e-01
6.669999999999816076e-01
6.664999999999815516e-01
6.659999999999814957e-01
6.654999999999815508e-01
6.649999999999814948e-01
6.644999999999814388e-01
6.639999999999813829e-01
6.634999999999814380e-01
6.629999999999813820e-01
6.624999999999813260e-01
6.619999999999812701e-01
6.614999999999813252e-01
6.609999999999812692e-01
6.604999999999812133e-01
6.599999999999811573e-01
6.594999999999812124e-01
6.589999999999811564e-01
6.584999999999811005e-01
6.579999999999810445e-01
6.574999999999810996e-01
6.569999999999810436e-01
6.564999999999809877e-01
6.559999999999809317e-01
6.554999999999809868e-01
6.549999999999809308e-01
6.544999999999808749e-01
6.539999999999809299e-01
6.534999999999808740e-01
6.529999999999808180e-01
6.524999999999807621e-01
6.519999999999808171e-01
6.514999999999807612e-01
6.509999999999807052e-01
6.504999999999806493e-01
6.499999999999807043e-01
6.494999999999806484e-01
6.489999999999805924e-01
6.484999999999805365e-01
6.479999999999805915e-01
6.474999999999805356e-01
6.469999999999804796e-01
6.464999999999804237e-01
6.459999999999804787e-01
6.454999999999804228e-01
6.449999999999803668e-01
6.444999999999803109e-01
6.439999999999803659e-01
6.434999999999803100e-01
6.429999999999802540e-01
6.424999999999801981e-01
6.419999999999802531e-01
6.414999999999801972e-01
6.409999999999801412e-01
6.404999999999800853e-01
6.399999999999801403e-01
6.394999999999800844e-01
6.389999999999800284e-01
6.384999999999799725e-01
6.379999999999800275e-01
6.374999999999799716e-01
6.369999999999799156e-01
6.364999999999799707e-01
6.359999999999799147e-01
6.354999999999798588e-01
6.349999999999798028e-01
6.344999999999798579e-01
6.339999999999798019e-01
6.334999999999797460e-01
6.329999999999796900e-01
6.324999999999797451e-01
6.319999999999796891e-01
6.314999999999796332e-01
6.309999999999795772e-01
6.304999999999796323e-01
6.299999999999795763e-01
6.294999999999795204e-01
6.289999999999794644e-01
6.284999999999795195e-01
6.279999999999794635e-01
6.274999999999794076e-01
6.269999999999793516e-01
6.264999999999794067e-01
6.259999999999793507e-01
6.254999999999792948e-01
6.249999999999792388e-01
6.244999999999792939e-01
6.239999999999792379e-01
6.234999999999791820e-01
6.229999999999791260e-01
6.224999999999791811e-01
6.219999999999791251e-01
6.214999999999790692e-01
6.209999999999791243e-01
6.204999999999790683e-01
6.199999999999790123e-01
6.194999999999789564e-01
6.189999999999790115e-01
6.184999999999789555e-01
6.179999999999788995e-01
6.174999999999788436e-01
6.169999999999788987e-01
6.164999999999788427e-01
6.159999999999786757e-01
6.154999999999786198e-01
6.149999999999786748e-01
6.144999999999786189e-01
6.139999999999785629e-01
6.134999999999785070e-01
6.129999999999785620e-01
6.124999999999785061e-01
6.119999999999784501e-01
6.114999999999783942e-01
6.109999999999784492e-01
6.104999999999783933e-01
6.099999999999783373e-01
6.094999999999783924e-01
6.089999999999783364e-01
6.084999999999782805e-01
6.079999999999782245e-01
6.074999999999782796e-01
6.069999999999782236e-01
6.064999999999781677e-01
6.059999999999781117e-01
6.054999999999781668e-01
6.049999999999781108e-01
6.044999999999780549e-01
6.039999999999779989e-01
6.034999999999780540e-01
6.029999999999779980e-01
6.024999999999779421e-01
6.019999999999778861e-01
6.014999999999779412e-01
6.009999999999778852e-01
6.004999999999778293e-01
5.999999999999777733e-01
5.994999999999778284e-01
5.989999999999777724e-01
5.984999999999777165e-01
5.979999999999776605e-01
5.974999999999777156e-01
5.969999999999776596e-01
5.964999999999776037e-01
5.959999999999775477e-01
5.954999999999776028e-01
5.949999999999775468e-01
5.944999999999774909e-01
5.939999999999775460e-01
5.934999999999774900e-01
5.929999999999774341e-01
5.924999999999773781e-01
5.919999999999774332e-01
5.914999999999773772e-01
5.909999999999773213e-01
5.904999999999772653e-01
5.899999999999773204e-01
5.894999999999772644e-01
5.889999999999772085e-01
5.884999999999771525e-01
5.879999999999772076e-01
5.874999999999771516e-01
5.869999999999770957e-01
5.864999999999770397e-01
5.859999999999770948e-01
5.854999999999770388e-01
5.849999999999769829e-01
5.844999999999769269e-01
5.839999999999769820e-01
5.834999999999769260e-01
5.829999999999768701e-01
5.824999999999768141e-01
5.819999999999768692e-01
5.814999999999768132e-01
5.809999999999767573e-01
5.804999999999767013e-01
5.799999999999767564e-01
5.794999999999767004e-01
5.789999999999766445e-01
5.784999999999765885e-01
5.779999999999766436e-01
5.774999999999765876e-01
5.769999999999765317e-01
5.764999999999765867e-01
5.759999999999765308e-01
5.754999999999764748e-01
5.749999999999764189e-01
5.744999999999764739e-01
5.739999999999764180e-01
5.734999999999763620e-01
5.729999999999763061e-01
5.724999999999763611e-01
5.719999999999763052e-01
5.714999999999762492e-01
5.709999999999761933e-01
5.704999999999762483e-01
5.699999999999761924e-01
5.694999999999761364e-01
5.689999999999760805e-01
5.684999999999761355e-01
5.679999999999760796e-01
5.674999999999760236e-01
5.669999999999759677e-01
5.664999999999760227e-01
5.659999999999759668e-01
5.654999999999759108e-01
5.649999999999758549e-01
5.644999999999759099e-01
5.639999999999758540e-01
5.634999999999757980e-01
5.629999999999757421e-01
5.624999999999757971e-01
5.619999999999757412e-01
5.614999999999756852e-01
5.609999999999757403e-01
5.604999999999756843e-01
5.599999999999756284e-01
5.594999999999755724e-01
5.589999999999756275e-01
5.584999999999755715e-01
5.579999999999755156e-01
5.574999999999753486e-01
5.569999999999754037e-01
5.564999999999753477e-01
5.559999999999752918e-01
5.554999999999752358e-01
5.549999999999752909e-01
5.544999999999752349e-01
5.539999999999751790e-01
5.534999999999751230e-01
5.529999999999751781e-01
5.524999999999751221e-01
5.519999999999750662e-01
5.514999999999750102e-01
5.509999999999750653e-01
5.504999999999750093e-01
5.499999999999749534e-01
5.494999999999750084e-01
5.489999999999749525e-01
5.484999999999748965e-01
5.479999999999748406e-01
5.474999999999748956e-01
5.469999999999748397e-01
5.464999999999747837e-01
5.459999999999747278e-01
5.454999999999747828e-01
5.449999999999747269e-01
5.444999999999746709e-01
5.439999999999746150e-01
5.434999999999746700e-01
5.429999999999746141e-01
5.424999999999745581e-01
5.419999999999745022e-01
5.414999999999745572e-01
5.409999999999745013e-01
5.404999999999744453e-01
5.399999999999743894e-01
5.394999999999744444e-01
5.389999999999743885e-01
5.384999999999743325e-01
5.379999999999742766e-01
5.374999999999743316e-01
5.369999999999742757e-01
5.364999999999742197e-01
5.359999999999741638e-01
5.354999999999742188e-01
5.349999999999741629e-01
5.344999999999741069e-01
5.339999999999740510e-01
5.334999999999741060e-01
5.329999999999740501e-01
5.324999999999739941e-01
5.319999999999740492e-01
5.314999999999741043e-01
5.309999999999740483e-01
5.304999999999739924e-01
5.299999999999739364e-01
5.294999999999739915e-01
5.289999999999739355e-01
5.284999999999738796e-01
5.279999999999738236e-01
5.274999999999737677e-01
5.269999999999737117e-01
5.264999999999736557e-01
5.259999999999737108e-01
5.254999999999736549e-01
5.249999999999735989e-01
5.244999999999735429e-01
5.239999999999735980e-01
5.234999999999735421e-01
5.229999999999734861e-01
5.224999999999734301e-01
5.219999999999734852e-01
5.214999999999734293e-01
5.209999999999733733e-01
5.204999999999733173e-01
5.199999999999733724e-01
5.194999999999733165e-01
5.189999999999732605e-01
5.184999999999732045e-01
5.179999999999732596e-01
5.174999999999732037e-01
5.169999999999731477e-01
5.164999999999732028e-01
5.159999999999731468e-01
5.154999999999730909e-01
5.149999999999730349e-01
5.144999999999730900e-01
5.139999999999730340e-01
5.134999999999729781e-01
5.129999999999729221e-01
5.124999999999729772e-01
5.119999999999729212e-01
5.114999999999728653e-01
5.109999999999728093e-01
5.104999999999728644e-01
5.099999999999728084e-01
5.094999999999727525e-01
5.089999999999726965e-01
5.084999999999727516e-01
5.079999999999726956e-01
5.074999999999726397e-01
5.069999999999725837e-01
5.064999999999726388e-01
5.059999999999725828e-01
5.054999999999725269e-01
5.049999999999724709e-01
5.044999999999725260e-01
5.039999999999724700e-01
5.034999999999724141e-01
5.029999999999723581e-01
5.024999999999724132e-01
5.019999999999723572e-01
5.014999999999723013e-01
5.009999999999723563e-01
5.004999999999724114e-01
4.999999999999723554e-01
4.994999999999724105e-01
4.989999999999724101e-01
4.984999999999724651e-01
4.979999999999724647e-01
4.974999999999725198e-01
4.969999999999726303e-01
4.964999999999725744e-01
4.959999999999726294e-01
4.954999999999726290e-01
4.949999999999726841e-01
4.944999999999726836e-01
4.939999999999727387e-01
4.934999999999727383e-01
4.929999999999727933e-01
4.924999999999727929e-01
4.919999999999728479e-01
4.914999999999728475e-01
4.909999999999729026e-01
4.904999999999728466e-01
4.899999999999729572e-01
4.894999999999729012e-01
4.889999999999730118e-01
4.884999999999730669e-01
4.879999999999730664e-01
4.874999999999731215e-01
4.869999999999731211e-01
4.864999999999731761e-01
4.859999999999731202e-01
4.854999999999732307e-01
4.849999999999731748e-01
4.844999999999732854e-01
4.839999999999732294e-01
4.834999999999733400e-01
4.829999999999732840e-01
4.824999999999733946e-01
4.819999999999733387e-01
4.814999999999733937e-01
4.809999999999733933e-01
4.804999999999734484e-01
4.799999999999735589e-01
4.794999999999735030e-01
4.789999999999736136e-01
4.784999999999735576e-01
4.779999999999736682e-01
4.774999999999736122e-01
4.769999999999736673e-01
4.764999999999736668e-01
4.759999999999737219e-01
4.754999999999737215e-01
4.749999999999737765e-01
4.744999999999737761e-01
4.739999999999738312e-01
4.734999999999738307e-01
4.729999999999738858e-01
4.724999999999738853e-01
4.719999999999739404e-01
4.714999999999739955e-01
4.709999999999739950e-01
4.704999999999740501e-01
4.699999999999740496e-01
4.694999999999741047e-01
4.689999999999741043e-01
4.684999999999741593e-01
4.679999999999741589e-01
4.674999999999742140e-01
4.669999999999741580e-01
4.664999999999742686e-01
4.659999999999742126e-01
4.654999999999743232e-01
4.649999999999742673e-01
4.644999999999743778e-01
4.639999999999743219e-01
4.634999999999744325e-01
4.629999999999744875e-01
4.624999999999744316e-01
4.619999999999745421e-01
4.614999999999744862e-01
4.609999999999745968e-01
4.604999999999745408e-01
4.599999999999746514e-01
4.594999999999745954e-01
4.589999999999747060e-01
4.584999999999746501e-01
4.579999999999747051e-01
4.574999999999747047e-01
4.569999999999747597e-01
4.564999999999747593e-01
4.559999999999748144e-01
4.554999999999748139e-01
4.549999999999748690e-01
4.544999999999749796e-01
4.539999999999749236e-01
4.534999999999749787e-01
4.529999999999749782e-01
4.524999999999750333e-01
4.519999999999750329e-01
4.514999999999750879e-01
4.509999999999750875e-01
4.504999999999751426e-01
4.499999999999751421e-01
4.494999999999751972e-01
4.489999999999751967e-01
4.484999999999752518e-01
4.479999999999752514e-01
4.474999999999753064e-01
4.469999999999752505e-01
4.464999999999753610e-01
4.459999999999754161e-01
4.454999999999754157e-01
4.449999999999754707e-01
4.444999999999754703e-01
4.439999999999755254e-01
4.434999999999755249e-01
4.429999999999755800e-01
4.424999999999755240e-01
4.419999999999756346e-01
4.414999999999755786e-01
4.409999999999756892e-01
4.404999999999756333e-01
4.399999999999757438e-01
4.394999999999756879e-01
4.389999999999757985e-01
4.384999999999757425e-01
4.379999999999757976e-01
4.374999999999759082e-01
4.369999999999758522e-01
4.364999999999759628e-01
4.359999999999759068e-01
4.354999999999760174e-01
4.349999999999759615e-01
4.344999999999760720e-01
4.339999999999760161e-01
4.334999999999760711e-01
4.329999999999760707e-01
4.324999999999761258e-01
4.319999999999761253e-01
4.314999999999761804e-01
4.309999999999761799e-01
4.304999999999762350e-01
4.299999999999762346e-01
4.294999999999762896e-01
4.289999999999763447e-01
4.284999999999763443e-01
4.279999999999763993e-01
4.274999999999763989e-01
4.269999999999764539e-01
4.264999999999764535e-01
4.259999999999765086e-01
4.254999999999765081e-01
4.249999999999765632e-01
4.244999999999765627e-01
4.239999999999766178e-01
4.234999999999765619e-01
4.229999999999766724e-01
4.224999999999766165e-01
4.219999999999767271e-01
4.214999999999767821e-01
4.209999999999767817e-01
4.204999999999768368e-01
4.199999999999768363e-01
4.194999999999768914e-01
4.189999999999768354e-01
4.184999999999769460e-01
4.179999999999768900e-01
4.174999999999770006e-01
4.169999999999769447e-01
4.164999999999770552e-01
4.159999999999769993e-01
4.154999999999771099e-01
4.149999999999770539e-01
4.144999999999771090e-01
4.139999999999771085e-01
4.134999999999771636e-01
4.129999999999772742e-01
4.124999999999772182e-01
4.119999999999773288e-01
4.114999999999772728e-01
4.109999999999773834e-01
4.104999999999773275e-01
4.099999999999773825e-01
4.094999999999773821e-01
4.089999999999774372e-01
4.084999999999774367e-01
4.079999999999774918e-01
4.074999999999774913e-01
4.069999999999775464e-01
4.064999999999775460e-01
4.059999999999776010e-01
4.054999999999776006e-01
4.049999999999776557e-01
4.044999999999777107e-01
4.039999999999777103e-01
4.034999999999777653e-01
4.029999999999777649e-01
4.024999999999778200e-01
4.019999999999778195e-01
4.014999999999778746e-01
4.009999999999778741e-01
4.004999999999779292e-01
3.999999999999779288e-01
3.994999999999779838e-01
3.989999999999779279e-01
3.984999999999780385e-01
3.979999999999779825e-01
3.974999999999780931e-01
3.969999999999780371e-01
3.964999999999781477e-01
3.959999999999782028e-01
3.954999999999782023e-01
3.949999999999782574e-01
3.944999999999782014e-01
3.939999999999783120e-01
3.934999999999782561e-01
3.929999999999783666e-01
3.924999999999783107e-01
3.919999999999784213e-01
3.914999999999783653e-01
3.909999999999784759e-01
3.904999999999784199e-01
3.899999999999784750e-01
3.894999999999784746e-01
3.889999999999785296e-01
3.884999999999785292e-01
3.879999999999785842e-01
3.874999999999786948e-01
3.869999999999786389e-01
3.864999999999787494e-01
3.859999999999786935e-01
3.854999999999787486e-01
3.849999999999787481e-01
3.844999999999788032e-01
3.839999999999788027e-01
3.834999999999788578e-01
3.829999999999788574e-01
3.824999999999789124e-01
3.819999999999789120e-01
3.814999999999789670e-01
3.809999999999789666e-01
3.804999999999790217e-01
3.799999999999789657e-01
3.794999999999790763e-01
3.789999999999791314e-01
3.784999999999791309e-01
3.779999999999791860e-01
3.774999999999791855e-01
3.769999999999792406e-01
3.764999999999792402e-01
3.759999999999792952e-01
3.754999999999792393e-01
3.749999999999793499e-01
3.744999999999792939e-01
3.739999999999794045e-01
3.734999999999793485e-01
3.729999999999794591e-01
3.724999999999794031e-01
3.719999999999795137e-01
3.714999999999794578e-01
3.709999999999795128e-01
3.704999999999796234e-01
3.699999999999795675e-01
3.694999999999796780e-01
3.689999999999796221e-01
3.684999999999797327e-01
3.679999999999796767e-01
3.674999999999797873e-01
3.669999999999797313e-01
3.664999999999797864e-01
3.659999999999797859e-01
3.654999999999798410e-01
3.649999999999798406e-01
3.644999999999798956e-01
3.639999999999798952e-01
3.634999999999799503e-01
3.629999999999799498e-01
3.624999999999800049e-01
3.619999999999800600e-01
3.614999999999800595e-01
3.609999999999801146e-01
3.604999999999801141e-01
3.599999999999801692e-01
3.594999999999801688e-01
3.589999999999802238e-01
3.584999999999802234e-01
3.579999999999802784e-01
3.574999999999802780e-01
3.569999999999803331e-01
3.564999999999803326e-01
3.559999999999803877e-01
3.554999999999803317e-01
3.549999999999804423e-01
3.544999999999803864e-01
3.539999999999804969e-01
3.534999999999805520e-01
3.529999999999805516e-01
3.524999999999806066e-01
3.519999999999806062e-01
3.514999999999806612e-01
3.509999999999806053e-01
3.504999999999807159e-01
3.499999999999806599e-01
3.494999999999807705e-01
3.489999999999807145e-01
3.484999999999808251e-01
3.479999999999807692e-01
3.474999999999808797e-01
3.469999999999808238e-01
3.464999999999808789e-01
3.459999999999808784e-01
3.454999999999809335e-01
3.449999999999810441e-01
3.444999999999809881e-01
3.439999999999810987e-01
3.434999999999810427e-01
3.429999999999811533e-01
3.424999999999810973e-01
3.419999999999811524e-01
3.414999999999811520e-01
3.409999999999812070e-01
3.404999999999812066e-01
3.399999999999812617e-01
3.394999999999812612e-01
3.389999999999813163e-01
3.384999999999813158e-01
3.379999999999813709e-01
3.374999999999814260e-01
3.369999999999814255e-01
3.364999999999814806e-01
3.359999999999814801e-01
3.354999999999815352e-01
3.349999999999815348e-01
3.344999999999815898e-01
3.339999999999815894e-01
3.334999999999816445e-01
3.329999999999816440e-01
3.324999999999816991e-01
3.319999999999816431e-01
3.314999999999817537e-01
3.309999999999816978e-01
3.304999999999818083e-01
3.299999999999817524e-01
3.294999999999818630e-01
3.289999999999819180e-01
3.284999999999819176e-01
3.279999999999819726e-01
3.274999999999819167e-01
3.269999999999820273e-01
3.264999999999819713e-01
3.259999999999820819e-01
3.254999999999820259e-01
3.249999999999821365e-01
3.244999999999820806e-01
3.239999999999821911e-01
3.234999999999821352e-01
3.229999999999821902e-01
3.224999999999821898e-01
3.219999999999822449e-01
3.214999999999822444e-01
3.209999999999822995e-01
3.204999999999824101e-01
3.199999999999823541e-01
3.194999999999824647e-01
3.189999999999824087e-01
3.184999999999824638e-01
3.179999999999824634e-01
3.174999999999825184e-01
3.169999999999825180e-01
3.164999999999825731e-01
3.159999999999825726e-01
3.154999999999826277e-01
3.149999999999826272e-01
3.144999999999826823e-01
3.139999999999826819e-01
3.134999999999827369e-01
3.129999999999826810e-01
3.124999999999827915e-01
3.119999999999828466e-01
3.114999999999828462e-01
3.109999999999829012e-01
3.104999999999829008e-01
3.099999999999829559e-01
3.094999999999829554e-01
3.089999999999830105e-01
3.084999999999829545e-01
3.079999999999830651e-01
3.074999999999830091e-01
3.069999999999831197e-01
3.064999999999830638e-01
3.059999999999831743e-01
3.054999999999831184e-01
3.049999999999832290e-01
3.044999999999831730e-01
3.039999999999832281e-01
3.034999999999833387e-01
3.029999999999832827e-01
3.024999999999833933e-01
3.019999999999833373e-01
3.014999999999834479e-01
3.009999999999833920e-01
3.004999999999835025e-01
2.999999999999834466e-01
2.994999999999835016e-01
2.989999999999835012e-01
2.984999999999835563e-01
2.979999999999835558e-01
2.974999999999836109e-01
2.969999999999836104e-01
2.964999999999836655e-01
2.959999999999836651e-01
2.954999999999837201e-01
2.949999999999837752e-01
2.944999999999837748e-01
2.939999999999838298e-01
2.934999999999838294e-01
2.929999999999838844e-01
2.924999999999838840e-01
2.919999999999839391e-01
2.914999999999839386e-01
2.909999999999839937e-01
2.904999999999839932e-01
2.899999999999840483e-01
2.894999999999840479e-01
2.889999999999841029e-01
2.884999999999840470e-01
2.879999999999841576e-01
2.874999999999841016e-01
2.869999999999842122e-01
2.864999999999842673e-01
2.859999999999842668e-01
2.854999999999843219e-01
2.849999999999843214e-01
2.844999999999843765e-01
2.839999999999843205e-01
2.834999999999844311e-01
2.829999999999843752e-01
2.824999999999844857e-01
2.819999999999844298e-01
2.814999999999845404e-01
2.809999999999844844e-01
2.804999999999845950e-01
2.799999999999845390e-01
2.794999999999845941e-01
2.789999999999845937e-01
2.784999999999846487e-01
2.779999999999847593e-01
2.774999999999847033e-01
2.769999999999848139e-01
2.764999999999847580e-01
2.759999999999848685e-01
2.754999999999848126e-01
2.749999999999848677e-01
2.744999999999848672e-01
2.739999999999849223e-01
2.734999999999849218e-01
2.729999999999849769e-01
2.724999999999849765e-01
2.719999999999850315e-01
2.714999999999850311e-01
2.709999999999850862e-01
2.704999999999850857e-01
2.699999999999851408e-01
2.694999999999851958e-01
2.689999999999851954e-01
2.684999999999852505e-01
2.679999999999852500e-01
2.674999999999853051e-01
2.669999999999853046e-01
2.664999999999853597e-01
2.659999999999853593e-01
2.654999999999854143e-01
2.649999999999853584e-01
2.644999999999854690e-01
2.639999999999854130e-01
2.634999999999855236e-01
2.629999999999854676e-01
2.624999999999855782e-01
2.619999999999856333e-01
2.614999999999856328e-01
2.609999999999856879e-01
2.604999999999856319e-01
2.599999999999857425e-01
2.594999999999856866e-01
2.589999999999857971e-01
2.584999999999857412e-01
2.579999999999858518e-01
2.574999999999857958e-01
2.569999999999859064e-01
2.564999999999858504e-01
2.559999999999859055e-01
2.554999999999859051e-01
2.549999999999859601e-01
2.544999999999859597e-01
2.539999999999860147e-01
2.534999999999861253e-01
2.529999999999860694e-01
2.524999999999861799e-01
2.519999999999861240e-01
2.514999999999861791e-01
2.509999999999861786e-01
2.504999999999862337e-01
2.499999999999862332e-01
2.494999999999863161e-01
2.489999999999862879e-01
2.484999999999863429e-01
2.479999999999863147e-01
2.474999999999863975e-01
2.469999999999863693e-01
2.464999999999864522e-01
2.459999999999864240e-01
2.454999999999865068e-01
2.449999999999865896e-01
2.444999999999865614e-01
2.439999999999866165e-01
2.434999999999865883e-01
2.429999999999866711e-01
2.424999999999866429e-01
2.419999999999867257e-01
2.414999999999866975e-01
2.409999999999867804e-01
2.404999999999867522e-01
2.399999999999868350e-01
2.394999999999868068e-01
2.389999999999868618e-01
2.384999999999868336e-01
2.379999999999869165e-01
2.374999999999868883e-01
2.369999999999869711e-01
2.364999999999870539e-01
2.359999999999870257e-01
2.354999999999871085e-01
2.349999999999870803e-01
2.344999999999871354e-01
2.339999999999871072e-01
2.334999999999871900e-01
2.329999999999871618e-01
2.324999999999872446e-01
2.319999999999872164e-01
2.314999999999872993e-01
2.309999999999872711e-01
2.304999999999873539e-01
2.299999999999873257e-01
2.294999999999873808e-01
2.289999999999873526e-01
2.284999999999874354e-01
2.279999999999875182e-01
2.274999999999874900e-01
2.269999999999875728e-01
2.264999999999875446e-01
2.259999999999876275e-01
2.254999999999875993e-01
2.249999999999876543e-01
2.244999999999876261e-01
2.239999999999877089e-01
2.234999999999876807e-01
2.229999999999877636e-01
2.224999999999877354e-01
2.219999999999878182e-01
2.214999999999877900e-01
2.209999999999878728e-01
2.204999999999878446e-01
2.199999999999879274e-01
2.194999999999879825e-01
2.189999999999879543e-01
2.184999999999880371e-01
2.179999999999880089e-01
2.174999999999880917e-01
2.169999999999880635e-01
2.164999999999881464e-01
2.159999999999881182e-01
2.154999999999882010e-01
2.149999999999881728e-01
2.144999999999882279e-01
2.139999999999881997e-01
2.134999999999882825e-01
2.129999999999882543e-01
2.124999999999883371e-01
2.119999999999883089e-01
2.114999999999883917e-01
2.109999999999884746e-01
2.104999999999884464e-01
2.099999999999885014e-01
2.094999999999884732e-01
2.089999999999885560e-01
2.084999999999885278e-01
2.079999999999886107e-01
2.074999999999885825e-01
2.069999999999886653e-01
2.064999999999886371e-01
2.059999999999887199e-01
2.054999999999886917e-01
2.049999999999887468e-01
2.044999999999887186e-01
2.039999999999888014e-01
2.034999999999887732e-01
2.029999999999888560e-01
2.024999999999889388e-01
2.019999999999889106e-01
2.014999999999889935e-01
2.009999999999889653e-01
2.004999999999890203e-01
1.999999999999889921e-01
1.994999999999890750e-01
1.989999999999890468e-01
1.984999999999891296e-01
1.979999999999891014e-01
1.974999999999891842e-01
1.969999999999891560e-01
1.964999999999892388e-01
1.959999999999892106e-01
1.954999999999892657e-01
1.949999999999892375e-01
1.944999999999893203e-01
1.939999999999894031e-01
1.934999999999893749e-01
1.929999999999894578e-01
1.924999999999894296e-01
1.919999999999895124e-01
1.914999999999894842e-01
1.909999999999895393e-01
1.904999999999895111e-01
1.899999999999895939e-01
1.894999999999895657e-01
1.889999999999896485e-01
1.884999999999896203e-01
1.879999999999897031e-01
1.874999999999896749e-01
1.869999999999897577e-01
1.864999999999898128e-01
1.859999999999897846e-01
1.854999999999898674e-01
1.849999999999898392e-01
1.844999999999899221e-01
1.839999999999898939e-01
1.834999999999899767e-01
1.829999999999899485e-01
1.824999999999900313e-01
1.819999999999900031e-01
1.814999999999900582e-01
1.809999999999900300e-01
1.804999999999901128e-01
1.799999999999900846e-01
1.794999999999901674e-01
1.789999999999901392e-01
1.784999999999902220e-01
1.779999999999903049e-01
1.774999999999902767e-01
1.769999999999903317e-01
1.764999999999903035e-01
1.759999999999903864e-01
1.754999999999903582e-01
1.749999999999904410e-01
1.744999999999904128e-01
1.739999999999904956e-01
1.734999999999904674e-01
1.729999999999905502e-01
1.724999999999905220e-01
1.719999999999905771e-01
1.714999999999905766e-01
1.709999999999906317e-01
1.704999999999906035e-01
1.699999999999906863e-01
1.694999999999907692e-01
1.689999999999907410e-01
1.684999999999908238e-01
1.679999999999907956e-01
1.674999999999908507e-01
1.669999999999908502e-01
1.664999999999909053e-01
1.659999999999908771e-01
1.654999999999909599e-01
1.649999999999909317e-01
1.644999999999910145e-01
1.639999999999909863e-01
1.634999999999910691e-01
1.629999999999910409e-01
1.624999999999911238e-01
1.619999999999910956e-01
1.614999999999911506e-01
1.609999999999912335e-01
1.604999999999912053e-01
1.599999999999912881e-01
1.594999999999912599e-01
1.589999999999913427e-01
1.584999999999913145e-01
1.579999999999913973e-01
1.574999999999913691e-01
1.569999999999914242e-01
1.564999999999913960e-01
1.559999999999914788e-01
1.554999999999914506e-01
1.549999999999915334e-01
1.544999999999915052e-01
1.539999999999915881e-01
1.534999999999915599e-01
1.529999999999916427e-01
1.524999999999916978e-01
1.519999999999916696e-01
1.514999999999917524e-01
1.509999999999917242e-01
1.504999999999918070e-01
1.499999999999917788e-01
1.494999999999918616e-01
1.489999999999918334e-01
1.484999999999919162e-01
1.479999999999918880e-01
1.474999999999919431e-01
1.469999999999919149e-01
1.464999999999919977e-01
1.459999999999919695e-01
1.454999999999920524e-01
1.449999999999920242e-01
1.444999999999921070e-01
1.439999999999921898e-01
1.434999999999921616e-01
1.429999999999922167e-01
1.424999999999921885e-01
1.419999999999922713e-01
1.414999999999922431e-01
1.409999999999923259e-01
1.404999999999922977e-01
1.399999999999923805e-01
1.394999999999923523e-01
1.389999999999924352e-01
1.384999999999924070e-01
1.379999999999924620e-01
1.374999999999924338e-01
1.369999999999925167e-01
1.364999999999924885e-01
1.359999999999925713e-01
1.354999999999926541e-01
1.349999999999926259e-01
1.344999999999927087e-01
1.339999999999926805e-01
1.334999999999927356e-01
1.329999999999927074e-01
1.324999999999927902e-01
1.319999999999927620e-01
1.314999999999928448e-01
1.309999999999928166e-01
1.304999999999928995e-01
1.299999999999928713e-01
1.294999999999929541e-01
1.289999999999929259e-01
1.284999999999929809e-01
1.279999999999929527e-01
1.274999999999930356e-01
1.269999999999931184e-01
1.264999999999930902e-01
1.259999999999931730e-01
1.254999999999931448e-01
1.249999999999932138e-01
1.244999999999931856e-01
1.239999999999932684e-01
1.234999999999932402e-01
1.229999999999933230e-01
1.224999999999932948e-01
1.219999999999933638e-01
1.214999999999933356e-01
1.209999999999934184e-01
1.204999999999933902e-01
1.199999999999934591e-01
1.194999999999934309e-01
1.189999999999935137e-01
1.184999999999935966e-01
1.179999999999935684e-01
1.174999999999936373e-01
1.169999999999936091e-01
1.164999999999936919e-01
1.159999999999936637e-01
1.154999999999937327e-01
1.149999999999937045e-01
1.144999999999937873e-01
1.139999999999937591e-01
1.134999999999938419e-01
1.129999999999938137e-01
1.124999999999938827e-01
1.119999999999938545e-01
1.114999999999939373e-01
1.109999999999939091e-01
1.104999999999939780e-01
1.099999999999940609e-01
1.094999999999940327e-01
1.089999999999941155e-01
1.084999999999940873e-01
1.079999999999941562e-01
1.074999999999941280e-01
1.069999999999942109e-01
1.064999999999941827e-01
1.059999999999942516e-01
1.054999999999942373e-01
1.049999999999943062e-01
1.044999999999942780e-01
1.039999999999943608e-01
1.034999999999943326e-01
1.029999999999944016e-01
1.024999999999944844e-01
1.019999999999944562e-01
1.014999999999945252e-01
1.009999999999945108e-01
1.004999999999945798e-01
9.999999999999455158e-02
9.949999999999463440e-02
9.899999999999460620e-02
9.849999999999467515e-02
9.799999999999464695e-02
9.749999999999472977e-02
9.699999999999470157e-02
9.649999999999478439e-02
9.599999999999475619e-02
9.549999999999482514e-02
9.499999999999479694e-02
9.449999999999487976e-02
9.399999999999494871e-02
9.349999999999492051e-02
9.299999999999500333e-02
9.249999999999497513e-02
9.199999999999505795e-02
9.149999999999502975e-02
9.099999999999509870e-02
9.049999999999507050e-02
8.999999999999515332e-02
8.949999999999512512e-02
8.899999999999519407e-02
8.849999999999516587e-02
8.799999999999524869e-02
8.749999999999522049e-02
8.699999999999530331e-02
8.649999999999527511e-02
8.599999999999534406e-02
8.549999999999542688e-02
8.499999999999539868e-02
8.449999999999546763e-02
8.399999999999543943e-02
8.349999999999552225e-02
8.299999999999549405e-02
8.249999999999557687e-02
8.199999999999554867e-02
8.149999999999561762e-02
8.099999999999558942e-02
8.049999999999567224e-02
7.999999999999564404e-02
7.949999999999571298e-02
7.899999999999569866e-02
7.849999999999576761e-02
7.799999999999573941e-02
7.749999999999582223e-02
7.699999999999589118e-02
7.649999999999586298e-02
7.599999999999594580e-02
7.549999999999591760e-02
7.499999999999598654e-02
7.449999999999597222e-02
7.399999999999604117e-02
7.349999999999601297e-02
7.299999999999609579e-02
7.249999999999606759e-02
7.199999999999613653e-02
7.149999999999610834e-02
7.099999999999619116e-02
7.049999999999616296e-02
6.999999999999624578e-02
6.949999999999621758e-02
6.899999999999628653e-02
6.849999999999636935e-02
6.799999999999634115e-02
6.749999999999641009e-02
6.699999999999638189e-02
6.649999999999646472e-02
6.599999999999643652e-02
6.549999999999651934e-02
6.499999999999649114e-02
6.449999999999656008e-02
6.399999999999664291e-02
6.349999999999661471e-02
6.299999999999658651e-02
6.249999999999655831e-02
6.199999999999673828e-02
6.149999999999671008e-02
6.099999999999668188e-02
6.049999999999686184e-02
5.999999999999683364e-02
5.949999999999680544e-02
5.899999999999678418e-02
5.849999999999696415e-02
5.799999999999693595e-02
5.749999999999690775e-02
5.699999999999687955e-02
5.649999999999705952e-02
5.599999999999703132e-02
5.549999999999700312e-02
5.499999999999698186e-02
5.449999999999716183e-02
5.399999999999713363e-02
5.349999999999710543e-02
5.299999999999707723e-02
5.249999999999725719e-02
5.199999999999722899e-02
5.149999999999720079e-02
5.099999999999738076e-02
5.049999999999735256e-02
4.999999999999733130e-02
4.949999999999730310e-02
4.899999999999748307e-02
4.849999999999745487e-02
4.799999999999742667e-02
4.749999999999739847e-02
4.699999999999757844e-02
4.649999999999755024e-02
4.599999999999752898e-02
4.549999999999750078e-02
4.499999999999768074e-02
4.449999999999765254e-02
4.399999999999762434e-02
4.349999999999780431e-02
4.299999999999777611e-02
4.249999999999774791e-02
4.199999999999771971e-02
4.149999999999790662e-02
4.099999999999787842e-02
4.049999999999785022e-02
3.999999999999782202e-02
3.949999999999800199e-02
3.899999999999797379e-02
3.849999999999794559e-02
3.799999999999791739e-02
3.749999999999809736e-02
3.699999999999807609e-02
3.649999999999804789e-02
3.599999999999801970e-02
3.549999999999819966e-02
3.499999999999817146e-02
3.449999999999814326e-02
3.399999999999832323e-02
3.349999999999829503e-02
3.299999999999826683e-02
3.249999999999824557e-02
3.199999999999842554e-02
3.149999999999839734e-02
3.099999999999836914e-02
3.049999999999834094e-02
2.999999999999852091e-02
2.949999999999849618e-02
2.899999999999846798e-02
2.849999999999843978e-02
2.799999999999861974e-02
2.749999999999859154e-02
2.699999999999856681e-02
2.649999999999874678e-02
2.599999999999871858e-02
2.549999999999869038e-02
2.499999999999866565e-02
2.449999999999884562e-02
2.399999999999881742e-02
2.349999999999878922e-02
2.299999999999876449e-02
2.249999999999894446e-02
2.199999999999891626e-02
2.149999999999888806e-02
2.099999999999885986e-02
2.049999999999904329e-02
1.999999999999901509e-02
1.949999999999898689e-02
1.899999999999895869e-02
1.849999999999914213e-02
1.799999999999911393e-02
1.749999999999908573e-02
1.699999999999926570e-02
1.649999999999923750e-02
1.599999999999921277e-02
1.549999999999918457e-02
1.499999999999936454e-02
1.449999999999933807e-02
1.399999999999930987e-02
1.349999999999928341e-02
1.299999999999946337e-02
1.249999999999943691e-02
1.199999999999940871e-02
1.149999999999938224e-02
1.099999999999956221e-02
1.049999999999953401e-02
9.999999999999507547e-03
9.499999999999687514e-03
8.999999999999661049e-03
8.499999999999632849e-03
7.999999999999606384e-03
7.499999999999786351e-03
6.999999999999759019e-03
6.499999999999731687e-03
5.999999999999704355e-03
5.499999999999885189e-03
4.999999999999857857e-03
4.499999999999830524e-03
3.999999999999803192e-03
3.499999999999983593e-03
2.999999999999956261e-03
2.499999999999928928e-03
1.999999999999901596e-03
1.500000000000081997e-03
1.000000000000054665e-03
5.000000000000273323e-04
0.000000000000000000e+00
