663.8505222880361
1327.7143539928447
1991.6047209841392
2655.5347586444764
3319.517512568729
3983.5659392408847
4647.692906686
5311.911195102361
5976.233497470162
6640.672420135238
7305.240483372925
7969.950121924433
8634.813685516388
9299.84343935067
9965.051564575286
10630.450158728636
11296.051236163374
11961.866728443454
12627.90848471851
13294.188272072874
13960.717775852958
14627.508599966606
15294.572267160154
15961.92021926638
16629.56381743352
17297.514342322425
17965.782994280857
18634.38089348945
19303.319080084184
19972.608514247888
20642.26007627617
21312.284566615926
21982.69270587451
22653.49513480071
23324.70241423611
23996.325025036127
24668.373367962606
25340.857763543743
26013.78845190305
26687.175592556498
27361.029264176814
28035.359464325116
28710.176109147527
29385.489033036047
30061.307988257337
30737.642644542102
31414.502588637253
32091.897323821602
32769.83626938199
33448.328760049255
34127.384045393206
34807.0112891745
35487.21956865636
36168.017873869634
36849.415106832814
37531.42008072451
38214.04151901152
38897.28805452292
39581.1682284762
40265.69048945023
40950.8631923051
41636.69459704558
42323.192867628364
43010.36607070815
43698.222174328
44386.76904654132
45076.01445397311
45765.96606031113
46456.63142473277
47148.01800025531
47840.13313201638
48532.98405547602
49226.577894542184
49920.921659611915
50616.02224553004
51311.88642945948
52008.52086866242
52705.93209818546
53404.12652844977
54103.11044273812
54802.88999457947
55503.47120502389
56204.85995980527
56907.062006385306
57610.08295087958
58313.928254854676
59018.60323199479
59724.11304463156
60430.46270013508
61137.657047153334
61845.70077170076
62554.598393087304
63264.35425968037
63974.97254449471
64686.45724060183
65398.81215635109
66112.04091039636
66826.14692651831
67541.13342823488
68257.0034331865
68973.75974729631
69691.40495868439
70409.94143133034
71129.37129847481
71849.69645574613
72570.91855399858
73293.03899185342
74016.05890792287
74739.97917271325
75464.800380179
76190.52283892405
76917.14656302558
77644.67126246878
78373.09633317208
79102.42084658056
79832.64353881369
80563.76279934318
81295.77665917783
82028.68277853307
82762.47843395999
83497.16050491293
84232.72545972004
84969.16934093481
85706.48775003511
86444.6758314444
87183.72825583167
87923.63920266577
88664.40234198103
89406.01081531779
90148.45721580066
90891.7335673054
91635.8313026757
92380.74124094348
93126.45356349749
93872.95778915915
94620.242748099
95368.29655455067
96117.1065782545
96866.65941457052
97616.94085319848
98367.93584543739
99119.62846990986
99872.00189668311
100625.03834970467
101378.71906747847
102133.02426189116
102887.93307510919
103643.42353445162
104399.47250514971
105156.05564089555
105913.14733207897
106670.72065161585
107428.74729825956
108187.19753728854
108946.04013846676
109705.24231115548
110464.7696364805
111224.58599642802
111984.65349976644
112744.93240467797
113505.38103800012
114265.95571095885
115026.61063130511
115787.29781175223
116547.96697463444
117308.56545270536
118069.03808601672
118829.3271148292
119589.37206852771
120349.1096505303
121108.4736192201
121867.39466493725
122625.80028313276
123383.61464379843
124140.75845735967
124897.14883725153
125652.69915948372
126407.31891954083
127160.91358707473
127913.38445890858
128664.62851099425
129414.53825005097
130163.00156575668
130909.9015844809
131655.11652570727
132398.5195624388
133139.9786870597
133879.35658430227
134616.5105131737
135351.29219987825
136083.54774400557
136813.1175404551
137539.836219794
138263.53260995817
138984.02972241607
139701.14476611442
140414.68919270046
141124.468776658
141830.28373412858
142531.9288842022
143229.1938565465
143921.86334909618
144609.71743943173
145292.53195321053
145970.07889267363
146642.1269277703
147308.4419518705
147968.78770328878
148622.92645299717
149270.61975789582
149911.62927790082
150545.71765385702
151172.6494419606
151792.19209896622
152404.11701101463
153008.20055747847
153604.22519983505
154191.9805842766
154771.26464562942
155341.88469920706
155903.65850653325
156456.41530047407
156999.9967552565
157534.257887152
158059.06787227193
158574.31076895955
159079.886133666
159575.70952090432
160061.71285987378
160537.84470253528
161004.07034027643
161460.3717886999
161906.7476424783
162343.21280451008
162769.79809576634
163186.54975412512
163593.52883213514
163990.8105049711
164378.4833008312
164756.64826666474
165125.4180824203
165484.9161369719
165835.2755785749
166176.63835211293
166509.15423461917
166832.97987957968
167148.27787945003
167455.21585463977
167753.96557602033
168044.7021267908
168327.6031083626
168602.84789379552
168870.61693126152
169131.09109905534
169384.45111280787
169630.87698480106
169870.54753463052
170103.63994991995
170330.32939533726
170550.78866781684
170765.1878956168
170973.69427865284
171176.4718674252
171373.68137778886
171565.48003880694
171752.02147094713
171933.45559194972
172109.9285477763
172281.58266616703
172448.5564304466
172610.98447136497
172768.99757489236
172922.7227040394
173072.2830329106
173217.797991349
173359.38331866454
173497.15112507425
173631.20995960973
173761.66488336897
173888.6175471029
174012.16627223176
174132.40613448754
174249.4290494688
174363.32385947555
174474.17642107327
174582.06969289968
174687.0838232952
174789.29623739433
174888.78172336513
174985.61251753342
175079.85838816757
175171.58671773775
175260.86258349766
175347.74883626288
175432.3061772903
175514.59323318163
175594.6666287566
175672.5810578586
175748.38935206956
175822.14254732482
175893.88994843105
175963.6791914965
176031.5563042972
176097.56576460227
176161.75055649361
176224.15222471673
176284.81092710374
176343.76548511453
176401.0534325416
176456.71106242848
176510.77347225274
176563.27460742267
176614.2473031422
176663.72332469356
176711.7334061912
176758.30728785717
176803.47375187
176847.26065683662
176889.69497093657
176930.80280378723
176970.60943707713
177009.1393540132
177046.4162676274
177082.46314798546
177117.30224834091
177150.9551302751
177183.4426878627
177214.78517090116
177245.00220724154
177274.11282425578
177302.1354694759
177329.08803043742
177354.98785375897
177379.85176349044
177403.69607875688
177426.53663072822
177448.38877894255
177469.26742700677
177489.18703770317
177508.1616475235
177526.20488065464
177543.32996243905
177559.54973232912
177574.8766563584
177589.32283914785
177602.90003546572
177615.61966136057
177627.49280488276
177638.53023641248
177648.74241860965
177658.13951600046
177666.73140421597
177674.5276788957
177681.53766427047
177687.77042143635
177693.23475633335
177697.9392274386
177701.89215318998
177705.10161913285
177707.57548484308
177709.32139057937
177710.34676371692
177710.65882495485
177710.26459430804
177709.17089689267
177707.38436851272
177704.91146105572
177701.75844770385
177697.93142796928
177693.43633255863
177688.27892807408
177682.46482155749
177675.99946488187
177668.8881589978
177661.13605803993
177652.74817329683
177643.72937705234
177634.08440630013
177623.81786633874
177612.93423424935
177601.43786226225
177589.3329810149
177576.6237027061
177563.31402414996
177549.4078297329
177534.90889427773
177519.8208858179
177504.14736828476
177487.8918041115
177471.0575567566
177453.64789314874
177435.66598605763
177417.11491639182
177397.99767542654
177378.31716696412
177358.07620942974
177337.27753790346
177315.92380609195
177294.01758824158
177271.56138099445
177248.55760519035
177225.00860761496
177200.91666269742
177176.28397415858
177151.11267661114
177125.4048371139
177099.16245668134
177072.38747174977
177045.08175560224
177017.24711975257
176988.88531529077
176959.99803419042
176930.58691057953
176900.65352197646
176870.19939049092
176839.22598399245
176807.73471724658
176775.72695302017
176743.20400315648
176710.16712962146
176676.6175455215
176642.55641609436
176607.9848596734
176572.90394862642
176537.31471026965
176501.21812775772
176464.61514095042
176427.5066472571
176389.89350245902
176351.7765215105
176313.15647932005
176274.03411151108
176234.41011516404
176194.28514953877
176153.6598367801
176112.5347626052
176070.91047697375
176028.78749474252
175986.16629630275
175943.04732820316
175899.4310037574
175855.3177036368
175810.70777644974
175765.6015393062
175719.99927837017
175673.90124939845
175627.3076782672
175580.21876148676
175532.63466670376
175484.55553319305
175435.98147233736
175386.9125680977
175337.34887747205
175287.29043094456
175236.73723292502
175185.68926217908
175134.14647224863
175082.10879186398
175029.57612534694
174976.5483530058
174923.0253315225
174869.00689433108
174814.49285198934
174759.482992543
174703.9770818823
174647.97486409225
174591.4760617958
174534.48037649062
174476.98748887976
174418.997059196
174360.50872752056
174301.52211409586
174242.03681963313
174182.05242561424
174121.56849458913
174060.5845704673
173999.10017880524
173937.11482708892
173874.6280050121
173811.63918474963
173748.1478212277
173684.1533523887
173619.65519945367
173554.65276717965
173489.14544411466
173423.1326028482
173356.61360025906
173289.58777775973
173222.05446153812
173154.0129627953
173085.46257798187
173016.40258903036
172946.83226358597
172876.7508552342
172806.15760372646
172735.0517352035
172663.43246241653
172591.29898494596
172518.6504894195
172445.4861497264
172371.8051272322
172297.60657098997
172222.88961795115
172147.65339317464
172071.89701003447
171995.61957042615
171918.82016497207
171841.49787322577
171763.651763875
171685.2808949443
171606.3843139962
171526.96105833212
171447.0101551925
171366.53062195613
171285.52146633933
171203.98168659455
171121.91027170818
171039.306201599
170956.16844731563
170872.49597123393
170788.2877272547
170703.54266100144
170618.2597100172
170532.4378039632
170446.0758648158
170359.17280706522
170271.72753791403
170183.7389574757
170095.2059589741
170006.12742894347
169916.5022474285
169826.32928818546
169735.60741888406
169644.33550130957
169552.51239156633
169460.13694028172
169367.20799281093
169273.72438944323
169179.68496560853
169085.08855208548
168989.9339752106
168894.22005708833
168797.94561580248
168701.1094656289
168603.71041724907
168505.74727796583
168407.21885191943
168308.12394030605
168208.46134159647
168108.22985175773
168007.42826447502
167906.05537137602
167804.10996225607
167701.59082530552
167598.49674733868
167494.82651402408
167390.57891011672
167285.75271969225
167180.34672638253
167074.35971361274
166967.79046484135
166860.63776380097
166752.90039474127
166644.57714267398
166535.66679361978
166426.16813485642
166316.07995517016
166205.4010451077
166094.1301972309
165982.2662063731
165869.80786989766
165756.7539879583
165643.10336376142
165528.8548038304
165414.00711827195
165298.5591210445
165182.5096302281
165065.85746829704
164948.60146239385
164830.74044460536
164712.27325224085
164593.19872811192
164473.5157208146
164353.2230850128
164232.31968172433
164110.804378608
163988.67605025313
163865.93357847072
163742.57585258616
163618.60176973374
163494.01023515323
163368.80016248746
163242.9704740822
163116.52010128697
162989.4479847579
162861.75307476174
162733.43433148158
162604.49072532365
162474.92123722544
162344.7248589655
162213.90059347404
162082.44745514472
161950.3644701476
161817.650676743
161684.30512559658
161550.32688009462
161415.7150166606
161280.46862507274
161144.5868087811
161008.06868522638
160870.9133861582
160733.12005795437
160594.6878619399
160455.61597470657
160315.90358843238
160175.54991120062
160034.55416731926
159892.91559763963
159750.63345987498
159607.70702891846
159464.13559716014
159319.91847480374
159175.0549901822
159029.54449007224
158883.38634000777
158736.57992459214
158589.1246478087
158441.01993333013
158292.2652248257
158142.8599862672
157992.80370223202
157842.09587820526
157690.7360408783
157538.72373844613
157386.0585409006
157232.74004032274
157078.7678511707
156924.14161056472
156768.86097857007
156612.92563847514
156456.33529706672
156299.08968490103
156141.18855657184
155982.63169097345
155823.41889155933
155663.5499865976
155503.02482942035
155341.8432986697
155180.00529853735
155017.5107590001
154854.3596360498
154690.55191191763
154526.08759529298
154360.9667215362
154195.18935288547
154028.7555786579
153861.6655154434
153693.9193072929
153525.5171258993
153356.45917077173
153186.7456694032
153016.37687742972
152845.35307878378
152673.67458583947
152501.3417395493
152328.3549095742
152154.71449440488
151980.42092147536
151805.474647268
151629.87615741
151453.62596676144
151276.72461949434
151099.17268916362
150920.97077876746
150742.11952080013
150562.61957729483
150382.47163985675
150201.6764296877
150020.23469759975
149838.14722402033
149655.41481898684
149472.03832213147
149288.0186026561
149103.35655929704
148918.05312027954
148732.10924326192
148545.5259152699
148358.30415262002
148170.4450008326
147981.94953453456
147792.81885735193
147603.05410179094
147412.6564291092
147221.6270291763
147029.96712032345
146837.67794918278
146644.76079051578
146451.2169470314
146257.04774919344
146062.25455501743
145866.83874985666
145670.80174617827
145474.14498332838
145276.86992728757
145078.97807041474
144880.4709311821
144681.350053899
144481.6170084266
144281.27338988136
144080.32081832958
143878.76093847188
143676.5954193176
143473.8259538507
143270.4542586849
143066.4820737102
142861.91116173076
142656.74330809285
142450.9803203044
142244.62402764594
142037.67628077324
141830.13895131092
141622.01393143862
141413.303133469
141204.00848941816
140994.13195056785
140783.67548702116
140572.64108725096
140361.03075764087
140148.84652202
139936.09042119142
139722.76451245366
139508.8708691172
139294.41158001436
139079.38874900437
138863.80449447228
138647.66094882454
138430.96025797722
138213.7045808426
137995.8960888096
137777.53696522076
137558.62940484614
137339.17561335224
137119.1778067695
136898.638210956
136677.5590610583
136455.94260097094
136233.79108279207
136011.1067662793
135787.8919183024
135564.14881229584
135339.87972770922
135115.08694945805
134889.77276737287
134663.9394756497
134437.58937229833
134210.7247585937
133983.34793852468
133755.461218247
133527.0669055337
133298.16730923072
133068.76473871057
132838.8615033296
132608.45991188797
132377.56227208988
132146.17089000746
131914.28806954875
131681.9161119253
131449.0573151262
131215.71397339436
130981.88837670512
130747.58281025122
130512.79955392954
130277.54088183359
130041.80906174889
129805.60635465468
129568.93501422934
129331.79728636083
129094.19540866204
128856.13160999252
128617.6081099844
128378.62711857409
128139.19083554081
127899.30145004902
127658.96114019895
127418.17207258158
127176.93640184084
126935.25627024178
126693.1338072451
126450.57112908861
126207.5703383747
125964.1335236656
125720.26275908414
125475.96010392236
125231.22760225661
124986.06728257006
124740.48115738209
124494.47122288425
124248.03945858465
124001.18782695818
123753.91827310511
123506.2327244165
123258.13309024631
123009.6212615921
122760.69911078185
122511.36849116915
122261.63123683471
122011.48916229574
121760.94406222296
121509.99771116402
121258.65186327539
121006.90825205986
120754.76859011335
120502.23456887703
120249.30785839791
119995.99010709536
119742.2829415361
119488.1879662151
119233.70676334375
118978.84089264527
118723.59189115661
118467.96127303685
118211.95052938374
117955.56112805473
117698.79451349605
117441.65210657842
117184.13530443788
116926.24548032445
116667.98398345598
116409.35213887869
116150.35124733316
115890.9825851274
115631.247404015
115371.14693107863
115110.68236862062
114849.85489405777
114588.66565982254
114327.1157932691
114065.20639658469
113802.93854670685
113540.31329524466
113277.33166840566
113013.99466692752
112750.30326601406
112486.25841527677
112221.86103867952
111957.11203448926
111692.01227522954
111426.56260763924
111160.76385263511
110894.61680527781
110628.1222347426
110361.28088429292
110094.0934712587
109826.56068701664
109558.68319697518
109290.46164056266
109021.89663121775
108752.9887563841
108483.73857750659
108214.14663003208
107944.21342341161
107673.93944110537
107403.32514059097
107132.37095337345
106861.07728499763
106589.44451506241
106317.47299723847
106045.16305928609
105772.5150030763
105499.52910461313
105226.20561405738
104952.54475575285
104678.54672825306
104404.21170434961
104129.53983110242
103854.53122987019
103579.18599634327
103303.50420057535
103027.48588701861
102751.1310745583
102474.43975654729
102197.41190084316
101920.04744984437
101642.34632052734
101364.30840448439
101085.93356796037
100807.22165189176
100528.17247194385
100248.78581854922
99969.06145694556
99688.99912721342
99408.59854431446
99127.85939812816
98846.78135348893
98565.3640502231
98283.60710318446
98001.51010229028
97719.07261255583
97436.2941741283
97153.17430232067
96869.71248764386
96585.90819583787
96301.76086790342
96017.26992013016
95732.43474412599
95447.25470684347
95161.72915060664
94875.8573931349
94589.6387275667
94303.07242248098
94016.15772191799
93728.89384539767
93441.27998793722
93153.3153200664
92864.99898784171
92576.33011285774
92287.30779225839
91997.93109874483
91708.19908058146
91418.1107616015
91127.66514120877
90836.8611943777
90545.69787165277
90254.174099144
89962.2887785202
89670.04078700203
89377.42897735003
89084.45217785246
88791.10919230901
88497.39880001394
88203.31975573451
87908.87078968923
87614.05060752119
87318.8578902707
87023.29129434424
86727.34945148074
86431.03096871545
86134.3344283411
85837.25838786455
85539.80137996367
85241.96191243887
84943.73846816196
84645.12950502255
84346.13345587134
84046.74872846018
83746.97370537893
83446.80674398829
83146.24617635188
82845.29030916232
82543.93742366473
82242.1857755782
81940.03359501301
81637.47908638277
81334.52042831607
81031.15577356238
80727.38324889526
80423.20095501226
80118.60696642932
79813.59933137424
79508.17607167414
79202.33518264051
78896.07463294885
78589.39236451658
78282.28629237528
77974.75430453874
77666.79426186916
77358.40399793703
77049.58131887706
76740.32400324193
76430.62980184882
76120.49643762464
75809.92160544438
75498.90297196724
75187.43817546593
74875.52482565356
74563.16050350646
74250.34276107773
73937.06912131335
73623.33707785692
73309.14409485414
72994.48760674997
72679.36501808121
72363.77370326556
72047.71100638407
71731.17424095936
71414.16068972737
71096.66760440615
70778.69220545758
70460.23168184387
70141.28319077978
69821.84385747708
69501.91077488655
69181.48100343178
68860.55157073865
68539.1194713569
68217.18166647915
67894.73508365222
67571.7766164801
67248.30312432641
66924.31143200347
66599.79832946236
66274.76057147086
65949.19487728766
65623.09793033001
65296.46637783287
64969.296830504565
64641.58586217149
64313.330009418794
63984.52577122341
63655.16960857876
63325.257944114936
62994.78716170671
62663.75360607844
62332.15358239992
61999.98335587492
61667.23915131991
61333.917152736525
61000.013502877184
60665.52430279827
60330.44561141007
59994.773445015
59658.503776836966
59321.63253654414
58984.155609761525
58646.068837573424
58307.36801601971
57968.04889558005
57628.107180648345
57287.53852900144
56946.33855125264
56604.50281029897
56262.02682075637
55918.90604838831
55575.13590951621
55230.71177042767
54885.62894676917
54539.882702927796
54193.468251403625
53846.38075216948
53498.61531201878
53150.166983903306
52801.030766255186
52451.201602302455
52100.67437936572
51749.44392814717
51397.50502200398
51044.85237620948
50691.480647200304
50337.38443181068
49982.5582664941
49626.99662652479
49270.69392519563
48913.64451298974
48555.84267674413
48197.282638797675
47837.958556121346
47477.86451943362
47116.994552300224
46755.34261021767
46392.90257967745
46029.66827721993
45665.63344846017
45300.79176710788
44935.13683396099
44568.66217588376
44201.361244767046
43833.22741646724
43464.253989729295
43094.434185084596
42723.76114373359
42352.22792640713
41979.82751220239
41606.55279740336
41232.3965942741
40857.351629836965
40481.41054461587
40104.56589137126
39726.81013379859
39348.13564521209
38968.534707195715
38587.99950823705
38206.5221423283
37824.09460754483
37440.70880459714
37056.35653535575
36671.02950134468
36284.719302208796
35897.41743415545
35509.115288358604
35119.80414934219
34729.4751933215
34338.11948652468
33945.72798347276
33552.29152522849
33157.80083761756
32762.24652940549
32365.61909044764
31967.908889799513
31569.10617378782
31169.20106404894
30768.183555526906
30366.04351442931
29962.77067614542
29558.354643124254
29152.784882707176
28746.05072491902
28338.14136021578
27929.04583718399
27518.75306019735
27107.25178702542
26694.530626388205
26280.57803546942
25865.38231737342
25448.931618525763
25031.213926034343
24612.21706497689
24191.928695646544
23770.336310730698
23347.427232436577
22923.188609550445
22497.60741443651
22070.670439970767
21642.36429641021
21212.675408191462
20781.590010658303
20349.09414672223
19915.173663441357
19479.814208531818
19043.001226789576
18604.719956439258
18164.955425397915
17723.692447445876
17280.915618316816
16836.609311690787
16390.757675089928
15943.34462568207
15494.353845972724
15043.76877940103
14591.572625817962
14137.748336853689
13682.278611167196
13225.145889572494
12766.332350036919
12305.819902544827
11843.590183825223
11379.62455193158
10913.904080676473
10446.409553903111
9977.121459592267
9506.019983802671
9033.085004420902
8558.296084735548
8081.632466799264
7603.073064582456
7122.5964569226
6640.180880221976
6155.804220911291
5669.4440076572355
5181.0774032859745
4690.68119643317
4198.231792874894
3703.7052065412204
3207.0770501826787
2708.322525671506
2207.416413910097
1704.3330643253478
1199.0463839212612
691.5298258510132
181.75637748979491
-330.3014520430286
-844.6716449415404
-1361.3826883896825
-1880.4635889264816
-2401.9438875105225
-2925.8536753866
-3452.2236107764274
-3981.0849364797523
-4512.469498457135
-5046.409765469126
-5582.938849866269
-6122.090529613668
-6663.899271678349
-7208.400256871604
-7755.629406288256
-8305.623409481494
-8858.419754523022
-9414.056760132777
-9972.573610047293
-10534.010389854016
-11098.4081265082
-11665.808830795839
-12236.255543021456
-12809.792382229172
-13386.464599307597
-13966.318634369525
-14549.402178813632
-15135.764242564543
-15725.455227009526
-16318.527004216221
-16915.033003105393
-17515.02830328825
-18118.569737414404
-18725.716002937595
-19336.527784322036
-19951.0678868675
-20569.40138344145
-21191.59577558005
-21817.72117063095
-22447.850476790853
-23082.05961816237
-23720.427772228577
-24363.037632478794
-25009.97569929268
-25661.33260262934
-26317.20346058312
-26977.68827847077
-27642.892393801947
-28312.926973309983
-28987.90956920017
-29667.964742898388
-30353.224765960433
-31045.554353499545
-31739.931836494918
-32441.689602153583
-33149.27581425321
-33862.87541739236
-34582.68768623185
-35308.92792298109
-36041.82940874111
-36781.6456524001
-37528.65299241087
-38283.15361930649
-39045.47910257244
-39815.99452580385
-40595.10336026415
-41383.25324096741
-42180.94285423301
-42988.73020517996
-43807.24261358908
-44637.188895381645
-45479.374336890454
-46334.71927885912
-47204.28242504615
-48089.29042114635
-48991.175884641634
-49911.62702238135
-50852.65344731738
-51816.67514274629
-52806.64534104787
-53826.224548296384
-54880.0343455418
-55974.04069145334
-57116.157790508194
-58317.25048048998
-59592.91240436954
-60966.90908456813
-62478.70699157592
-64203.245039620655
-66322.41154802628
-69756.57011302552
-42586.44799788177
-42556.79961773423
-42526.88472056213
-42496.70260508453
-42466.25255823746
-42435.53385506667
-42404.545758623215
-42373.287519855076
-42341.75837749655
-42309.95755795988
-42277.88427522222
-42245.5377307123
-42212.9171131958
-42180.02159865891
-42146.850350191286
-42113.402517866096
-42079.67723861965
-42045.67363612978
-42011.39082069065
-41976.82788908931
-41941.98392447739
-41906.85799624362
-41871.449159882824
-41835.75645686518
-41799.778914502436
-41763.51554581294
-41726.96534938413
-41690.127309236435
-41653.000394680224
-41615.58356017578
-41577.875745189005
-41539.875874046644
-41501.58285578731
-41462.99558401468
-41424.112936744554
-41384.933776253056
-41345.45694892128
-41305.68128507942
-41265.60559884727
-41225.2286879743
-41184.54933367611
-41143.56630047163
-41102.278336013645
-41060.68417092372
-41018.782518617714
-40976.57207513542
-40934.05151896479
-40891.21951086456
-40848.07469368444
-40804.615692184525
-40760.84111285123
-40716.74954371031
-40672.33955413947
-40627.60969467803
-40582.55849683186
-40537.18447288049
-40491.486115678184
-40445.46189845322
-40399.11027460698
-40352.42967750636
-40305.41852027916
-40258.07519560131
-40210.39807548643
-40162.385511068824
-40114.035832386806
-40065.34734816191
-40016.31834557539
-39966.947090043235
-39917.23182498707
-39867.17077160334
-39816.76212862872
-39766.004072103955
-39714.89475513309
-39663.432307642914
-39611.61483613608
-39559.44042344238
-39506.9071284693
-39454.01298594637
-39400.75600616821
-39347.13417473466
-39293.14545228754
-39238.78777424362
-39184.059050525066
-39128.95716528873
-39073.47997664708
-39017.62531639112
-38961.39098970914
-38904.774774898244
-38847.774423078234
-38790.387657897896
-38732.61217524018
-38674.44564292295
-38615.885700395986
-38556.92995843784
-38497.57599884329
-38437.82137411214
-38377.66360713442
-38317.10019086743
-38256.12858801504
-38194.746230699566
-38132.95052013112
-38070.7388262734
-38008.108487506295
-37945.05681028327
-37881.581068786036
-37817.67850457626
-37753.346326241495
-37688.581709038284
-37623.381794532535
-37557.74369023382
-37491.66446922734
-37425.14116980182
-37358.17079507184
-37290.750312599754
-37222.87665400933
-37154.54671459836
-37085.757352945926
-37016.50539051613
-36946.78761125837
-36876.6007612006
-36805.94154804308
-36734.80664074411
-36663.19266910307
-36591.096223339955
-36518.513853669094
-36445.44206987086
-36371.87734085628
-36297.81609423084
-36223.254715850635
-36148.18954937705
-36072.61689582557
-35996.53301311127
-35919.93411558846
-35842.816373588976
-35765.17591295208
-35687.008814554705
-35608.31111383388
-35529.07880030532
-35449.307817080975
-35368.99406037635
-35288.133379020524
-35206.72157395541
-35124.754397735705
-35042.227554021694
-34959.13669706888
-34875.47743121221
-34791.24531034917
-34706.435837414334
-34621.04446385319
-34535.06658908916
-34448.497559989955
-34361.33267032562
-34273.56716022482
-34185.1962156273
-34096.214967731554
-34006.61849243727
-33916.40180978765
-33825.559883402064
-33734.08761991012
-33641.97986837862
-33549.23141973588
-33455.83700619134
-33361.791300653575
-33267.0889161411
-33171.72440519347
-33075.692259274365
-32978.986908176026
-32881.602719415874
-32783.53399763167
-32684.774983974203
-32585.319855494283
-32485.162724527658
-32384.297638078177
-32282.718577195006
-32180.41945634858
-32077.39412280367
-31973.636355988634
-31869.139866862803
-31763.89829728005
-31657.90521935085
-31551.154134801163
-31443.638474328964
-31335.351596958037
-31226.28678938989
-31116.437265354332
-31005.79616495519
-30894.356554017915
-30782.11142343181
-30669.053688492466
-30555.176188241672
-30440.471684806384
-30324.932862735634
-30208.552328336362
-30091.322609007817
-29973.23615257493
-29854.285326620593
-29734.462417817296
-29613.759631257508
-29492.16908978381
-29369.682833317143
-29246.292818187252
-29121.99091645986
-28996.768915265562
-28870.618516127564
-28743.531334289506
-28615.49889804409
-28486.51264806105
-28356.563936715447
-28225.64402741761
-28093.74409394077
-27960.855219753124
-27826.96839734692
-27692.074527571316
-27556.164418962704
-27419.228787080243
-27281.258253838416
-27142.243346843534
-27002.174498728902
-26861.042046493883
-26718.83623084117
-26575.547195519208
-26431.164986661435
-26285.679552130565
-26139.08074086305
-25991.358302213685
-25842.501885303176
-25692.50103836754
-25541.345208106508
-25389.0237390353
-25235.525872837097
-25080.8407477171
-24924.957397756494
-24767.86475226924
-24609.55163515808
-24450.006764273552
-24289.218750770986
-24127.176098470274
-23963.867203216014
-23799.280352235517
-23633.403723500105
-23466.225385084086
-23297.733294523052
-23127.915298173524
-22956.759130569044
-22784.252413777493
-22610.382656754373
-22435.137254695444
-22258.50348838713
-22080.468523553503
-21901.01941020045
-21720.143081954866
-21537.826355402834
-21354.05592941921
-21168.818384494363
-20982.10018205518
-20793.88766377823
-20604.167050896853
-20412.924443500066
-20220.145819823956
-20025.81703553287
-19829.923822990437
-19632.451790521343
-19433.386421660474
-19232.713074389074
-19030.41698035899
-18826.483244102
-18620.896842222606
-18413.64262257696
-18204.705303432776
-17994.06947261191
-17781.719586610376
-17567.63996970377
-17351.814813023306
-17134.22817361569
-16914.86397347301
-16693.705998540103
-16470.737897694802
-16245.94318169743
-16019.305222113002
-15790.807250201156
-15560.432355772213
-15328.163486010253
-15093.983444260146
-14857.874888776325
-14619.82033143237
-14379.80213639072
-14137.802518729484
-13893.803543023043
-13647.787121880096
-13399.735014430787
-13149.62882476532
-12897.450000321227
-12643.179830215677
-12386.799443524606
-12128.289807502319
-11867.631725742674
-11604.805836278496
-11339.792609618355
-11072.572346715559
-10803.125176872187
-10531.431055572422
-10257.469762241533
-9981.220897935258
-9702.663882948664
-9421.777954349216
-9138.542163427757
-8852.935373066293
-8564.936255021415
-8274.523287120037
-7981.67475036433
-7686.368725944837
-7388.5830921599645
-7088.295521237004
-6785.483476054626
-6480.124206764761
-6172.194747307772
-5861.671911823673
-5548.532290953209
-5232.752248028135
-4914.30791514689
-4593.175189135006
-4269.329727385807
-3942.746943581614
-3613.4020032886206
-3281.26981942736
-2946.325047614962
-2608.542081373991
-2267.8950472096917
-1924.3577995492105
-1577.9039155426844
-1228.5066897226368
-876.139128519703
-520.7739446296134
-162.38355123375592
199.0599439351569
563.5847446804714
931.2193725868034
1301.9926734270787
1675.9338237293052
2053.0723375128455
2433.438073190496
2817.0612406434116
3203.9724084706113
3594.202511414395
3987.7828579675434
4384.74513816325
4785.12143155018
5188.9442153596465
5596.246372862895
6007.061201924778
6421.422423757255
6839.364191874858
7260.921101255084
7686.128197709523
8115.020987466255
8547.63544696949
8984.008032898853
9424.175692412302
9868.17587361725
10316.046536272088
10767.826162724537
11223.553769088743
11683.268916666037
12147.01172361519
12614.822876874723
13086.74364434064
13562.815887309485
14043.08207318483
14527.585288457163
15016.369251960541
15509.478328408512
16006.957542221937
16508.85259164434
17015.20986315907
17526.07644620917
18041.500148227027
18561.529509980748
19086.213821243906
19615.60313679101
20149.748292732824
20688.70092319043
21232.51347732045
21781.23923669724
22334.932333057564
22893.64776641906
23457.441423576198
24026.370096985385
24600.49150404502
25179.86430678041
25764.54813194197
26354.603591524887
26950.092303721227
27551.07691431166
28157.621118508603
28769.789683259456
29387.64847002131
30011.26445801612
30640.705767978197
31276.041686405624
31917.3426903253
32564.680472584492
33218.12796768044
33877.75937814043
34543.65020146445
35215.877257644286
35894.51871726978
36579.65413024019
37271.36445508823
37969.732088936355
38674.840898098664
39386.77624933942
40105.62504180665
40831.47573965906
41564.41840539267
42304.544733894494
43051.948087231576
43806.72353019488
44568.967866617015
45338.77967647748
46116.25935381702
46901.50914547611
47694.633190678825
48495.737561476766
49304.930304079964
50122.32148108461
50948.023214624365
51782.149730463214
52624.81740305158
53476.144801562274
54336.25273693502
55205.26430994214
56083.30496030658
56970.50251688401
57866.98724894208
58772.891918549976
59688.35183410833
60613.504905036476
61548.49169764569
62493.45549222019
63448.54234132542
64413.90112937381
65389.683633468856
66376.04458555134
67373.14173587086
68381.13591781048
69400.19111408488
70430.47452433764
71472.1566341629
72525.411285569
73590.41574892242
74667.35079637312
75756.40077680866
76857.75369234072
77971.60127635663
79098.13907315696
80237.56651919559
81390.08702594928
82555.90806443158
83735.24125137355
84928.3024370894
86135.3117950406
87356.4939131221
88592.07788667709
89842.29741325896
91107.39088915393
92387.60150766808
93683.17735919726
94994.3715330753
96321.44222121761
97664.65282355025
99024.27205523575
100400.57405568367
101793.83849934813
103204.35070829792
104632.40176655167
106078.28863615924
107542.31427501491
109024.78775637361
110526.02439005024
112046.34584526191
113586.08027508302
115145.56244247113
116725.13384780956
118325.14285792668
119945.94483651653
121587.90227591034
123251.38493011819
124936.76994906079
126644.44201391231
128374.79347344654
130128.22448129774
131905.1431340098
133705.96560976093
135531.116307632
137381.02798726928
139256.14190880454
141156.9079728512
143083.7848604192
145037.24017254743
147017.7505694657
149025.80190906877
151061.889384478
153126.5176604514
155220.20100838895
157343.46343966885
159496.83883701699
161680.87108363482
163896.1141897466
166143.13241624684
168422.50039510225
170734.80324613466
173080.63668980746
175460.60715561887
177875.33188567564
180325.43903302192
182811.56775426556
185334.3682960281
187894.50207474077
190492.64174926185
193129.47128581375
195805.6860146858
198521.99267814166
201279.10946897583
204077.76605911631
206918.70361766976
209802.67481780416
212730.44383183122
215702.78631384208
218720.48936926815
221784.3515106712
224895.18259913893
228053.8037705742
231261.04734623307
234517.7567268211
237824.78626947032
241183.00114694392
244593.27718837906
248056.5007009392
251573.56827171324
255145.3865492371
258772.8720040505
262456.9506676706
266198.55784945126
269998.6378307821
273858.1435361369
277778.0361805181
281759.2848928784
285802.86631514365
289909.76417653146
294080.9688428948
298317.47684088076
302620.29035678215
306990.4167099784
311428.8678009959
315936.6595342403
320514.81121556193
325164.34492488415
329886.2848642337
334681.6566815656
339551.48677089886
344496.8015493671
349518.6267118663
354617.9864641054
359795.9027349665
365053.3943691388
370391.47630115814
375811.1587120288
381313.44616972946
386899.33675500046
392569.82117389375
398325.8818586887
404168.4920588179
410098.6149235961
416117.2025785449
422225.1951972816
428423.5200709081
434713.09067697864
441094.8057501178
447569.54835647455
454138.1849741516
460801.5645818901
467560.5177581835
474415.85579312703
481368.3698152306
488418.82993543457
495567.9844105773
502816.5588285134
510165.2553170117
517614.75177858263
525165.7011532668
532818.7307113756
