-1.730319621921319051e+00
-1.726855518574129444e+00
-1.723391415226939616e+00
-1.719927311879750009e+00
-1.716463208532560181e+00
-1.712999105185370130e+00
-1.709535001838180523e+00
-1.706070898490990695e+00
-1.702606795143801088e+00
-1.699142691796611038e+00
-1.695678588449421209e+00
-1.692214485102231603e+00
-1.688750381755041774e+00
-1.685286278407851945e+00
-1.681822175060662117e+00
-1.678358071713472510e+00
-1.674893968366282682e+00
-1.671429865019092631e+00
-1.667965761671903024e+00
-1.664501658324713196e+00
-1.661037554977523589e+00
-1.657573451630333761e+00
-1.654109348283143932e+00
-1.650645244935954103e+00
-1.647181141588764275e+00
-1.643717038241574668e+00
-1.640252934894384618e+00
-1.636788831547195011e+00
-1.633324728200005183e+00
-1.629860624852815576e+00
-1.626396521505625525e+00
-1.622932418158435697e+00
-1.619468314811246090e+00
-1.616004211464056262e+00
-1.612540108116866655e+00
-1.609076004769676604e+00
-1.605611901422486998e+00
-1.602147798075297169e+00
-1.598683694728107341e+00
-1.595219591380917512e+00
-1.591755488033727683e+00
-1.588291384686538077e+00
-1.584827281339348248e+00
-1.581363177992158198e+00
-1.577899074644968591e+00
-1.574434971297778763e+00
-1.570970867950589156e+00
-1.567506764603399105e+00
-1.564042661256209277e+00
-1.560578557909019670e+00
-1.557114454561829842e+00
-1.553650351214639791e+00
-1.550186247867450184e+00
-1.546722144520260356e+00
-1.543258041173070527e+00
-1.539793937825880921e+00
-1.536329834478690870e+00
-1.532865731131501263e+00
-1.529401627784311435e+00
-1.525937524437121606e+00
-1.522473421089931778e+00
-1.519009317742741949e+00
-1.515545214395552343e+00
-1.512081111048362514e+00
-1.508617007701172463e+00
-1.505152904353982857e+00
-1.501688801006793028e+00
-1.498224697659603200e+00
-1.494760594312413371e+00
-1.491296490965223542e+00
-1.487832387618033714e+00
-1.484368284270844107e+00
-1.480904180923654057e+00
-1.477440077576464450e+00
-1.473975974229274621e+00
-1.470511870882084793e+00
-1.467047767534895186e+00
-1.463583664187705136e+00
-1.460119560840515529e+00
-1.456655457493325700e+00
-1.453191354146135872e+00
-1.449727250798946043e+00
-1.446263147451756437e+00
-1.442799044104566608e+00
-1.439334940757376780e+00
-1.435870837410186951e+00
-1.432406734062997344e+00
-1.428942630715807516e+00
-1.425478527368617687e+00
-1.422014424021428081e+00
-1.418550320674238252e+00
-1.415086217327048423e+00
-1.411622113979858595e+00
-1.408158010632668988e+00
-1.404693907285479160e+00
-1.401229803938289331e+00
-1.397765700591099503e+00
-1.394301597243909896e+00
-1.390837493896720289e+00
-1.387373390549530239e+00
-1.383909287202340410e+00
-1.380445183855150804e+00
-1.376981080507961197e+00
-1.373516977160771146e+00
-1.370052873813581318e+00
-1.366588770466391711e+00
-1.363124667119202105e+00
-1.359660563772012054e+00
-1.356196460424822225e+00
-1.352732357077632619e+00
-1.349268253730443012e+00
-1.345804150383253184e+00
-1.342340047036063133e+00
-1.338875943688873527e+00
-1.335411840341683920e+00
-1.331947736994494091e+00
-1.328483633647304041e+00
-1.325019530300114434e+00
-1.321555426952924828e+00
-1.318091323605734999e+00
-1.314627220258544948e+00
-1.311163116911355342e+00
-1.307699013564165735e+00
-1.304234910216975907e+00
-1.300770806869786078e+00
-1.297306703522596250e+00
-1.293842600175406643e+00
-1.290378496828216814e+00
-1.286914393481026986e+00
-1.283450290133837157e+00
-1.279986186786647551e+00
-1.276522083439457722e+00
-1.273057980092267893e+00
-1.269593876745078287e+00
-1.266129773397888458e+00
-1.262665670050698630e+00
-1.259201566703508801e+00
-1.255737463356319195e+00
-1.252273360009129366e+00
-1.248809256661939537e+00
-1.245345153314749709e+00
-1.241881049967560102e+00
-1.238416946620370496e+00
-1.234952843273180445e+00
-1.231488739925990616e+00
-1.228024636578801010e+00
-1.224560533231611403e+00
-1.221096429884421353e+00
-1.217632326537231524e+00
-1.214168223190041918e+00
-1.210704119842852311e+00
-1.207240016495662260e+00
-1.203775913148472432e+00
-1.200311809801282825e+00
-1.196847706454093219e+00
-1.193383603106903390e+00
-1.189919499759713339e+00
-1.186455396412523733e+00
-1.182991293065334126e+00
-1.179527189718144298e+00
-1.176063086370954247e+00
-1.172598983023764641e+00
-1.169134879676575034e+00
-1.165670776329385205e+00
-1.162206672982195155e+00
-1.158742569635005548e+00
-1.155278466287815942e+00
-1.151814362940626113e+00
-1.148350259593436284e+00
-1.144886156246246456e+00
-1.141422052899056849e+00
-1.137957949551867021e+00
-1.134493846204677192e+00
-1.131029742857487363e+00
-1.127565639510297757e+00
-1.124101536163107928e+00
-1.120637432815918100e+00
-1.117173329468728493e+00
-1.113709226121538665e+00
-1.110245122774348836e+00
-1.106781019427159007e+00
-1.103316916079969401e+00
-1.099852812732779572e+00
-1.096388709385589744e+00
-1.092924606038399915e+00
-1.089460502691210309e+00
-1.085996399344020702e+00
-1.082532295996830651e+00
-1.079068192649641045e+00
-1.075604089302451216e+00
-1.072139985955261388e+00
-1.068675882608071559e+00
-1.065211779260881952e+00
-1.061747675913692124e+00
-1.058283572566502295e+00
-1.054819469219312467e+00
-1.051355365872122860e+00
-1.047891262524933031e+00
-1.044427159177743203e+00
-1.040963055830553596e+00
-1.037498952483363768e+00
-1.034034849136173939e+00
-1.030570745788984111e+00
-1.027106642441794504e+00
-1.023642539094604675e+00
-1.020178435747414847e+00
-1.016714332400225018e+00
-1.013250229053035412e+00
-1.009786125705845583e+00
-1.006322022358655754e+00
-1.002857919011466148e+00
-9.993938156642763193e-01
-9.959297123170864907e-01
-9.924656089698967731e-01
-9.890015056227069445e-01
-9.855374022755172270e-01
-9.820732989283273984e-01
-9.786091955811376808e-01
-9.751450922339478522e-01
-9.716809888867581346e-01
-9.682168855395684171e-01
-9.647527821923785885e-01
-9.612886788451888709e-01
-9.578245754979990423e-01
-9.543604721508093247e-01
-9.508963688036194961e-01
-9.474322654564297785e-01
-9.439681621092399499e-01
-9.405040587620502324e-01
-9.370399554148604038e-01
-9.335758520676706862e-01
-9.301117487204809686e-01
-9.266476453732911400e-01
-9.231835420261014225e-01
-9.197194386789115939e-01
-9.162553353317218763e-01
-9.127912319845320477e-01
-9.093271286373423301e-01
-9.058630252901525015e-01
-9.023989219429627839e-01
-8.989348185957729553e-01
-8.954707152485832378e-01
-8.920066119013935202e-01
-8.885425085542036916e-01
-8.850784052070139740e-01
-8.816143018598241454e-01
-8.781501985126344278e-01
-8.746860951654445993e-01
-8.712219918182548817e-01
-8.677578884710650531e-01
-8.642937851238753355e-01
-8.608296817766855069e-01
-8.573655784294957893e-01
-8.539014750823060718e-01
-8.504373717351162432e-01
-8.469732683879265256e-01
-8.435091650407366970e-01
-8.400450616935469794e-01
-8.365809583463571508e-01
-8.331168549991674332e-01
-8.296527516519776047e-01
-8.261886483047878871e-01
-8.227245449575980585e-01
-8.192604416104083409e-01
-8.157963382632186233e-01
-8.123322349160287947e-01
-8.088681315688390772e-01
-8.054040282216492486e-01
-8.019399248744595310e-01
-7.984758215272697024e-01
-7.950117181800799848e-01
-7.915476148328901562e-01
-7.880835114857004386e-01
-7.846194081385106101e-01
-7.811553047913208925e-01
-7.776912014441311749e-01
-7.742270980969413463e-01
-7.707629947497516287e-01
-7.672988914025618001e-01
-7.638347880553720826e-01
-7.603706847081822540e-01
-7.569065813609925364e-01
-7.534424780138027078e-01
-7.499783746666129902e-01
-7.465142713194231616e-01
-7.430501679722334440e-01
-7.395860646250437265e-01
-7.361219612778538979e-01
-7.326578579306641803e-01
-7.291937545834743517e-01
-7.257296512362846341e-01
-7.222655478890948055e-01
-7.188014445419050880e-01
-7.153373411947152594e-01
-7.118732378475255418e-01
-7.084091345003357132e-01
-7.049450311531459956e-01
-7.014809278059561670e-01
-6.980168244587664494e-01
-6.945527211115767319e-01
-6.910886177643869033e-01
-6.876245144171971857e-01
-6.841604110700073571e-01
-6.806963077228176395e-01
-6.772322043756278109e-01
-6.737681010284380934e-01
-6.703039976812482648e-01
-6.668398943340585472e-01
-6.633757909868687186e-01
-6.599116876396790010e-01
-6.564475842924892834e-01
-6.529834809452994548e-01
-6.495193775981096262e-01
-6.460552742509196866e-01
-6.425911709037298580e-01
-6.391270675565399184e-01
-6.356629642093499788e-01
-6.321988608621601502e-01
-6.287347575149702106e-01
-6.252706541677803820e-01
-6.218065508205904424e-01
-6.183424474734006138e-01
-6.148783441262106741e-01
-6.114142407790208456e-01
-6.079501374318309059e-01
-6.044860340846410773e-01
-6.010219307374511377e-01
-5.975578273902613091e-01
-5.940937240430713695e-01
-5.906296206958814299e-01
-5.871655173486916013e-01
-5.837014140015016617e-01
-5.802373106543118331e-01
-5.767732073071218935e-01
-5.733091039599320649e-01
-5.698450006127421252e-01
-5.663808972655522966e-01
-5.629167939183623570e-01
-5.594526905711725284e-01
-5.559885872239825888e-01
-5.525244838767927602e-01
-5.490603805296028206e-01
-5.455962771824128810e-01
-5.421321738352230524e-01
-5.386680704880331128e-01
-5.352039671408432842e-01
-5.317398637936533445e-01
-5.282757604464635159e-01
-5.248116570992735763e-01
-5.213475537520837477e-01
-5.178834504048938081e-01
-5.144193470577039795e-01
-5.109552437105140399e-01
-5.074911403633242113e-01
-5.040270370161342717e-01
-5.005629336689443321e-01
-4.970988303217545035e-01
-4.936347269745646194e-01
-4.901706236273747352e-01
-4.867065202801848511e-01
-4.832424169329949670e-01
-4.797783135858050829e-01
-4.763142102386151433e-01
-4.728501068914252592e-01
-4.693860035442353751e-01
-4.659219001970454910e-01
-4.624577968498556069e-01
-4.589936935026657228e-01
-4.555295901554758387e-01
-4.520654868082859545e-01
-4.486013834610960704e-01
-4.451372801139061863e-01
-4.416731767667163022e-01
-4.382090734195264181e-01
-4.347449700723365340e-01
-4.312808667251465944e-01
-4.278167633779567103e-01
-4.243526600307668262e-01
-4.208885566835769421e-01
-4.174244533363870580e-01
-4.139603499891971738e-01
-4.104962466420072897e-01
-4.070321432948174056e-01
-4.035680399476275215e-01
-4.001039366004376374e-01
-3.966398332532477533e-01
-3.931757299060578692e-01
-3.897116265588679851e-01
-3.862475232116780455e-01
-3.827834198644881614e-01
-3.793193165172982773e-01
-3.758552131701083932e-01
-3.723911098229185090e-01
-3.689270064757286249e-01
-3.654629031285387408e-01
-3.619987997813488567e-01
-3.585346964341589726e-01
-3.550705930869690885e-01
-3.516064897397792044e-01
-3.481423863925893203e-01
-3.446782830453994362e-01
-3.412141796982094966e-01
-3.377500763510196125e-01
-3.342859730038297283e-01
-3.308218696566398442e-01
-3.273577663094499601e-01
-3.238936629622600760e-01
-3.204295596150701919e-01
-3.169654562678803078e-01
-3.135013529206904237e-01
-3.100372495735005396e-01
-3.065731462263106555e-01
-3.031090428791207714e-01
-2.996449395319308873e-01
-2.961808361847410032e-01
-2.927167328375510635e-01
-2.892526294903611794e-01
-2.857885261431712953e-01
-2.823244227959814112e-01
-2.788603194487915271e-01
-2.753962161016016430e-01
-2.719321127544117589e-01
-2.684680094072218748e-01
-2.650039060600319907e-01
-2.615398027128421066e-01
-2.580756993656522225e-01
-2.546115960184623384e-01
-2.511474926712724542e-01
-2.476833893240825424e-01
-2.442192859768926583e-01
-2.407551826297027742e-01
-2.372910792825128623e-01
-2.338269759353229782e-01
-2.303628725881330941e-01
-2.268987692409432100e-01
-2.234346658937533259e-01
-2.199705625465634418e-01
-2.165064591993735577e-01
-2.130423558521836458e-01
-2.095782525049937617e-01
-2.061141491578038776e-01
-2.026500458106139935e-01
-1.991859424634241094e-01
-1.957218391162342253e-01
-1.922577357690443411e-01
-1.887936324218544293e-01
-1.853295290746645452e-01
-1.818654257274746611e-01
-1.784013223802847770e-01
-1.749372190330948929e-01
-1.714731156859050087e-01
-1.680090123387150969e-01
-1.645449089915252128e-01
-1.610808056443353287e-01
-1.576167022971454446e-01
-1.541525989499555604e-01
-1.506884956027656763e-01
-1.472243922555757922e-01
-1.437602889083858804e-01
-1.402961855611959963e-01
-1.368320822140061122e-01
-1.333679788668162280e-01
-1.299038755196263439e-01
-1.264397721724364598e-01
-1.229756688252465618e-01
-1.195115654780566777e-01
-1.160474621308667798e-01
-1.125833587836768956e-01
-1.091192554364870115e-01
-1.056551520892971274e-01
-1.021910487421072294e-01
-9.872694539491734533e-02
-9.526284204772746123e-02
-9.179873870053756324e-02
-8.833463535334767913e-02
-8.487053200615779502e-02
-8.140642865896789704e-02
-7.794232531177801293e-02
-7.447822196458812882e-02
-7.101411861739824471e-02
-6.755001527020834673e-02
-6.408591192301846262e-02
-6.062180857582857157e-02
-5.715770522863868747e-02
-5.369360188144879642e-02
-5.022949853425890537e-02
-4.676539518706902127e-02
-4.330129183987913022e-02
-3.983718849268924611e-02
-3.637308514549935506e-02
-3.290898179830946402e-02
-2.944487845111957991e-02
-2.598077510392969233e-02
-2.251667175673980129e-02
-1.905256840954991371e-02
-1.558846506236002613e-02
-1.212436171517013682e-02
-8.660258367980249242e-03
-5.196155020790360797e-03
-1.732051673600472569e-03
1.732051673589415659e-03
5.196155020779303670e-03
8.660258367969192114e-03
1.212436171515907969e-02
1.558846506234896900e-02
1.905256840953885658e-02
2.251667175672874416e-02
2.598077510391863520e-02
2.944487845110852278e-02
3.290898179829841036e-02
3.637308514548830141e-02
3.983718849267818551e-02
4.330129183986807656e-02
4.676539518705796067e-02
5.022949853424785172e-02
5.369360188143774276e-02
5.715770522862762687e-02
6.062180857581751792e-02
6.408591192300740202e-02
6.755001527019728613e-02
7.101411861738718412e-02
7.447822196457706823e-02
7.794232531176695233e-02
8.140642865895685032e-02
8.487053200614673443e-02
8.833463535333661854e-02
9.179873870052651652e-02
9.526284204771640063e-02
9.872694539490628474e-02
1.021910487420961688e-01
1.056551520892860668e-01
1.091192554364759509e-01
1.125833587836658350e-01
1.160474621308557330e-01
1.195115654780456171e-01
1.229756688252355012e-01
1.264397721724253854e-01
1.299038755196152695e-01
1.333679788668051813e-01
1.368320822139950654e-01
1.402961855611849495e-01
1.437602889083748336e-01
1.472243922555647178e-01
1.506884956027546019e-01
1.541525989499445137e-01
1.576167022971343978e-01
1.610808056443242819e-01
1.645449089915141661e-01
1.680090123387040502e-01
1.714731156858939343e-01
1.749372190330838184e-01
1.784013223802737302e-01
1.818654257274636143e-01
1.853295290746534985e-01
1.887936324218433826e-01
1.922577357690332667e-01
1.957218391162231508e-01
1.991859424634130349e-01
2.026500458106029467e-01
2.061141491577928309e-01
2.095782525049827150e-01
2.130423558521725991e-01
2.165064591993624832e-01
2.199705625465523673e-01
2.234346658937422792e-01
2.268987692409321633e-01
2.303628725881220474e-01
2.338269759353119315e-01
2.372910792825018156e-01
2.407551826296916997e-01
2.442192859768815838e-01
2.476833893240714957e-01
2.511474926712613520e-01
2.546115960184512361e-01
2.580756993656411757e-01
2.615398027128310598e-01
2.650039060600209440e-01
2.684680094072108281e-01
2.719321127544007122e-01
2.753962161015905963e-01
2.788603194487804804e-01
2.823244227959703645e-01
2.857885261431602486e-01
2.892526294903501327e-01
2.927167328375400168e-01
2.961808361847299009e-01
2.996449395319197850e-01
3.031090428791096691e-01
3.065731462262996088e-01
3.100372495734894929e-01
3.135013529206793770e-01
3.169654562678692611e-01
3.204295596150591452e-01
3.238936629622490293e-01
3.273577663094389134e-01
3.308218696566287975e-01
3.342859730038186816e-01
3.377500763510085657e-01
3.412141796981984498e-01
3.446782830453883339e-01
3.481423863925782181e-01
3.516064897397681577e-01
3.550705930869580418e-01
3.585346964341479259e-01
3.619987997813378100e-01
3.654629031285276941e-01
3.689270064757175782e-01
3.723911098229074623e-01
3.758552131700973464e-01
3.793193165172872305e-01
3.827834198644771146e-01
3.862475232116669988e-01
3.897116265588568829e-01
3.931757299060467670e-01
3.966398332532367066e-01
4.001039366004265907e-01
4.035680399476164748e-01
4.070321432948063589e-01
4.104962466419962430e-01
4.139603499891861271e-01
4.174244533363760112e-01
4.208885566835658953e-01
4.243526600307557795e-01
4.278167633779456636e-01
4.312808667251355477e-01
4.347449700723254318e-01
4.382090734195153159e-01
4.416731767667052000e-01
4.451372801138951396e-01
4.486013834610850237e-01
4.520654868082749078e-01
4.555295901554647919e-01
4.589936935026546760e-01
4.624577968498445601e-01
4.659219001970344443e-01
4.693860035442243284e-01
4.728501068914142125e-01
4.763142102386040966e-01
4.797783135857939807e-01
4.832424169329838648e-01
4.867065202801737489e-01
4.901706236273636885e-01
4.936347269745535726e-01
4.970988303217434567e-01
5.005629336689333408e-01
5.040270370161231694e-01
5.074911403633131091e-01
5.109552437105029377e-01
5.144193470576928773e-01
5.178834504048828169e-01
5.213475537520726455e-01
5.248116570992625851e-01
5.282757604464524137e-01
5.317398637936423533e-01
5.352039671408321819e-01
5.386680704880221215e-01
5.421321738352119501e-01
5.455962771824018898e-01
5.490603805295917184e-01
5.525244838767816580e-01
5.559885872239714866e-01
5.594526905711614262e-01
5.629167939183513658e-01
5.663808972655411944e-01
5.698450006127311340e-01
5.733091039599209626e-01
5.767732073071109022e-01
5.802373106543007308e-01
5.837014140014906705e-01
5.871655173486804991e-01
5.906296206958704387e-01
5.940937240430602673e-01
5.975578273902502069e-01
6.010219307374400355e-01
6.044860340846299751e-01
6.079501374318199147e-01
6.114142407790097433e-01
6.148783441261996829e-01
6.183424474733895115e-01
6.218065508205794512e-01
6.252706541677692798e-01
6.287347575149592194e-01
6.321988608621490480e-01
6.356629642093389876e-01
6.391270675565288162e-01
6.425911709037187558e-01
6.460552742509085844e-01
6.495193775980985240e-01
6.529834809452884636e-01
6.564475842924782922e-01
6.599116876396682319e-01
6.633757909868580604e-01
6.668398943340480001e-01
6.703039976812378287e-01
6.737681010284277683e-01
6.772322043756175969e-01
6.806963077228075365e-01
6.841604110699973651e-01
6.876245144171873047e-01
6.910886177643771333e-01
6.945527211115670729e-01
6.980168244587570126e-01
7.014809278059468411e-01
7.049450311531367808e-01
7.084091345003266094e-01
7.118732378475165490e-01
7.153373411947063776e-01
7.188014445418963172e-01
7.222655478890861458e-01
7.257296512362760854e-01
7.291937545834659140e-01
7.326578579306558536e-01
7.361219612778456822e-01
7.395860646250356218e-01
7.430501679722255615e-01
7.465142713194153901e-01
7.499783746666053297e-01
7.534424780137951583e-01
7.569065813609850979e-01
7.603706847081749265e-01
7.638347880553648661e-01
7.672988914025546947e-01
7.707629947497446343e-01
7.742270980969344629e-01
7.776912014441244025e-01
7.811553047913142311e-01
7.846194081385041708e-01
7.880835114856941104e-01
7.915476148328839390e-01
7.950117181800738786e-01
7.984758215272637072e-01
8.019399248744536468e-01
8.054040282216434754e-01
8.088681315688334150e-01
8.123322349160232436e-01
8.157963382632131832e-01
8.192604416104030118e-01
8.227245449575929515e-01
8.261886483047827801e-01
8.296527516519727197e-01
8.331168549991625483e-01
8.365809583463524879e-01
8.400450616935424275e-01
8.435091650407322561e-01
8.469732683879221957e-01
8.504373717351120243e-01
8.539014750823019639e-01
8.573655784294917925e-01
8.608296817766817322e-01
8.642937851238715607e-01
8.677578884710615004e-01
8.712219918182513290e-01
8.746860951654412686e-01
8.781501985126310972e-01
8.816143018598210368e-01
8.850784052070109764e-01
8.885425085542008050e-01
8.920066119013907446e-01
8.954707152485805732e-01
8.989348185957705129e-01
9.023989219429603414e-01
9.058630252901502811e-01
9.093271286373401097e-01
9.127912319845300493e-01
9.162553353317198779e-01
9.197194386789098175e-01
9.231835420260996461e-01
9.266476453732895857e-01
9.301117487204795253e-01
9.335758520676693539e-01
9.370399554148592935e-01
9.405040587620491221e-01
9.439681621092390618e-01
9.474322654564288904e-01
9.508963688036188300e-01
9.543604721508086586e-01
9.578245754979985982e-01
9.612886788451884268e-01
9.647527821923783664e-01
9.682168855395681950e-01
9.716809888867581346e-01
9.751450922339480742e-01
9.786091955811379028e-01
9.820732989283278425e-01
9.855374022755176711e-01
9.890015056227076107e-01
9.924656089698974393e-01
9.959297123170873789e-01
9.993938156642772075e-01
1.002857919011467036e+00
1.006322022358657087e+00
1.009786125705846915e+00
1.013250229053036744e+00
1.016714332400226573e+00
1.020178435747416623e+00
1.023642539094606452e+00
1.027106642441796280e+00
1.030570745788986331e+00
1.034034849136176160e+00
1.037498952483365988e+00
1.040963055830555817e+00
1.044427159177745867e+00
1.047891262524935696e+00
1.051355365872125525e+00
1.054819469219315353e+00
1.058283572566505404e+00
1.061747675913695232e+00
1.065211779260885061e+00
1.068675882608075112e+00
1.072139985955264940e+00
1.075604089302454769e+00
1.079068192649644597e+00
1.082532295996834648e+00
1.085996399344024477e+00
1.089460502691214305e+00
1.092924606038404134e+00
1.096388709385594185e+00
1.099852812732784013e+00
1.103316916079973842e+00
1.106781019427163670e+00
1.110245122774353721e+00
1.113709226121543550e+00
1.117173329468733378e+00
1.120637432815923429e+00
1.124101536163113257e+00
1.127565639510303086e+00
1.131029742857492915e+00
1.134493846204682965e+00
1.137957949551872794e+00
1.141422052899062622e+00
1.144886156246252451e+00
1.148350259593442502e+00
1.151814362940632330e+00
1.155278466287822159e+00
1.158742569635012210e+00
1.162206672982202038e+00
1.165670776329391867e+00
1.169134879676581695e+00
1.172598983023771746e+00
1.176063086370961575e+00
1.179527189718151403e+00
1.182991293065341232e+00
1.186455396412531282e+00
1.189919499759721111e+00
1.193383603106910940e+00
1.196847706454100768e+00
1.200311809801290819e+00
1.203775913148480647e+00
1.207240016495670476e+00
1.210704119842860527e+00
1.214168223190050355e+00
1.217632326537240184e+00
1.221096429884430012e+00
1.224560533231620063e+00
1.228024636578809892e+00
1.231488739925999720e+00
1.234952843273189549e+00
1.238416946620379600e+00
1.241881049967569428e+00
1.245345153314759257e+00
1.248809256661949085e+00
1.252273360009139136e+00
1.255737463356328965e+00
1.259201566703518793e+00
1.262665670050708844e+00
1.266129773397898672e+00
1.269593876745088501e+00
1.273057980092278330e+00
1.276522083439468380e+00
1.279986186786658209e+00
1.283450290133848037e+00
1.286914393481037866e+00
1.290378496828227917e+00
1.293842600175417745e+00
1.297306703522607574e+00
1.300770806869797624e+00
1.304234910216987453e+00
1.307699013564177282e+00
1.311163116911367110e+00
1.314627220258557161e+00
1.318091323605746990e+00
1.321555426952936818e+00
1.325019530300126647e+00
1.328483633647316697e+00
1.331947736994506526e+00
1.335411840341696355e+00
1.338875943688886183e+00
1.342340047036076234e+00
1.345804150383266062e+00
1.349268253730455891e+00
1.352732357077645942e+00
1.356196460424835770e+00
1.359660563772025599e+00
1.363124667119215427e+00
1.366588770466405478e+00
1.370052873813595307e+00
1.373516977160785135e+00
1.376981080507974964e+00
1.380445183855165014e+00
1.383909287202354843e+00
1.387373390549544672e+00
1.390837493896734722e+00
1.394301597243924551e+00
1.397765700591114379e+00
1.401229803938304208e+00
1.404693907285494259e+00
1.408158010632684087e+00
1.411622113979873916e+00
1.415086217327063745e+00
1.418550320674253795e+00
1.422014424021443624e+00
1.425478527368633452e+00
1.428942630715823281e+00
1.432406734063013332e+00
1.435870837410203160e+00
1.439334940757392989e+00
1.442799044104583039e+00
1.446263147451772868e+00
1.449727250798962697e+00
1.453191354146152525e+00
1.456655457493342576e+00
1.460119560840532404e+00
1.463583664187722233e+00
1.467047767534912062e+00
1.470511870882102112e+00
1.473975974229291941e+00
1.477440077576481769e+00
1.480904180923671820e+00
1.484368284270861649e+00
1.487832387618051477e+00
1.491296490965241306e+00
1.494760594312431357e+00
1.498224697659621185e+00
1.501688801006811014e+00
1.505152904354000842e+00
1.508617007701190893e+00
1.512081111048380722e+00
1.515545214395570550e+00
1.519009317742760379e+00
1.522473421089950429e+00
1.525937524437140258e+00
1.529401627784330087e+00
1.532865731131520137e+00
1.536329834478709966e+00
1.539793937825899794e+00
1.543258041173089623e+00
1.546722144520279674e+00
1.550186247867469502e+00
1.553650351214659331e+00
1.557114454561849159e+00
1.560578557909039210e+00
1.564042661256229039e+00
1.567506764603418867e+00
1.570970867950608696e+00
1.574434971297798747e+00
1.577899074644988575e+00
1.581363177992178404e+00
1.584827281339368454e+00
1.588291384686558283e+00
1.591755488033748112e+00
1.595219591380937940e+00
1.598683694728127991e+00
1.602147798075317819e+00
1.605611901422507648e+00
1.609076004769697477e+00
1.612540108116887527e+00
1.616004211464077356e+00
1.619468314811267184e+00
1.622932418158457235e+00
1.626396521505647064e+00
1.629860624852836892e+00
1.633324728200026721e+00
1.636788831547216772e+00
1.640252934894406600e+00
1.643717038241596429e+00
1.647181141588786257e+00
1.650645244935976308e+00
1.654109348283166137e+00
1.657573451630355965e+00
1.661037554977545794e+00
1.664501658324735844e+00
1.667965761671925673e+00
1.671429865019115502e+00
1.674893968366305552e+00
1.678358071713495381e+00
1.681822175060685209e+00
1.685286278407875038e+00
1.688750381755065089e+00
1.692214485102254917e+00
1.695678588449444746e+00
1.699142691796634574e+00
1.702606795143824625e+00
1.706070898491014454e+00
1.709535001838204282e+00
1.712999105185394333e+00
1.716463208532584162e+00
1.719927311879773990e+00
1.723391415226963819e+00
1.726855518574153869e+00
1.730319621921343698e+00
