-0.0001744054986520246
-0.0006600176252819276
-0.0014100639945630606
-0.0023519334653526666
-0.003450965816205779
-0.004686708052944457
-0.0060447429308829285
-0.007514773051770228
-0.00908864211395327
-0.0107597684999214
-0.012522705514529699
-0.014372793577815283
-0.016306016101787477
-0.018318850676027273
-0.02040816732318197
-0.022571163036387856
-0.02480530021316841
-0.027108257259592223
-0.029477870764902558
-0.03191206620716926
-0.034408845093715106
-0.03696648459439811
-0.03958405466087371
-0.04226191290609489
-0.04500113705817891
-0.04780084792767236
-0.05065420118451145
-0.053546900058687175
-0.056463005135744135
-0.05939812239242174
-0.06237158407302326
-0.06542527966037562
-0.06860431016372118
-0.0719295799637116
-0.07538108603299361
-0.07890359968710482
-0.0824297250681341
-0.08590445378785438
-0.08929853049476283
-0.09260895777592279
-0.09585254414898794
-0.09905841774207742
-0.1022618763730957
-0.10549958285134278
-0.10880582910628613
-0.11220990552744532
-0.11573459377287824
-0.1193956010914142
-0.12320166003880925
-0.12715503381859677
-0.13125223816871076
-0.13548492418939956
-0.1398410160987331
-0.144306201185277
-0.14886558718043424
-0.15350488221624173
-0.15821024656349972
-0.16296650664531792
-0.16775472358741533
-0.17255134687983756
-0.1773310765397749
-0.18207347522920145
-0.18677029895209493
-0.19142873331861643
-0.1960671004503102
-0.20070382535662792
-0.20534487053767822
-0.2099763214784453
-0.21456615226687772
-0.21907419742827575
-0.22346533635743845
-0.22772014384947553
-0.23183951970866232
-0.23584303623026348
-0.23976299320507352
-0.2436368099848064
-0.2474999014535337
-0.251380336306602
-0.2552958035094025
-0.2592528202886611
-0.26324770524363583
-0.2672686526897891
-0.27129831169175206
-0.2753165248370713
-0.2793031323642606
-0.2832407990835683
-0.2871176118207036
-0.2909288794930741
-0.29467745738893414
-0.2983722730819097
-0.30202553129541987
-0.30564991991747004
-0.3092574232384292
-0.3128606563974289
-0.31647613574326805
-0.32012740425096087
-0.3238454581502576
-0.3276649972569093
-0.331617218541493
-0.33572196827858125
-0.33998278684064026
-0.3443872288919445
-0.348912450738254
-0.35353375942228227
-0.3582327791725888
-0.3630024324710401
-0.3678475086280247
-0.37278129696704965
-0.3778199003249176
-0.38297618534507527
-0.38825500955151404
-0.393650687330943
-0.39914690778762435
-0.4047187158251362
-0.41033584044724986
-0.41596661774583193
-0.4215819134797665
-0.4271586367252797
-0.43268251492442034
-0.43814975671203193
-0.44356718933399225
-0.44895060731990305
-0.45432150308109215
-0.45970295574808406
-0.4651159200803159
-0.4705771343719654
-0.47609921318609993
-0.4816924366823142
-0.48736683295727734
-0.49313292980066276
-0.4990002439097909
-0.5049738751570524
-0.5110507928431954
-0.517217852912175
-0.5234529883315514
-0.5297296636915866
-0.5360232730776424
-0.5423173700067082
-0.5486077507979857
-0.5549032878951793
-0.5612235537399362
-0.567594216551229
-0.5740416559105835
-0.5805882049013995
-0.5872490108725079
-0.594030927194032
-0.600933307323498
-0.6079502082589927
-0.6150733605686498
-0.6222952708215109
-0.6296118935199038
-0.6370243799151565
-0.6445394933882511
-0.652168448059711
-0.6599242403399429
-0.6678179745615022
-0.67585508954625
-0.6840325658416375
-0.6923379787927311
-0.700750672531117
-0.7092445785785529
-0.7177916229523608
-0.7263645388288914
-0.7349382984640309
-0.7434901079336569
-0.7519986131986566
-0.7604433042634051
-0.7688049259210235
-0.7770671227687087
-0.7852188685733122
-0.7932567798485127
-0.8011863673988532
-0.8090216076320907
-0.8167827425266742
-0.824492735222234
-0.8321731600030104
-0.8398404148840236
-0.8475030157841625
-0.8551604334501444
-0.8628035767499649
-0.8704167119801869
-0.8779803931628595
-0.8854748611333838
-0.892883320450475
-0.9001945104940795
-0.9074040739508124
-0.9145144286367222
-0.9215331715709039
-0.9284704278126731
-0.9353358831566929
-0.942136376633755
-0.948874789235464
-0.9555505605255706
-0.9621616187473531
-0.9687070215969649
-0.9751893666646995
-0.9816161409573911
-0.9879995924442484
-0.9943552508437894
-1.000699677662129
-1.0070482151167397
-1.0134133826074414
-1.0198042245615682
-1.0262265107529347
-1.0326833916362563
-1.0391760109636228
-1.045703682016915
-1.0522634773903083
-1.058849364080547
-1.0654512350698793
-1.072054278203031
-1.0786390676668356
-1.085182595757996
-1.0916602397400288
-1.0980484338291723
-1.1043276281524483
-1.1104849947958328
-1.1165163157007578
-1.1224265835102167
-1.1282290689569496
-1.1339429264301353
-1.1395897561363348
-1.1451898255803816
-1.1507587805752637
-1.1563055794406527
-1.1618320592683975
-1.1673340729990966
-1.1728036775488193
-1.1782315783272226
-1.183609050652624
-1.1889288496743813
-1.1941850582608975
-1.1993722257827497
-1.2044843701914285
-1.20951439236933
-1.214454228006632
-1.2192957491389165
-1.224032150213137
-1.2286594029307132
-1.2331773699695068
-1.2375902999935169
-1.2419066187391663
-1.246138113610985
-1.2502987354317683
-1.2544032957681437
-1.258466328574374
-1.2625013232398483
-1.2665204318118648
-1.2705346174545902
-1.274554068589315
-1.2785885950371476
-1.2826476954089703
-1.2867400683137658
-1.2908725261544962
-1.2950485097110052
-1.2992666151799064
-1.3035196497553363
-1.307794670746058
-1.312074233084078
-1.316338731492799
-1.3205693875505642
-1.32475121953304
-1.3288753233242014
-1.3329399860193394
-1.3369504724775876
-1.3409176527546423
-1.3448558731974136
-1.348780565283128
-1.3527060403411424
-1.3566437803256184
-1.3606013632631815
-1.3645820076414583
-1.3685846141795903
-1.3726041357795813
-1.376632110417967
-1.3806572333459175
-1.3846659090061908
-1.3886427932183125
-1.3925713924363168
-1.3964348073753559
-1.4002166786930061
-1.4039023175735597
-1.4074799114813383
-1.4109416239073584
-1.4142843863808827
-1.4175102165682927
-1.4206259704066468
-1.4236425254850205
-1.426573483621741
-1.4294335679586316
-1.4322369627277864
-1.4349958750828202
-1.437719557873961
-1.4404139147192898
-1.4430816502158892
-1.4457227915449264
-1.448335346467208
-1.4509158910724307
-1.453459971781878
-1.455962313953118
-1.4584169146768498
-1.4608171408417816
-1.4631559547831425
-1.4654263580398714
-1.4676220895813943
-1.4697385467330812
-1.471773822150116
-1.4737296786702623
-1.475612232633051
-1.4774321085836608
-1.4792038860022112
-1.4809447883135338
-1.482672744733316
-1.4844041364894276
-1.48615165703497
-1.487922720387488
-1.4897187296393464
-1.4915353030984755
-1.4933633185749209
-1.4951904560056832
-1.497002851271472
-1.4987865313199318
-1.5005284466201854
-1.502217086226831
-1.5038427891806838
-1.5053979175645544
-1.5068770326535688
-1.5082771441921794
-1.5095980178458215
-1.5108424523314916
-1.5120163899742955
-1.5131287125970945
-1.514190608270238
-1.5152144773814176
-1.5162124672310822
-1.5171948514138653
-1.5181685590439933
-1.5191361690341192
-1.5200955994288707
-1.521040559770026
-1.5219616460179082
-1.5228478063208746
-1.523687842692412
-1.5244716550220814
-1.5251910564378113
-1.5258401419890402
-1.5264153210971552
-1.5269151910502519
-1.5273404239632387
-1.5276937761422844
-1.527980232307173
-1.528207197092702
-1.5283845717536921
-1.5285245305379669
-1.5286408543348189
-1.5287477860121057
-1.528858516089923
-1.5289835443786897
-1.5291292446176787
-1.5292969518561448
-1.5294827925102519
-1.5296783130362985
-1.5298717854436008
-1.5300499301206103
-1.5301997356392143
-1.5303100791183342
-1.5303729382891877
-1.5303840999365803
-1.530343371958207
-1.5302543751075395
-1.5301240207715538
-1.5299617810402324
-1.5297788396176073
-1.52958718818774
-1.5293987109402671
-1.529224285819005
-1.5290729281898754
-1.5289510114639784
-1.528861616248565
-1.5288040776615703
-1.5287738102295692
-1.5287624821294998
-1.528758579219743
-1.528748344367009
-1.5287170080678658
-1.5286501603733766
-1.528535073856665
-1.5283617897941584
-1.5281238271980127
-1.527818451344444
-1.5274465182809986
-1.5270119700385107
-1.5265210817043202
-1.5259815625355555
-1.5254016037148264
-1.524788956290704
-1.524150114873695
-1.5234896686174193
-1.5228098552343465
-1.522110319887819
-1.5213880517297589
-1.5206374609138362
-1.519850573260005
-1.519017349055246
-1.5181261570754985
-1.5171644362244672
-1.5161195490759922
-1.5149797840437638
-1.5137354154478027
-1.512379700603681
-1.5109096862227094
-1.509326708064093
-1.5076364908145206
-1.505848788958522
-1.5039765603587931
-1.5020347365421118
-1.5000387376003155
-1.4980029490238402
-1.4959394014338812
-1.4938568544881912
-1.4917603920229658
-1.4896515191624327
-1.4875286533461045
-1.4853878482563443
-1.4832235894045733
-1.4810295404969889
-1.4787991792475959
-1.4765263193243998
-1.4742055567834207
-1.4718326961791872
-1.4694052002034053
-1.466922669159813
-1.4643873018824154
-1.461804234953341
-1.459181624572293
-1.4565303450886695
-1.45386323793946
-1.451193943830965
-1.4485354610704086
-1.4458986573806494
-1.4432909907660147
-1.440715655121613
-1.438171270043891
-1.4356521125732744
-1.4331487795757505
-1.4306491047633707
-1.4281391483125856
-1.4256041229502823
-1.4230291945558993
-1.4204001672094133
-1.4177041066005853
-1.414929959793016
-1.4120691971683017
-1.4091164490359944
-1.406070054181881
-1.4029323980537727
-1.3997099072254062
-1.3964125917380648
-1.3930530891197193
-1.389645256189915
-1.3862024598581832
-1.3827358096965818
-1.3792526238633624
-1.3757554039033129
-1.3722415084264545
-1.3687035785930044
-1.365130616319005
-1.3615094920883222
-1.3578265966790193
-1.3540693620713942
-1.3502274492926687
-1.3462935059152
-1.3422634998251655
-1.3381367124559207
-1.3339155111408942
-1.3296050169969276
-1.3252127513045038
-1.3207482938638158
-1.3162229370955132
-1.3116492849976482
-1.3070407382729703
-1.3024108305260762
-1.2977724296846007
-1.2931368780124393
-1.2885131919405526
-1.2839074598345572
-1.2793225513384245
-1.274758189614128
-1.2702113551016267
-1.2656769125127247
-1.2611483074946832
-1.2566181816904813
-1.2520788044698905
-1.2475222995360913
-1.2429407274004685
-1.2383261418696843
-1.2336707504555016
-1.2289672704160182
-1.2242094958492096
-1.2193930012510514
-1.2145158321164549
-1.2095789975676767
-1.2045865953713262
-1.1995454625098483
-1.1944643382680373
-1.1893526282401092
-1.184218943211418
-1.1790696379541004
-1.1739075811873019
-1.1687313486815967
-1.1635349561445982
-1.1583081546972813
-1.1530372208917745
-1.147706104755538
-1.1422977652422475
-1.1367955243631054
-1.1311843011292064
-1.125451630314716
-1.1195884144611448
-1.113589390367717
-1.1074533104278872
-1.1011828478655803
-1.0947842397743517
-1.08826668902285
-1.0816415589820416
-1.0749214140813699
-1.068118982610388
-1.061246142165029
-1.0543130462886776
-1.0473275140387643
-1.0402947828781535
-1.0332176745243904
-1.0260971481280599
-1.0189331318514216
-1.0117254563774842
-1.0044746845498027
-0.9971826523956189
-0.9898526053069181
-0.9824889122948854
-0.9750964459294836
-0.9676797998459036
-0.9602425589631237
-0.9527868289146835
-0.9453131716180354
-0.9378209964105282
-0.9303093435000058
-0.9227778961289995
-0.9152279951304809
-0.9076634204184173
-0.9000907502426474
-0.892519197899893
-0.8849599335120595
-0.8774249984314155
-0.8699259891114424
-0.8624727135047812
-0.8550720065697334
-0.8477268438200602
-0.8404358309803978
-0.8331930917104181
-0.8259885362280723
-0.8188084744249424
-0.81163653154195
-0.8044548211005758
-0.7972453175012696
-0.7899913445284038
-0.7826790599151975
-0.7752987819578936
-0.7678459871354735
-0.7603218205569308
-0.7527330094075705
-0.7450911496505205
-0.7374114355346918
-0.7297110011168783
-0.7220071213850644
-0.7143155575704017
-0.7066493132953335
-0.6990179932125672
-0.6914278360847496
-0.6838823556165372
-0.6763833980322358
-0.6689323465804257
-0.6615311892621591
-0.6541832187515358
-0.6468932365050973
-0.6396672580560199
-0.6325118317484572
-0.625433162428619
-0.6184362601746628
-0.6115243111079517
-0.6046984040327315
-0.5979576623817704
-0.5912997471673256
-0.5847216313433012
-0.5782205095756342
-0.5717947011540089
-0.565444421102752
-0.5591723246556286
-0.5529837625180934
-0.5468867119519271
-0.5408913703580436
-0.5350094171318884
-0.5292529717733747
-0.523633306205243
-0.518159407858091
-0.5128365328090481
-0.507664925282683
-0.5026388979088205
-0.4977464534069751
-0.49296957519697204
-0.48828522389444
-0.4836669625027612
-0.47908701877299625
-0.47451850573541593
-0.4699374835317276
-0.4653245687760324
-0.4606658783424182
-0.4559532155959795
-0.45118354255200877
-0.44635790275400505
-0.4414800424005499
-0.4365550062718332
-0.4315879573881462
-0.42658339469472967
-0.42154484100068096
-0.4164749684195142
-0.4113760438152088
-0.40625052831426245
-0.4011016583383869
-0.3959338656051715
-0.39075294689385576
-0.38556595455265763
-0.3803808310226103
-0.37520584610746405
-0.37004891272664936
-0.3649168601150526
-0.35981474056103113
-0.3547452434087638
-0.3497082904535773
-0.3447008868358505
-0.3397172939547396
-0.33474956819870666
-0.3297884674198028
-0.32482466849292096
-0.3198501734339026
-0.3148597229295834
-0.30985200070183094
-0.3048304129448751
-0.29980327049240374
-0.29478328451576247
-0.2897863967230225
-0.2848300814244203
-0.2799313547534629
-0.27510478321397147
-0.2703607854530804
-0.26570446657297175
-0.261135125932902
-0.25664646002469566
-0.25222736808646035
-0.24786318260184437
-0.24353710370527146
-0.2392316185147869
-0.23492972603771006
-0.2306158512539448
-0.22627640181140102
-0.22189998318085133
-0.21747733397575808
-0.21300106938634114
-0.20846532926472267
-0.20386542298454888
-0.19919755063570022
-0.1944586627233226
-0.18964649960229307
-0.18475982721703427
-0.17979885687927794
-0.1747658043278895
-0.169665509636492
-0.1645060095046492
-0.15929893402899714
-0.15405959904857036
-0.14880668914877485
-0.14356147781775777
-0.13834660582919353
-0.13318452477966936
-0.1280957919100115
-0.12309745521032622
-0.11820177866271717
-0.11341551975235309
-0.10873989015700138
-0.10417122147323671
-0.09970224306798843
-0.09532378156099748
-0.09102662937606634
-0.08680331327613286
-0.08264952308723804
-0.07856502722301882
-0.07455399010936077
-0.0706246995358308
-0.06678879300235294
-0.06306012947370043
-0.059453481055814855
-0.055983218729988515
-0.05266214303728721
-0.04950057262298211
-0.04650575905166695
-0.043681651822092736
-0.041028997142717565
-0.038545719715534596
-0.036227509275348624
-0.034068513678375066
-0.03206202949364747
-0.030201081911361897
-0.02847880129075557
-0.026888535669424396
-0.02542368592681626
-0.02407730747547032
-0.022841579169316326
-0.02170728352743284
-0.02066345993287893
-0.019697376394296667
-0.01879491564886673
-0.017941396117887712
-0.01712276225121208
-0.016326999618728053
-0.015545573845628366
-0.014774670532451175
-0.014016030346868234
-0.013277226952190656
-0.012571316117037025
-0.011915877986132592
-0.011331564429845769
-0.010840333856731697
-0.010463595283137886
-0.0102204867967912
-0.01012648307800369
-0.01019247064773975
-0.010424359745716686
-0.010823230421998483
-0.011385947786560626
-0.012106134240755479
-0.012975358013811613
-0.013984387312602382
-0.015124365547942175
-0.016387782227988486
-0.017769143285952894
-0.019265281735951018
-0.020875292978639014
-0.022600126445602477
-0.02444191222661243
-0.026403141068361766
-0.028485840422699044
-0.030690890708582132
-0.033017600974762674
-0.035463613763169234
-0.038025143300428235
-0.040697481888161316
-0.04347565096733875
-0.04635503867226404
-0.049331863091992535
-0.05240333168037897
-0.05556742684889561
-0.05882232403227988
-0.06216552595224229
-0.06559285964251309
-0.0690975185461305
-0.07266933409664564
-0.07629443007373267
-0.07995535543051567
-0.08363171838812533
-0.08730126945845472
-0.090941316158668
-0.09453030722212863
-0.09804940449240018
-0.10148386689653016
-0.10482409901326634
-0.10806626002035895
-0.11121237971556226
-0.11426998042916879
-0.11725125248407661
-0.12017187354207218
-0.12304959643193397
-0.1259027532561029
-0.12874883251856306
-0.13160327768329158
-0.13447862846624598
-0.13738408162344834
-0.14032549083314677
-0.1433057634366204
-0.14632555517884377
-0.14938412266241602
-0.1524801750555538
-0.15561257595231495
-0.15878078237845789
-0.1619849645984476
-0.16522581696970837
-0.16850413357813251
-0.1718202701364485
-0.1751736361631726
-0.1785623545078085
-0.18198319057341641
-0.18543179832659917
-0.18890326547202407
-0.19239287866683977
-0.19589698304519307
-0.19941378702003373
-0.20294396686621308
-0.2064909541476252
-0.21006083622655375
-0.21366185671164514
-0.21730355912344074
-0.22099566523087652
-0.2247468141625746
-0.228563307131801
-0.23244800519596492
-0.2363995148024252
-0.24041176927891797
-0.24447407557170026
-0.24857164688868139
-0.25268658739668237
-0.25679924047244795
-0.2608897644040798
-0.26493976648895745
-0.2689338146521317
-0.27286065872830284
-0.27671403110691617
-0.28049295374141087
-0.28420154682645005
-0.2878484025665991
-0.2914456439354991
-0.2950078237063235
-0.2985508277316906
-0.3020909277385061
-0.30564408694829803
-0.3092255648566795
-0.3128498062901151
-0.3165305458390649
-0.32028102191701746
-0.32411418152148685
-0.32804276887713546
-0.3320792248468673
-0.3362353713163042
-0.3405219054849083
-0.3449477732398299
-0.34951952106637585
-0.3542407382660513
-0.3591116950696262
-0.36412925972886384
-0.3692871428272536
-0.37457647487725887
-0.3799866792207382
-0.385506561689654
-0.3911255061808898
-0.3968346449764011
-0.4026278667634013
-0.40850253509089224
-0.4144598154487815
-0.42050454894784994
-0.42664466167089116
-0.4328901560122463
-0.4392517865069696
-0.4457395692655186
-0.4523613029062538
-0.4591212836519754
-0.466019375579524
-0.4730505510050998
-0.48020495223351933
-0.48746845442433223
-0.49482364189366657
-0.5022510581132463
-0.50973056161408
-0.5172426199607181
-0.5247694003793713
-0.532295561830188
-0.5398087093113696
-0.5472995261661334
-0.5547616449080817
-0.562191345484801
-0.569587179473186
-0.5769496102424908
-0.584280736011766
-0.5915841301281894
-0.5988647969365107
-0.6061292085474107
-0.613385363110767
-0.6206427927385277
-0.627912450779493
-0.6352064232935932
-0.6425374359259982
-0.6499181610859486
-0.6573603665900168
-0.66487398050394
-0.6724661726758748
-0.6801405669268373
-0.6878966958547797
-0.6957297913808691
-0.7036309695213661
-0.7115878210080495
-0.7195853664091354
-0.7276072832942179
-0.7356372723122556
-0.7436604062173395
-0.7516643053318722
-0.7596400049958337
-0.767582421325595
-0.7754903740743568
-0.7833661811376343
-0.7912148902169223
-0.7990432528448489
-0.8068585700458544
-0.814667545344922
-0.8224752699579432
-0.8302844393525671
-0.8380948644450573
-0.8459033002562277
-0.8537035759083798
-0.8614869775729127
-0.8692428138394467
-0.8769590824202481
-0.8846231578046857
-0.8922224299028979
-0.8997448416551477
-0.9071792964152222
-0.914515930622359
-0.9217462704002338
-0.9288633085816829
-0.9358615479425163
-0.9427370550571852
-0.9494875571020842
-0.9561125934185204
-0.9626137090103454
-0.9689946537660904
-0.9752615342611044
-0.9814228583667021
-0.9874894183077851
-0.9934739746566403
-0.9993907293591949
-1.0052546061910004
-1.0110803873746368
-1.0168817809705095
-1.0226705113350374
-1.0284555317652084
-1.0342424530013072
-1.0400332634422802
-1.045826388037531
-1.0516170956375743
-1.0573982233758163
-1.0631611468629998
-1.0688968925234412
-1.0745972685961311
-1.080255887697497
-1.0858689672960797
-1.0914358229852426
-1.0969590085551577
-1.1024441004450412
-1.107899165628806
-1.1133339855065412
-1.1187591298379818
-1.1241849824554329
-1.1296208152307667
-1.135073991347895
-1.1405493571973913
-1.1460488579951043
-1.1515713885834473
-1.1571128698324429
-1.1626665238229255
-1.1682233082945752
-1.1737724631485364
-1.17930211932798
-1.1847999230024402
-1.1902536349965664
-1.1956516756249083
-1.2009835967950713
-1.206240474311789
-1.2114152215713079
-1.2165028295398321
-1.2215005363784361
-1.226407924134976
-1.231226931918295
-1.2359617682209314
-1.2406187028729938
-1.245205723720225
-1.2497320549105668
-1.254207551016846
-1.2586420009245594
-1.2630443935980618
-1.2674222109394555
-1.2717808184876214
-1.2761230216224486
-1.2804488435448422
-1.2847555628679168
-1.2890380249786895
-1.2932892144724057
-1.2975010482387415
-1.301665322903146
-1.3057747294176205
-1.3098238348115
-1.313809928908723
-1.3177336431607782
-1.3215992687512148
-1.3254147293664476
-1.3291911972894952
