1.469953582514847978e+00
1.469028303924859280e+00
1.467599176007871042e+00
1.465804551022013014e+00
1.463710470071014846e+00
1.461355904005429807e+00
1.458768323242702669e+00
1.455967348302197761e+00
1.452968520087609905e+00
1.449784379121376920e+00
1.446425303460650902e+00
1.442900171404266629e+00
1.439216636103100244e+00
1.435381409108959172e+00
1.431400454237144571e+00
1.427279112297938024e+00
1.423022218403793948e+00
1.418634196087489974e+00
1.414119167481783235e+00
1.409481085351897978e+00
1.404723757597976963e+00
1.399850466876603861e+00
1.394862985288955359e+00
1.389760631444285632e+00
1.384541351854434721e+00
1.379206821714754616e+00
1.373770082116527291e+00
1.368258373926424021e+00
1.362702067882989976e+00
1.357109536297014252e+00
1.351443943779161661e+00
1.345625474691642509e+00
1.339568194198915485e+00
1.333232271384919176e+00
1.326655819739680275e+00
1.319944071230202853e+00
1.313225440986503845e+00
1.306604741226205624e+00
1.300137714689045820e+00
1.293830072603932235e+00
1.287649788255176730e+00
1.281541361312706462e+00
1.275437535805368672e+00
1.269268454926395284e+00
1.262968779310466250e+00
1.256482699456894281e+00
1.249766807511366595e+00
1.242791175100490753e+00
1.235539163334021806e+00
1.228006459935433670e+00
1.220199703769192290e+00
1.212134802712730330e+00
1.203834765792931805e+00
1.195326864251038845e+00
1.186639473608446682e+00
1.177799825391536048e+00
1.168834289627778800e+00
1.159771777839478712e+00
1.150648375894203213e+00
1.141508956605972847e+00
1.132401726210045645e+00
1.123365625725961658e+00
1.114416363149046907e+00
1.105540247117670294e+00
1.096702366916348481e+00
1.087867615788410847e+00
1.079024632869103328e+00
1.070199930681751788e+00
1.061454530953616970e+00
1.052864964421388771e+00
1.044498149397600661e+00
1.036391098397396959e+00
1.028542096946230000e+00
1.020913852265002530e+00
1.013444820781706168e+00
1.006063704184183338e+00
9.987030234450343658e-01
9.913092968626525670e-01
9.838488201284791845e-01
9.763091754093822239e-01
9.686973771951178369e-01
9.610359198727570496e-01
9.533578636731558920e-01
9.457016162495632816e-01
9.381055897310413005e-01
9.306028143469665670e-01
9.232159892938904822e-01
9.159540528953198368e-01
9.088115647247390072e-01
9.017715143075660800e-01
8.948106469335970203e-01
8.879047872775468475e-01
8.810311006392782529e-01
8.741655503081985357e-01
8.672766662630903012e-01
8.603195900469038371e-01
8.532352618747086614e-01
8.459575652003352708e-01
8.384270577500744226e-01
8.306059247084676134e-01
8.224874202990732908e-01
8.140952576914367578e-01
8.054729629427492821e-01
7.966675856702832847e-01
7.877141388132880007e-01
7.786261077763487748e-01
7.693943670740827079e-01
7.599935954143676176e-01
7.503931106759907932e-01
7.405683969355364438e-01
7.305101987343718406e-01
7.202293493609601693e-01
7.097569273691145542e-01
6.991404818523687670e-01
6.884376907457908645e-01
6.777088860194132591e-01
6.670095796509273312e-01
6.563837687652387398e-01
6.458586480957002607e-01
6.354414416567335522e-01
6.251191409090275375e-01
6.148616511756206382e-01
6.046280211149828165e-01
5.943742760729014973e-01
5.840604891422788159e-01
5.736547674102606686e-01
5.631330752638787907e-01
5.524758250300645379e-01
5.416639093129407279e-01
5.306772686085315938e-01
5.194977699341641886e-01
5.081156960639376940e-01
4.965368216500415932e-01
4.847861911939970181e-01
4.729058509124066112e-01
4.609463610058104344e-01
4.489546052416295563e-01
4.369619205197805001e-01
4.249763164751723665e-01
4.129808876770090231e-01
4.009383410672779369e-01
3.887997687786583501e-01
3.765149075235177945e-01
3.640412041554560441e-01
3.513497971267484088e-01
3.384276281213096649e-01
3.252759290521744506e-01
3.119060236325059687e-01
2.983336683227335584e-01
2.845731410019526897e-01
2.706321499051451696e-01
2.565085014540470776e-01
2.421893087966310032e-01
2.276532047036685658e-01
2.128754259955834283e-01
1.978348146316142031e-01
1.825210075562542500e-01
1.669397579923818098e-01
1.511147397046493368e-01
1.350853100973568033e-01
1.189011396862688225e-01
1.026157202474002467e-01
8.628100560718159062e-02
6.994468328104841426e-02
5.365018449490246977e-02
3.743819693778052682e-02
2.134780007000033203e-02
5.415682494860679999e-03
-1.032699243068282632e-02
-2.585921547539153653e-02
-4.117453979150162424e-02
-5.628346558932014604e-02
-7.121262332174040088e-02
-8.600058177288155692e-02
-1.006910945895204135e-01
-1.153252691126954443e-01
-1.299343498920880746e-01
-1.445345630410715398e-01
-1.591249001278039754e-01
-1.736880390358451764e-01
-1.881940009855614104e-01
-2.026057338811077801e-01
-2.168855888851575209e-01
-2.310015641975535217e-01
-2.449322039895092673e-01
-2.586692058967224317e-01
-2.722171767922541008e-01
-2.855905919305939400e-01
-2.988087434588968527e-01
-3.118900865555600532e-01
-3.248476522147057399e-01
-3.376869298376552475e-01
-3.504068515769767633e-01
-3.630034699362356121e-01
-3.754749894627926743e-01
-3.878263595690539245e-01
-4.000718458936783906e-01
-4.122347855467956013e-01
-4.243447686380125150e-01
-4.364333512306681206e-01
-4.485297661724850227e-01
-4.606578677537040423e-01
-4.728348891003364973e-01
-4.850718238591368303e-01
-4.973746748626888259e-01
-5.097456214003117658e-01
-5.221833550088555986e-01
-5.346822978499895518e-01
-5.472309547232444560e-01
-5.598100678576104494e-01
-5.723914143785022723e-01
-5.849379806117751546e-01
-5.974059279996613014e-01
-6.097483407226306218e-01
-6.219203168641623813e-01
-6.338846063682725962e-01
-6.456167671060483171e-01
-6.571087620473780033e-01
-6.683701041047610536e-01
-6.794260791477310102e-01
-6.903131836829430323e-01
-7.010725744434654905e-01
-7.117428688510353263e-01
-7.223538782200474850e-01
-7.329226716081711501e-01
-7.434527493846567747e-01
-7.539362098002168056e-01
-7.643579182132379524e-01
-7.747001648405918983e-01
-7.849463257951833084e-01
-7.950825968393926413e-01
-8.050977035529971459e-01
-8.149812603825267177e-01
-8.247218692159765663e-01
-8.343060034934309810e-01
-8.437182975911500238e-01
-8.529432645988119788e-01
-8.619679373103245057e-01
-8.707846402616160608e-01
-8.793931118009953307e-01
-8.878014472737365548e-01
-8.960257009607962564e-01
-9.040883324187733994e-01
-9.120159233513307484e-01
-9.198366955114543053e-01
-9.275783416933922609e-01
-9.352665643920151650e-01
-9.429245179491791973e-01
-9.505730914253623931e-01
-9.582316976967450994e-01
-9.659190282599874333e-01
-9.736531816361152503e-01
-9.814507320336643970e-01
-9.893246597104612405e-01
-9.972815206805497601e-01
-1.005318640156488419e+00
-1.013422313066054459e+00
-1.021567878585430966e+00
-1.029722097124768254e+00
-1.037847613062796270e+00
-1.045908646256145769e+00
-1.053876650735705356e+00
-1.061734660722679413e+00
-1.069479412472265967e+00
-1.077120937573811332e+00
-1.084679947680208922e+00
-1.092183778121267768e+00
-1.099661831819003455e+00
-1.107141377381266834e+00
-1.114644292363773825e+00
-1.122185015833027544e+00
-1.129769680250574115e+00
-1.137396191061959660e+00
-1.145054931596880099e+00
-1.152729778433554841e+00
-1.160399191660840490e+00
-1.168037266493117121e+00
-1.175614766342385265e+00
-1.183100264635628340e+00
-1.190461561710609129e+00
-1.197667486703873463e+00
-1.204690051750330060e+00
-1.211506749408840067e+00
-1.218102648104211427e+00
-1.224471901214991609e+00
-1.230618353174633306e+00
-1.236555067190224344e+00
-1.242302769268653684e+00
-1.247887376125326853e+00
-1.253336941029838059e+00
-1.258678490420680474e+00
-1.263935283638519591e+00
-1.269124950935448970e+00
-1.274258740983226446e+00
-1.279341807083504978e+00
-1.284374201026902806e+00
-1.289352126828577250e+00
-1.294269060617472489e+00
-1.299116516606661831e+00
-1.303884444565839740e+00
-1.308561406635139868e+00
-1.313134764176589808e+00
-1.317591107721647115e+00
-1.321917102499971852e+00
-1.326100818831015271e+00
-1.330133486842572488e+00
-1.334011472306366519e+00
-1.337738134108946930e+00
-1.341325126238561705e+00
-1.344792692555780711e+00
-1.348168612599185634e+00
-1.351485703642829383e+00
-1.354778127764842077e+00
-1.358077097528902710e+00
-1.361406798863952661e+00
-1.364781358335874106e+00
-1.368203449377337844e+00
-1.371664723173235290e+00
-1.375147798429739776e+00
-1.378629200670215660e+00
-1.382082513394651713e+00
-1.385481112543490267e+00
-1.388800133722150054e+00
-1.392017644135408627e+00
-1.395115235926043695e+00
-1.398078355912905302e+00
-1.400896641225284789e+00
-1.403564394271864080e+00
-1.406081168554823346e+00
-1.408452296710591023e+00
-1.410689101162750481e+00
-1.412808505213013266e+00
-1.414831826454968855e+00
-1.416782692414803702e+00
-1.418684248389793900e+00
-1.420556069544222755e+00
-1.422411358515934809e+00
-1.424255029129220640e+00
-1.426083114455279244e+00
-1.427883628742530275e+00
-1.429638653664607739e+00
-1.431327131177150935e+00
-1.432927724792449675e+00
-1.434421189900591420e+00
-1.435791927349431729e+00
-1.437028685928323002e+00
-1.438124624198730439e+00
-1.439077069452906921e+00
-1.439887302329247554e+00
-1.440560574655179504e+00
-1.441106384246429117e+00
-1.441538839791122628e+00
-1.441876807002443250e+00
-1.442143482522820097e+00
-1.442365124266983933e+00
-1.442568870397196390e+00
-1.442779853946934532e+00
-1.443018081108890849e+00
-1.443295696317202115e+00
-1.443615243356143774e+00
-1.443969341552966412e+00
-1.444341883643111224e+00
-1.444710523276294900e+00
-1.445049957665426099e+00
-1.445335395016400959e+00
-1.445545641946359261e+00
-1.445665412935973837e+00
-1.445686680183628781e+00
-1.445609077660265251e+00
-1.445439504299174560e+00
-1.445191128960945814e+00
-1.444881999634050507e+00
-1.444533425592558151e+00
-1.444168255624444841e+00
-1.443809133699304637e+00
-1.443476786499946041e+00
-1.443188391779169466e+00
-1.442956093345814983e+00
-1.442785760946079909e+00
-1.442676127722927193e+00
-1.442618456579088715e+00
-1.442596872174819023e+00
-1.442589435624867411e+00
-1.442569934278860933e+00
-1.442510226530440587e+00
-1.442382855863381330e+00
-1.442163571615583173e+00
-1.441833398573702407e+00
-1.441379987953667285e+00
-1.440798129050827159e+00
-1.440089452966267336e+00
-1.439261470790694997e+00
-1.438326138988225589e+00
-1.437298146670136223e+00
-1.436193101201811650e+00
-1.435025771323362509e+00
-1.433808531775291772e+00
-1.432550126667060608e+00
-1.431254819704875780e+00
-1.429921934787906634e+00
-1.428545735088114110e+00
-1.427115569790069927e+00
-1.425616245002055527e+00
-1.424028631194562022e+00
-1.422330566395083373e+00
-1.420498116865495541e+00
-1.418507203429812069e+00
-1.416335510994415570e+00
-1.413964508383982910e+00
-1.411381348181412587e+00
-1.408580403231523892e+00
-1.405564218671322640e+00
-1.402343702239180256e+00
-1.398937439994210497e+00
-1.395370121667718122e+00
-1.391670197583089630e+00
-1.387867048968779882e+00
-1.383988085738127261e+00
-1.380056230869380673e+00
-1.376088174892553306e+00
-1.372093604478403561e+00
-1.368075387469694038e+00
-1.364030508477690251e+00
-1.359951448243669425e+00
-1.355827699537814679e+00
-1.351647189274067573e+00
-1.347397489979434981e+00
-1.343066814303002232e+00
-1.338644865645091775e+00
-1.334123650062272404e+00
-1.329498333002620436e+00
-1.324768152890439810e+00
-1.319937299353451943e+00
-1.315015559563781800e+00
-1.310018474230870478e+00
-1.304966763188771361e+00
-1.299884894332867580e+00
-1.294798858475167069e+00
-1.289733422409416130e+00
-1.284709293343551106e+00
-1.279740681655258117e+00
-1.274833672947841334e+00
-1.269985637019575675e+00
-1.265185669422909109e+00
-1.260415853557114829e+00
-1.255653007946399446e+00
-1.250870571844910240e+00
-1.246040369788185886e+00
-1.241134137049289210e+00
-1.236124824919708542e+00
-1.230987788544663397e+00
-1.225701967812913074e+00
-1.220251110508219439e+00
-1.214624985297108939e+00
-1.208820426925131475e+00
-1.202841980591359272e+00
-1.196701891399980289e+00
-1.190419232344390288e+00
-1.184018082794565219e+00
-1.177524845341683779e+00
-1.170964989109198662e+00
-1.164359682121146822e+00
-1.157722868294447371e+00
-1.151059314037735648e+00
-1.144363986483295070e+00
-1.137622864200183326e+00
-1.130814991592238306e+00
-1.123915351862083911e+00
-1.116898014187579502e+00
-1.109739031638838247e+00
-1.102418704480969680e+00
-1.094923023500633752e+00
-1.087244305964250257e+00
-1.079381182724931776e+00
-1.071338164466857146e+00
-1.063125008894808765e+00
-1.054756046951979220e+00
-1.046249531856376480e+00
-1.037626980029200618e+00
-1.028912406952986469e+00
-1.020131346140315642e+00
-1.011309584333099698e+00
-1.002471639901628908e+00
-9.936391242377298205e-01
-9.848292171235137893e-01
-9.760535192461221587e-01
-9.673174983852537157e-01
-9.586206270575844401e-01
-9.499571518354220645e-01
-9.413172880120826980e-01
-9.326885470150455548e-01
-9.240569083332164091e-01
-9.154076421313104284e-01
-9.067257410229468961e-01
-8.979960772169768290e-01
-8.892035101471659209e-01
-8.803331921148405126e-01
-8.713712466849015126e-01
-8.623058492179711543e-01
-8.531285674202513380e-01
-8.438356772049377952e-01
-8.344291013395395140e-01
-8.249166476515430446e-01
-8.153113432321796861e-01
-8.056298397931107580e-01
-7.958900586226999030e-01
-7.861084065915628916e-01
-7.762969919941177244e-01
-7.664612808479135397e-01
-7.565985594460168384e-01
-7.466974254009710599e-01
-7.367383506412692462e-01
-7.266951867002648946e-01
-7.165373521835763926e-01
-7.062323773186218734e-01
-6.957484840975788343e-01
-6.850569374140019763e-01
-6.741339862000087502e-01
-6.629622962847625534e-01
-6.515318392387293711e-01
-6.398402378897550813e-01
-6.278925857615146322e-01
-6.157007669252948512e-01
-6.032823163989838866e-01
-5.906588857915274771e-01
-5.778544151919843275e-01
-5.648931569061864666e-01
-5.517977423401768666e-01
-5.385875179142599611e-01
-5.252773819516806109e-01
-5.118773138413141854e-01
-4.983926900445144192e-01
-4.848253381134612905e-01
-4.711751211695240915e-01
-4.574417165984627220e-01
-4.436261968345565077e-01
-4.297320602185682459e-01
-4.157654904752351444e-01
-4.017348122576853142e-01
-3.876493096929359283e-01
-3.735177354295707297e-01
-3.593469201223358778e-01
-3.451408758160827706e-01
-3.309006731805078094e-01
-3.166251867752127303e-01
-3.023125878255766841e-01
-2.879622727863254683e-01
-2.735767964619489900e-01
-2.591633610479321947e-01
-2.447345006499978270e-01
-2.303077701555392709e-01
-2.159044529594305317e-01
-2.015474924867586282e-01
-1.872589844586507180e-01
-1.730576168116159108e-01
-1.589564127801102178e-01
-1.449610418666574807e-01
-1.310688474383769064e-01
-1.172686327981626725e-01
-1.035411730156730603e-01
-8.986038314879236932e-02
-7.619506295938703599e-02
-6.251113180013226356e-02
-4.877424394442712169e-02
-3.495262476302284094e-02
-2.101989939337597230e-02
-6.957620451844818803e-03
7.242831115585950455e-03
2.157927343417123667e-02
3.603888861862297732e-02
5.059958188212654306e-02
6.523240231419721868e-02
7.990470292139809083e-02
9.458356818196213267e-02
1.092389668653319518e-01
1.238461220502169863e-01
1.383867331649739629e-01
1.528489129580523909e-01
1.672259664654841549e-01
1.815143759171628790e-01
1.957115056904880634e-01
2.098135678759127376e-01
2.238142886580169189e-01
2.377045194083066693e-01
2.514727982135592232e-01
2.651066479499281647e-01
2.785942459897703949e-01
2.919260461998676726e-01
3.050959777889016289e-01
3.181019661644103880e-01
3.309456815254019912e-01
3.436315805465805506e-01
3.561654309194631218e-01
3.685525778885443415e-01
3.807962238558766366e-01
3.928959591170995136e-01
4.048467244267376919e-01
4.166383246250599526e-01
4.282555599484532682e-01
4.396790004110875949e-01
4.508863922553710823e-01
4.618546431547821962e-01
4.725622757445520072e-01
4.829921654994572822e-01
4.931342975632613257e-01
5.029882065938683366e-01
5.125647292272849098e-01
5.218867249148353427e-01
5.309885221977285186e-01
5.399140199984096000e-01
5.487135910024284469e-01
5.574401520665321907e-01
5.661449332487772379e-01
5.748735492220902188e-01
5.836629328202912470e-01
5.925395367583436990e-01
6.015189787903606478e-01
6.106070474501379408e-01
6.198017543844106525e-01
6.290959616385207731e-01
6.384800569584798691e-01
6.479442027972557305e-01
6.574798269271785456e-01
6.670802170368050898e-01
6.767402817182215369e-01
6.864557017203392064e-01
6.962217876469700695e-01
7.060323728652112552e-01
7.158790132420244090e-01
7.257506636748943807e-01
7.356338867176428487e-01
7.455135489536244275e-01
7.553738932138270856e-01
7.651998423316570541e-01
7.749783839779734729e-01
7.846998915928302676e-01
7.943592409372449703e-01
8.039565810213137320e-01
8.134976182088928809e-01
8.229932867501914551e-01
8.324587222921183693e-01
8.419115346947937395e-01
8.513694881110882573e-01
8.608478217887454154e-01
8.703565567498983135e-01
8.798982010125875330e-01
8.894662644617163938e-01
8.990449117504006882e-01
9.086099231896029860e-01
9.181309236705539334e-01
9.275746178856405511e-01
9.369085835308160748e-01
9.461050657923566476e-01
9.551442131249620049e-01
9.640162983379593209e-01
9.727226564224735750e-01
9.812752979952845678e-01
9.896953742936628329e-01
9.980108325992020912e-01
1.006253683142042998e+00
1.014457294723813741e+00
1.022654060799441211e+00
1.030873657795528420e+00
1.039141984390643980e+00
1.047480751562251511e+00
1.055907605827410167e+00
1.064436618099933618e+00
1.073078954224059078e+00
1.081843551653982161e+00
1.090737650685578819e+00
1.099767061783917477e+00
1.108936090445378220e+00
1.118247088022289448e+00
1.127699651884216836e+00
1.137289560193153415e+00
1.147007590740155125e+00
1.156838430509683935e+00
1.166759919677413659e+00
1.176742875656729970e+00
1.186751697098550107e+00
1.196745849794526251e+00
1.206682194329489421e+00
1.216517951743661285e+00
1.226213952556374442e+00
1.235737713764460954e+00
1.245065867747043420e+00
1.254185538885895346e+00
1.263094418467056057e+00
1.271799496215375136e+00
1.280314625493952807e+00
1.288657285133909758e+00
1.296845019122832454e+00
1.304892066862646693e+00
1.312806640898849020e+00
1.320589182492873714e+00
1.328231756805575925e+00
1.335718572398019166e+00
1.343027455339754983e+00
1.350131998952117884e+00
1.357004056669963932e+00
1.363616246225475281e+00
1.369944177645793459e+00
1.375968189927776919e+00
1.381674466041136418e+00
1.387055480665899454e+00
1.392109811986851131e+00
1.396841414247941726e+00
1.401258500168506727e+00
1.405372220341895906e+00
1.409195347392210751e+00
1.412741171025014175e+00
1.416022780558242156e+00
1.419052850548513156e+00
1.421843954868317494e+00
1.424409325637985502e+00
1.426763865160427969e+00
1.428925136295553955e+00
1.430914023250393408e+00
1.432754785384144691e+00
1.434474321532977603e+00
1.436100605772691496e+00
1.437660419352989383e+00
1.439176654401855382e+00
1.440665572198312594e+00
1.442134440646027249e+00
1.443579943101034990e+00
1.444987648810631464e+00
1.446332681494929773e+00
1.447581544190754466e+00
1.448694887111625418e+00
1.449630871011378330e+00
1.450348703448118393e+00
1.450811918975750014e+00
1.450991032353698529e+00
1.450865300556377191e+00
1.450423462295255428e+00
1.449663459657966946e+00
1.448591265820350582e+00
1.447219032570141284e+00
1.445562825686059094e+00
1.443640235298290442e+00
1.441468136628652141e+00
1.439060840063810298e+00
1.436428813922187908e+00
1.433578092534627979e+00
1.430510399512134878e+00
1.427223925820974681e+00
1.423714612817732705e+00
1.419977714668312574e+00
1.416009368294169013e+00
1.411807896157268871e+00
1.407374614786507605e+00
1.402714016049696699e+00
1.397833313306751757e+00
1.392741476540667600e+00
1.387447991828555161e+00
1.381961646555149414e+00
1.376289646720948667e+00
1.370437313204526442e+00
1.364408490290994092e+00
1.358206654481618259e+00
1.351836564055708623e+00
1.345306170125138978e+00
1.338628441808847436e+00
1.331822754151875898e+00
1.324915546711379566e+00
1.317940070469287850e+00
1.310935179637356951e+00
1.303943268080679285e+00
1.297007573740340813e+00
1.290169160099957635e+00
1.283463921120717499e+00
1.276919944237938864e+00
1.270555512433778844e+00
1.264377943957517125e+00
1.258383371260751504e+00
1.252557461399997907e+00
1.246876987103604062e+00
1.241312076372918627e+00
1.235828903214973185e+00
1.230392537896822569e+00
1.224969658066285438e+00
1.219530837961956715e+00
1.214052184583510829e+00
1.208516174559972622e+00
1.202911654374247963e+00
1.197233084418712012e+00
1.191479215246013634e+00
1.185651463315217313e+00
1.179752288159244822e+00
1.173783855070168025e+00
1.167747198623552363e+00
1.161641994399855271e+00
1.155466919380100821e+00
1.149220460524077447e+00
1.142901940061701316e+00
1.136512483088176317e+00
1.130055666299942363e+00
1.123537652853006774e+00
1.116966723618940449e+00
1.110352238416927984e+00
1.103703177984863615e+00
1.097026506253295564e+00
1.090325636887264249e+00
1.083599281322076280e+00
1.076840901103629511e+00
1.070038897456519589e+00
1.063177563123520741e+00
1.056238714013368218e+00
1.049203826402785644e+00
1.042056439416288782e+00
1.034784546809785821e+00
1.027382697164294312e+00
1.019853545735628586e+00
1.012208651876717713e+00
1.004468389983395937e+00
9.966609346035912864e-01
9.888203842088667539e-01
9.809841922556995497e-01
9.731901648658924930e-01
9.654733472391296978e-01
9.578631434363199526e-01
9.503809893659074248e-01
9.430388272458444243e-01
9.358385206324411065e-01
9.287722189641085535e-01
9.218235507738071766e-01
9.149694171162224832e-01
9.081820893398155903e-01
9.014312987620198836e-01
8.946860414607702428e-01
8.879159013358558505e-01
8.810918031566336017e-01
8.741862239517218525e-01
8.671729940235408662e-01
8.600268890832094559e-01
8.527232401017896812e-01
8.452377644109141386e-01
8.375467573634893803e-01
8.296276937031238363e-01
8.214601911347876317e-01
8.130272042895642093e-01
8.043162595854281838e-01
7.953205180172280286e-01
7.860394646910139338e-01
7.764790667963058501e-01
7.666513080998214047e-01
7.565730883997159317e-01
7.462645603132639360e-01
7.357470530525050956e-01
7.250407943926208132e-01
7.141626807602008409e-01
7.031243565656045691e-01
6.919308452658845532e-01
6.805799261527856192e-01
6.690623750411780479e-01
6.573630896831789139e-01
6.454630116557689146e-01
6.333416494174785027e-01
6.209799184107914760e-01
6.083629592567820765e-01
5.954825859922981968e-01
5.823390576034366273e-01
5.689419537689618389e-01
5.553100572041308469e-01
5.414702811834256613e-01
5.274558093085995880e-01
5.133037137779403736e-01
4.990523718662455699e-01
4.847390004042753664e-01
4.703975777111086831e-01
4.560573343906461630e-01
4.417418877068692851e-01
4.274689894879933338e-01
4.132507722540129658e-01
3.990943241410411790e-01
3.850024049543117055e-01
3.709741317964945773e-01
3.570055067502022061e-01
3.430897212094361493e-01
3.292172399653336412e-01
3.153757311482468517e-01
3.015499551946734802e-01
2.877217497511230793e-01
2.738702444591810115e-01
2.599724107084033231e-01
2.460040012315293512e-01
2.319408701962973329e-01
2.177605953687300200e-01
2.034442599504966420e-01
1.889782026126698711e-01
1.743555185771024640e-01
1.595770984251533853e-01
1.446520271878950492e-01
1.295972322843456370e-01
1.144363581615294029e-01
9.919794642036597332e-02
8.391309759266436796e-02
6.861286823513353117e-02
5.332570051445300469e-02
3.807518249608422140e-02
2.287839531850818092e-02
7.745025742862057458e-03
-7.322677405023412037e-03
-2.232913061101466853e-02
-3.728395169531359410e-02
-5.220000493425927535e-02
-6.709120159824424889e-02
-8.197031449050877494e-02
-9.684704434298048448e-02
-1.117265270622176121e-01
-1.266084023706991468e-01
-1.414864873302298931e-01
-1.563490240362954420e-01
-1.711794092811114165e-01
-1.859572718000845060e-01
-2.006597426011492713e-01
-2.152627652120016333e-01
-2.297423125428575963e-01
-2.440754112398383913e-01
-2.582409179076324834e-01
-2.722200386547901640e-01
-2.859966274752560600e-01
-2.995573330102038190e-01
-3.128916809251424125e-01
-3.259921765257547954e-01
-3.388544892055640467e-01
-3.514777412319055050e-01
-3.638648764336231967e-01
-3.760230397961541460e-01
-3.879638667032103139e-01
-3.997035679344286829e-01
-4.112627068449899448e-01
-4.226655972517973647e-01
-4.339392993450358893e-01
-4.451122486790137223e-01
-4.562126110949770719e-01
-4.672665057405084865e-01
-4.782962720412128887e-01
-4.893189694846084015e-01
-5.003452886971736513e-01
-5.113790183465973804e-01
-5.224171573533863411e-01
-5.334506910511337407e-01
-5.444659714134848505e-01
-5.554465656491360814e-01
-5.663753756318252730e-01
-5.772367928940931314e-01
-5.880186470041451896e-01
-5.987137307791637886e-01
-6.093207401602650508e-01
-6.198445411037134534e-01
-6.302957588792088561e-01
-6.406897641866131643e-01
-6.510451943695719779e-01
-6.613821889012324595e-01
-6.717205329912031564e-01
-6.820778931351546559e-01
-6.924682990412714956e-01
-7.029009849547267486e-01
-7.133796572627363330e-01
-7.239022102134097247e-01
-7.344608714892388868e-01
-7.450427265373438246e-01
-7.556305463607116968e-01
-7.662038288166832523e-01
-7.767399587695046348e-01
-7.872153974024794776e-01
-7.976068243611728059e-01
-8.078921758740297276e-01
-8.180515442911615587e-01
-8.280679255750654777e-01
-8.379278170095424416e-01
-8.476216744512857781e-01
-8.571442355308309669e-01
-8.664947038879775576e-01
-8.756767742737381344e-01
-8.846984654912443125e-01
-8.935717239875553553e-01
-9.023117696928185660e-01
-9.109361781701914573e-01
-9.194637261856357657e-01
-9.279130653453891986e-01
-9.363013230970740342e-01
-9.446427553528641274e-01
-9.529475855358946479e-01
-9.612211589779764420e-01
-9.694635198857913805e-01
-9.776694829666291442e-01
-9.858292266926260705e-01
-9.939293840091648624e-01
-1.001954553470290277e+00
-1.009889104480263589e+00
-1.017719110480714395e+00
-1.025434219564924865e+00
-1.033029267801132134e+00
-1.040505458348217838e+00
-1.047870967567615663e+00
-1.055140893141181646e+00
-1.062336522581545095e+00
