5e-05
0.0001
0.00015000000000000001
0.0002
0.00025
0.00030000000000000003
0.00035000000000000005
0.0004000000000000001
0.0004500000000000001
0.0005000000000000001
0.0005500000000000001
0.0006000000000000002
0.0006500000000000002
0.0007000000000000002
0.0007500000000000002
0.0008000000000000003
0.0008500000000000003
0.0009000000000000003
0.0009500000000000003
0.0010000000000000002
0.0010500000000000002
0.0011
0.00115
0.0012
0.0012499999999999998
0.0012999999999999997
0.0013499999999999996
0.0013999999999999996
0.0014499999999999995
0.0014999999999999994
0.0015499999999999993
0.0015999999999999992
0.0016499999999999991
0.001699999999999999
0.001749999999999999
0.0017999999999999989
0.0018499999999999988
0.0018999999999999987
0.0019499999999999986
0.0019999999999999987
0.002049999999999999
0.002099999999999999
0.002149999999999999
0.0021999999999999993
0.0022499999999999994
0.0022999999999999995
0.0023499999999999997
0.0024
0.00245
0.0025
0.00255
0.0026000000000000003
0.0026500000000000004
0.0027000000000000006
0.0027500000000000007
0.002800000000000001
0.002850000000000001
0.002900000000000001
0.0029500000000000012
0.0030000000000000014
0.0030500000000000015
0.0031000000000000016
0.0031500000000000018
0.003200000000000002
0.003250000000000002
0.003300000000000002
0.0033500000000000023
0.0034000000000000024
0.0034500000000000025
0.0035000000000000027
0.003550000000000003
0.003600000000000003
0.003650000000000003
0.003700000000000003
0.0037500000000000033
0.0038000000000000035
0.0038500000000000036
0.0039000000000000037
0.003950000000000004
0.0040000000000000036
0.004050000000000003
0.004100000000000003
0.004150000000000003
0.004200000000000002
0.004250000000000002
0.004300000000000002
0.0043500000000000014
0.004400000000000001
0.004450000000000001
0.0045000000000000005
0.00455
0.0046
0.00465
0.004699999999999999
0.004749999999999999
0.004799999999999999
0.004849999999999998
0.004899999999999998
0.004949999999999998
0.0049999999999999975
0.005049999999999997
0.005099999999999997
0.005149999999999997
0.005199999999999996
0.005249999999999996
0.005299999999999996
0.005349999999999995
0.005399999999999995
0.005449999999999995
0.0054999999999999945
0.005549999999999994
0.005599999999999994
0.005649999999999994
0.005699999999999993
0.005749999999999993
0.005799999999999993
0.005849999999999992
0.005899999999999992
0.005949999999999992
0.0059999999999999915
0.006049999999999991
0.006099999999999991
0.0061499999999999905
0.00619999999999999
0.00624999999999999
0.00629999999999999
0.006349999999999989
0.006399999999999989
0.006449999999999989
0.006499999999999988
0.006549999999999988
0.006599999999999988
0.0066499999999999875
0.006699999999999987
0.006749999999999987
0.006799999999999987
0.006849999999999986
0.006899999999999986
0.006949999999999986
0.006999999999999985
0.007049999999999985
0.007099999999999985
0.0071499999999999845
0.007199999999999984
0.007249999999999984
0.007299999999999984
0.007349999999999983
0.007399999999999983
0.007449999999999983
0.007499999999999982
0.007549999999999982
0.007599999999999982
0.0076499999999999815
0.007699999999999981
0.007749999999999981
0.0077999999999999806
0.00784999999999998
0.00789999999999998
0.00794999999999998
0.00799999999999998
0.008049999999999979
0.008099999999999979
0.008149999999999978
0.008199999999999978
0.008249999999999978
0.008299999999999978
0.008349999999999977
0.008399999999999977
0.008449999999999977
0.008499999999999976
0.008549999999999976
0.008599999999999976
0.008649999999999975
0.008699999999999975
0.008749999999999975
0.008799999999999975
0.008849999999999974
0.008899999999999974
0.008949999999999974
0.008999999999999973
0.009049999999999973
0.009099999999999973
0.009149999999999972
0.009199999999999972
0.009249999999999972
0.009299999999999971
0.009349999999999971
0.009399999999999971
0.00944999999999997
0.00949999999999997
0.00954999999999997
0.00959999999999997
0.00964999999999997
0.009699999999999969
0.009749999999999969
0.009799999999999968
0.009849999999999968
0.009899999999999968
0.009949999999999968
0.009999999999999967
0.010049999999999967
0.010099999999999967
0.010149999999999966
0.010199999999999966
0.010249999999999966
0.010299999999999965
0.010349999999999965
0.010399999999999965
0.010449999999999965
0.010499999999999964
0.010549999999999964
0.010599999999999964
0.010649999999999963
0.010699999999999963
0.010749999999999963
0.010799999999999962
0.010849999999999962
0.010899999999999962
0.010949999999999962
0.010999999999999961
0.011049999999999961
0.01109999999999996
0.01114999999999996
0.01119999999999996
0.01124999999999996
0.01129999999999996
0.011349999999999959
0.011399999999999959
0.011449999999999958
0.011499999999999958
0.011549999999999958
0.011599999999999958
0.011649999999999957
0.011699999999999957
0.011749999999999957
0.011799999999999956
0.011849999999999956
0.011899999999999956
0.011949999999999955
0.011999999999999955
0.012049999999999955
0.012099999999999955
0.012149999999999954
0.012199999999999954
0.012249999999999954
0.012299999999999953
0.012349999999999953
0.012399999999999953
0.012449999999999952
0.012499999999999952
0.012549999999999952
0.012599999999999952
0.012649999999999951
0.012699999999999951
0.01274999999999995
0.01279999999999995
0.01284999999999995
0.01289999999999995
0.01294999999999995
0.012999999999999949
0.013049999999999949
0.013099999999999948
0.013149999999999948
0.013199999999999948
0.013249999999999948
0.013299999999999947
0.013349999999999947
0.013399999999999947
0.013449999999999946
0.013499999999999946
0.013549999999999946
0.013599999999999945
0.013649999999999945
0.013699999999999945
0.013749999999999945
0.013799999999999944
0.013849999999999944
0.013899999999999944
0.013949999999999943
0.013999999999999943
0.014049999999999943
0.014099999999999942
0.014149999999999942
0.014199999999999942
0.014249999999999942
0.014299999999999941
0.014349999999999941
0.01439999999999994
0.01444999999999994
0.01449999999999994
0.01454999999999994
0.01459999999999994
0.014649999999999939
0.014699999999999939
0.014749999999999939
0.014799999999999938
0.014849999999999938
0.014899999999999938
0.014949999999999937
0.014999999999999937
0.015049999999999937
0.015099999999999936
0.015149999999999936
0.015199999999999936
0.015249999999999935
0.015299999999999935
0.015349999999999935
0.015399999999999935
0.015449999999999934
0.015499999999999934
0.015549999999999934
0.015599999999999933
0.015649999999999935
0.015699999999999936
0.015749999999999938
0.01579999999999994
0.01584999999999994
0.015899999999999942
0.015949999999999943
0.015999999999999945
0.016049999999999946
0.016099999999999948
0.01614999999999995
0.01619999999999995
0.016249999999999952
0.016299999999999953
0.016349999999999955
0.016399999999999956
0.016449999999999958
0.01649999999999996
0.01654999999999996
0.016599999999999962
0.016649999999999963
0.016699999999999965
0.016749999999999966
0.016799999999999968
0.01684999999999997
0.01689999999999997
0.016949999999999972
0.016999999999999973
0.017049999999999975
0.017099999999999976
0.017149999999999978
0.01719999999999998
0.01724999999999998
0.017299999999999982
0.017349999999999983
0.017399999999999985
0.017449999999999986
0.017499999999999988
0.01754999999999999
0.01759999999999999
0.017649999999999992
0.017699999999999994
0.017749999999999995
0.017799999999999996
0.017849999999999998
0.0179
0.01795
0.018000000000000002
0.018050000000000004
0.018100000000000005
0.018150000000000006
0.018200000000000008
0.01825000000000001
0.01830000000000001
0.018350000000000012
0.018400000000000014
0.018450000000000015
0.018500000000000016
0.018550000000000018
0.01860000000000002
0.01865000000000002
0.018700000000000022
0.018750000000000024
0.018800000000000025
0.018850000000000026
0.018900000000000028
0.01895000000000003
0.01900000000000003
0.019050000000000032
0.019100000000000034
0.019150000000000035
0.019200000000000036
0.019250000000000038
0.01930000000000004
0.01935000000000004
0.019400000000000042
0.019450000000000044
0.019500000000000045
0.019550000000000047
0.019600000000000048
0.01965000000000005
0.01970000000000005
0.019750000000000052
0.019800000000000054
0.019850000000000055
0.019900000000000057
0.019950000000000058
0.02000000000000006
0.02005000000000006
0.020100000000000062
0.020150000000000064
0.020200000000000065
0.020250000000000067
0.020300000000000068
0.02035000000000007
0.02040000000000007
0.020450000000000072
0.020500000000000074
0.020550000000000075
0.020600000000000077
0.020650000000000078
0.02070000000000008
0.02075000000000008
0.020800000000000082
0.020850000000000084
0.020900000000000085
0.020950000000000087
0.021000000000000088
0.02105000000000009
0.02110000000000009
0.021150000000000092
0.021200000000000094
0.021250000000000095
0.021300000000000097
0.021350000000000098
0.0214000000000001
0.0214500000000001
0.021500000000000102
0.021550000000000104
0.021600000000000105
0.021650000000000107
0.021700000000000108
0.02175000000000011
0.02180000000000011
0.021850000000000112
0.021900000000000114
0.021950000000000115
0.022000000000000117
0.022050000000000118
0.02210000000000012
0.02215000000000012
0.022200000000000122
0.022250000000000124
0.022300000000000125
0.022350000000000127
0.022400000000000128
0.02245000000000013
0.02250000000000013
0.022550000000000132
0.022600000000000134
0.022650000000000135
0.022700000000000137
0.022750000000000138
0.02280000000000014
0.02285000000000014
0.022900000000000142
0.022950000000000144
0.023000000000000145
0.023050000000000147
0.023100000000000148
0.02315000000000015
0.02320000000000015
0.023250000000000152
0.023300000000000154
0.023350000000000155
0.023400000000000157
0.023450000000000158
0.02350000000000016
0.02355000000000016
0.023600000000000163
0.023650000000000164
0.023700000000000165
0.023750000000000167
0.023800000000000168
0.02385000000000017
0.02390000000000017
0.023950000000000173
0.024000000000000174
0.024050000000000175
0.024100000000000177
0.02415000000000018
0.02420000000000018
0.02425000000000018
0.024300000000000183
0.024350000000000184
0.024400000000000185
0.024450000000000187
0.02450000000000019
0.02455000000000019
0.02460000000000019
0.024650000000000193
0.024700000000000194
0.024750000000000195
0.024800000000000197
0.0248500000000002
0.0249000000000002
0.0249500000000002
0.025000000000000203
0.025050000000000204
0.025100000000000205
0.025150000000000207
0.02520000000000021
0.02525000000000021
0.02530000000000021
0.025350000000000213
0.025400000000000214
0.025450000000000216
0.025500000000000217
0.02555000000000022
0.02560000000000022
0.02565000000000022
0.025700000000000223
0.025750000000000224
0.025800000000000226
0.025850000000000227
0.02590000000000023
0.02595000000000023
0.02600000000000023
0.026050000000000233
0.026100000000000234
0.026150000000000236
0.026200000000000237
0.02625000000000024
0.02630000000000024
0.02635000000000024
0.026400000000000243
0.026450000000000244
0.026500000000000246
0.026550000000000247
0.02660000000000025
0.02665000000000025
0.02670000000000025
0.026750000000000253
0.026800000000000254
0.026850000000000256
0.026900000000000257
0.02695000000000026
0.02700000000000026
0.02705000000000026
0.027100000000000263
0.027150000000000264
0.027200000000000266
0.027250000000000267
0.02730000000000027
0.02735000000000027
0.02740000000000027
0.027450000000000273
0.027500000000000274
0.027550000000000276
0.027600000000000277
0.02765000000000028
0.02770000000000028
0.02775000000000028
0.027800000000000283
0.027850000000000284
0.027900000000000286
0.027950000000000287
0.02800000000000029
0.02805000000000029
0.02810000000000029
0.028150000000000293
0.028200000000000294
0.028250000000000296
0.028300000000000297
0.0283500000000003
0.0284000000000003
0.0284500000000003
0.028500000000000303
0.028550000000000304
0.028600000000000306
0.028650000000000307
0.02870000000000031
0.02875000000000031
0.02880000000000031
0.028850000000000313
0.028900000000000314
0.028950000000000316
0.029000000000000317
0.02905000000000032
0.02910000000000032
0.02915000000000032
0.029200000000000323
0.029250000000000324
0.029300000000000326
0.029350000000000327
0.02940000000000033
0.02945000000000033
0.02950000000000033
0.029550000000000333
0.029600000000000334
0.029650000000000336
0.029700000000000337
0.02975000000000034
0.02980000000000034
0.02985000000000034
0.029900000000000343
0.029950000000000344
0.030000000000000346
0.030050000000000347
0.03010000000000035
0.03015000000000035
0.03020000000000035
0.030250000000000353
0.030300000000000354
0.030350000000000356
0.030400000000000357
0.03045000000000036
0.03050000000000036
0.03055000000000036
0.030600000000000363
0.030650000000000364
0.030700000000000366
0.030750000000000367
0.03080000000000037
0.03085000000000037
0.03090000000000037
0.030950000000000373
0.031000000000000374
0.031050000000000376
0.031100000000000377
0.03115000000000038
0.03120000000000038
0.03125000000000038
0.03130000000000038
0.031350000000000385
0.031400000000000386
0.03145000000000039
0.03150000000000039
0.03155000000000039
0.03160000000000039
0.03165000000000039
0.031700000000000395
0.031750000000000396
0.0318000000000004
0.0318500000000004
0.0319000000000004
0.0319500000000004
0.0320000000000004
0.032050000000000405
0.032100000000000406
0.03215000000000041
0.03220000000000041
0.03225000000000041
0.03230000000000041
0.03235000000000041
0.032400000000000415
0.032450000000000416
0.03250000000000042
0.03255000000000042
0.03260000000000042
0.03265000000000042
0.03270000000000042
0.032750000000000425
0.032800000000000426
0.03285000000000043
0.03290000000000043
0.03295000000000043
0.03300000000000043
0.03305000000000043
0.033100000000000435
0.033150000000000436
0.03320000000000044
0.03325000000000044
0.03330000000000044
0.03335000000000044
0.03340000000000044
0.033450000000000445
0.033500000000000446
0.03355000000000045
0.03360000000000045
0.03365000000000045
0.03370000000000045
0.03375000000000045
0.033800000000000455
0.033850000000000456
0.03390000000000046
0.03395000000000046
0.03400000000000046
0.03405000000000046
0.03410000000000046
0.034150000000000465
0.034200000000000466
0.03425000000000047
0.03430000000000047
0.03435000000000047
0.03440000000000047
0.03445000000000047
0.034500000000000475
0.034550000000000476
0.03460000000000048
0.03465000000000048
0.03470000000000048
0.03475000000000048
0.03480000000000048
0.034850000000000485
0.034900000000000486
0.03495000000000049
0.03500000000000049
0.03505000000000049
0.03510000000000049
0.03515000000000049
0.035200000000000495
0.035250000000000496
0.0353000000000005
0.0353500000000005
0.0354000000000005
0.0354500000000005
0.0355000000000005
0.035550000000000505
0.035600000000000506
0.03565000000000051
0.03570000000000051
0.03575000000000051
0.03580000000000051
0.03585000000000051
0.035900000000000515
0.035950000000000516
0.03600000000000052
0.03605000000000052
0.03610000000000052
0.03615000000000052
0.03620000000000052
0.036250000000000525
0.036300000000000526
0.03635000000000053
0.03640000000000053
0.03645000000000053
0.03650000000000053
0.03655000000000053
0.036600000000000535
0.036650000000000536
0.03670000000000054
0.03675000000000054
0.03680000000000054
0.03685000000000054
0.036900000000000543
0.036950000000000545
0.037000000000000546
0.03705000000000055
0.03710000000000055
0.03715000000000055
0.03720000000000055
0.037250000000000554
0.037300000000000555
0.037350000000000556
0.03740000000000056
0.03745000000000056
0.03750000000000056
0.03755000000000056
0.037600000000000564
0.037650000000000565
0.037700000000000566
0.03775000000000057
0.03780000000000057
0.03785000000000057
0.03790000000000057
0.037950000000000574
0.038000000000000575
0.038050000000000576
0.03810000000000058
0.03815000000000058
0.03820000000000058
0.03825000000000058
0.038300000000000584
0.038350000000000585
0.038400000000000586
0.03845000000000059
0.03850000000000059
0.03855000000000059
0.03860000000000059
0.038650000000000594
0.038700000000000595
0.038750000000000596
0.0388000000000006
0.0388500000000006
0.0389000000000006
0.0389500000000006
0.039000000000000604
0.039050000000000605
0.039100000000000606
0.03915000000000061
0.03920000000000061
0.03925000000000061
0.03930000000000061
0.039350000000000614
0.039400000000000615
0.039450000000000617
0.03950000000000062
0.03955000000000062
0.03960000000000062
0.03965000000000062
0.039700000000000624
0.039750000000000625
0.03980000000000063
0.03985000000000063
0.03990000000000063
0.03995000000000063
0.04000000000000063
0.040050000000000634
0.040100000000000635
0.04015000000000064
0.04020000000000064
0.04025000000000064
0.04030000000000064
0.04035000000000064
0.040400000000000644
0.040450000000000645
0.04050000000000065
0.04055000000000065
0.04060000000000065
0.04065000000000065
0.04070000000000065
0.040750000000000654
0.040800000000000655
0.04085000000000066
0.04090000000000066
0.04095000000000066
0.04100000000000066
0.04105000000000066
0.041100000000000664
0.041150000000000665
0.04120000000000067
0.04125000000000067
0.04130000000000067
0.04135000000000067
0.04140000000000067
0.041450000000000674
0.041500000000000675
0.04155000000000068
0.04160000000000068
0.04165000000000068
0.04170000000000068
0.04175000000000068
0.041800000000000684
0.041850000000000685
0.04190000000000069
0.04195000000000069
0.04200000000000069
0.04205000000000069
0.04210000000000069
0.042150000000000694
0.042200000000000695
0.0422500000000007
0.0423000000000007
0.0423500000000007
0.0424000000000007
0.0424500000000007
0.042500000000000704
0.042550000000000705
0.04260000000000071
0.04265000000000071
0.04270000000000071
0.04275000000000071
0.04280000000000071
0.042850000000000714
0.042900000000000715
0.04295000000000072
0.04300000000000072
0.04305000000000072
0.04310000000000072
0.04315000000000072
0.043200000000000724
0.043250000000000725
0.04330000000000073
0.04335000000000073
0.04340000000000073
0.04345000000000073
0.04350000000000073
0.043550000000000734
0.043600000000000735
0.04365000000000074
0.04370000000000074
0.04375000000000074
0.04380000000000074
0.04385000000000074
0.043900000000000744
0.043950000000000745
0.04400000000000075
0.04405000000000075
0.04410000000000075
0.04415000000000075
0.04420000000000075
0.044250000000000754
0.044300000000000755
0.04435000000000076
0.04440000000000076
0.04445000000000076
0.04450000000000076
0.04455000000000076
0.044600000000000764
0.044650000000000765
0.04470000000000077
0.04475000000000077
0.04480000000000077
0.04485000000000077
0.04490000000000077
0.044950000000000774
0.045000000000000775
0.04505000000000078
0.04510000000000078
0.04515000000000078
0.04520000000000078
0.04525000000000078
0.045300000000000784
0.045350000000000786
0.04540000000000079
0.04545000000000079
0.04550000000000079
0.04555000000000079
0.04560000000000079
0.045650000000000794
0.045700000000000796
0.0457500000000008
0.0458000000000008
0.0458500000000008
0.0459000000000008
0.0459500000000008
0.046000000000000804
0.046050000000000806
0.04610000000000081
0.04615000000000081
0.04620000000000081
0.04625000000000081
0.04630000000000081
0.046350000000000814
0.046400000000000816
0.04645000000000082
0.04650000000000082
0.04655000000000082
0.04660000000000082
0.04665000000000082
0.046700000000000824
0.046750000000000826
0.04680000000000083
0.04685000000000083
0.04690000000000083
0.04695000000000083
0.04700000000000083
0.047050000000000834
0.047100000000000836
0.04715000000000084
0.04720000000000084
0.04725000000000084
0.04730000000000084
0.04735000000000084
0.047400000000000844
0.047450000000000846
0.04750000000000085
0.04755000000000085
0.04760000000000085
0.04765000000000085
0.04770000000000085
0.047750000000000854
0.047800000000000856
0.04785000000000086
0.04790000000000086
0.04795000000000086
0.04800000000000086
0.04805000000000086
0.048100000000000864
0.048150000000000866
0.04820000000000087
0.04825000000000087
0.04830000000000087
0.04835000000000087
0.04840000000000087
0.048450000000000874
0.048500000000000876
0.04855000000000088
0.04860000000000088
0.04865000000000088
0.04870000000000088
0.04875000000000088
0.048800000000000884
0.048850000000000886
0.04890000000000089
0.04895000000000089
0.04900000000000089
0.04905000000000089
0.04910000000000089
0.049150000000000894
0.049200000000000896
0.0492500000000009
0.0493000000000009
0.0493500000000009
0.0494000000000009
0.0494500000000009
0.049500000000000904
0.049550000000000906
0.04960000000000091
0.04965000000000091
0.04970000000000091
0.04975000000000091
0.04980000000000091
0.049850000000000914
0.049900000000000916
0.04995000000000092
0.05000000000000092
