# Results for "node" with Id # 185792 for search config "initial" at position: x0: -0.1683092007; y0: 0.534138896; z0: -0
# time DISPLACEMENT_X DISPLACEMENT_Y DISPLACEMENT_Z VELOCITY_X VELOCITY_Y VELOCITY_Z ACCELERATION_X ACCELERATION_Y ACCELERATION_Z
4.29504979775 -1.1976511500873116e-08 3.3950835604377855e-08 2.1217166124374377e-13 -4.0365804645033726e-05 0.00011442837903525268 7.151063837205737e-10 -0.0898139157843258 0.2546031446266122 1.5911117117348304e-06
4.2956115955 -7.19514236824652e-09 4.571672646969761e-08 7.111124138984941e-13 4.949460988583795e-05 -5.496754141879869e-05 1.090299035552406e-09 0.2223929022770931 -0.4405567110516827 4.370257265666609e-07
4.296173393249999 3.0617927762011912e-09 3.489504263866264e-08 1.5671601593558205e-12 -2.9992740605458142e-06 -5.41220756731697e-07 1.9241380148597804e-09 -0.17239711793404464 0.23123774184158824 1.746035306594862e-06
4.296735190999999 9.392273937116221e-09 3.686753590667998e-08 2.6664077653776734e-12 1.8858352980918056e-05 1.4049917710544154e-05 2.037957796670142e-09 0.09173249989396479 -0.02534415220836154 -1.8325981085425688e-07
4.2972969887499985 1.357957048848695e-08 3.795417581496349e-08 3.5379673688525514e-12 7.626247630212591e-09 -9.649302181156788e-06 1.1111368685206035e-09 -0.0648759921647972 -0.04639472647063102 -2.016361622731332e-06
4.297858786499998 1.05870126762414e-08 3.8742966190630126e-08 3.914752642368294e-12 -1.2033947808376919e-05 9.892068361501184e-06 2.1680555571390293e-10 -0.01057350436739585 0.055078231292496685 -1.4857967752627565e-06
4.298420584249998 5.370873020474747e-09 4.0375243148722704e-08 3.963030492712447e-12 -7.144666167965241e-06 -1.6891829874619856e-06 -7.544988631332062e-11 0.013522027796165 -0.03953784220342475 -2.7881916794663195e-07
4.2989823819999975 5.900506333206501e-10 3.854574148314577e-08 3.982927007965482e-12 -9.325100892638133e-06 -5.839810413754219e-06 1.2613152749840022e-10 -0.008231974235698807 0.000649314481174456 5.182234399606106e-07
4.299544179749997 -6.387352337466724e-09 3.674449932939592e-08 4.266247149225447e-12 -1.5431129341297616e-05 -8.336870573876482e-07 8.577131566835304e-10 -0.011527919807280712 0.010976295903322096 1.498213273086626e-06
4.300105977499997 -1.4762192202138222e-08 3.6588093731305446e-08 5.045552437143376e-12 -1.478399712973156e-05 5.461316072429213e-07 1.9050464092966612e-09 0.004321849129754885 0.00032602256832489716 1.9557631804455997e-06
4.300667775249996 -2.1413724283922784e-08 3.738888737976403e-08 6.213410946860694e-12 -9.079746036026903e-06 2.2207965707531415e-06 2.2925378274936337e-09 0.01161149646452187 0.0036446239203619937 3.7322761468824433e-07
4.301229572999996 -2.3073394574040903e-08 3.805457489750422e-08 7.192433860152533e-12 2.8662914955770706e-06 3.6842132236504133e-07 1.2625168529918667e-09 0.023677059524604666 -0.005032690928364275 -2.385103583398909e-06
4.301791370749996 -1.779818599531714e-08 3.776916144267144e-08 7.115943030423807e-12 1.5927007541670815e-05 -1.4417119190699379e-06 -1.4572114442198437e-09 0.023140828466726063 -0.0027693737502420125 -5.455119595707091e-06
4.302353168499995 -7.038102618992263e-09 3.736399489223636e-08 5.3546380017331736e-12 2.272763059942319e-05 -1.602770412927184e-07 -4.79752950600851e-09 0.009346179262483946 0.003543536054872562 -6.068427825718699e-06
4.302914966249995 6.050869841860399e-09 3.7792621202542156e-08 2.0925552066831304e-12 2.408794374436476e-05 1.6938706275165335e-06 -6.889576780068107e-09 0.0006901519470093849 0.0032395945700124194 -3.1376982516298704e-06
4.303476763999995 1.8873402309744966e-08 3.893210482676125e-08 -1.5734968363036907e-12 2.171552992384617e-05 2.4239963509405506e-06 -6.294212584016115e-09 -0.0054511587638026125 0.0008146311002390003 2.1091099057474033e-06
4.304038561749994 2.901684547624424e-08 3.9891162375132855e-08 -4.094676800325722e-12 1.462188283712307e-05 1.0909742873664216e-06 -2.810496897667318e-09 -0.014420575155934926 -0.0031696318813439132 7.223989964450408e-06
4.304600359499994 3.349398078802759e-08 3.992745241775876e-08 -4.30029625992468e-12 1.5938399872896075e-06 -9.472931215540876e-07 2.0342602280884935e-09 -0.02538225169685084 -0.003742737037190717 8.973587167598746e-06
4.305162157249994 2.943599446920752e-08 3.922834292181766e-08 -2.1032747516996474e-12 -1.5860568543657832e-05 -1.6218666316077206e-06 5.855752855758345e-09 -0.032490496251349935 -0.0005652418080772246 6.259424347185162e-06
4.305723954999993 1.5880333838624313e-08 3.8449981124102424e-08 1.3644884356219218e-12 -3.2488972029068867e-05 -1.1911892603948882e-06 6.643006004657726e-09 -0.028875573877216208 0.001099567607759742 1.867821782641235e-07
4.306285752749993 4.602916791955615e-09 3.5770461285119344e-08 1.9323473171306794e-05 -9.844864481791208e-06 -7.933877622042928e-06 0.06512809818967083 0.057602033013944065 -0.015277373581628617 144.91000436927436
4.306847550499993 -2.2675053385253348e-09 3.473295422676949e-08 7.331995011212386e-05 -1.2636518908030376e-05 3.134948820122178e-06 0.12813456581251 -0.020611939382929205 0.02844748235238061 103.96189006953324
4.307409348249992 -9.265355601605542e-09 4.008184343073555e-08 0.00013974704352441697 -1.2911709143114794e-05 1.6078021409376697e-05 0.1125100778846281 0.004540686569607599 0.021686466067005854 -60.754958330764566
4.307971145999992 -1.0665017360746818e-08 4.271181069795785e-08 0.00019578375315975645 6.954906900006273e-06 -4.852669818567958e-06 0.08652248649289426 0.04306804927458623 -0.051992404731811395 -42.63365155306471
4.3085329437499915 -8.51665468886599e-09 3.75068878045185e-08 0.00023953189066785248 2.315244028021915e-06 -1.4762449090434291e-05 0.0688667478292528 -0.021090262260434454 -0.00905115780720984 -28.625605834780693
4.309094741499991 -1.1491847427786083e-08 3.105943612902243e-08 0.0002688488310084903 -1.2727265075490734e-05 -8.811260123612213e-06 0.03642197734178703 -0.028197017357575887 0.015504184969196838 -65.03321323690935
4.309656539249991 -2.631948453097099e-08 3.161454719423461e-08 0.00028196010004393 -3.944718519516629e-05 1.02075946098989e-05 0.009702015890393469 -0.05240256822418045 0.03844090575137425 -43.1936112174201
4.3102183369999905 -4.486615243738968e-08 4.4544818527059867e-08 0.00028273267925773237 -2.8832035101517295e-05 3.5610058764166804e-05 -0.0073570292274186995 0.03671935113252241 0.046910256588040315 -27.157972772582678
4.31078013474999 -4.1643168319508966e-08 5.105651817278343e-08 0.0002724982978705071 3.772253670226897e-05 -8.466674835560943e-06 -0.02873318252046243 0.13890408522080608 -0.10979829689681933 -40.7724481217161
4.31134193249999 -1.1198771693166371e-08 4.3136757056636894e-08 0.0002474979437801457 7.306123896996388e-05 -2.2412946624257427e-05 -0.05980854453870283 0.04390259163361192 -0.0035808806608165385 -58.94956880591251
4.311903730249989 2.781862354498777e-08 3.274284242185329e-08 0.00020599992732023834 6.753870265747782e-05 -1.511316237633028e-05 -0.08819076736383273 -0.023263291265130385 0.017137240198062287 -48.413053900227666
4.312465527999989 5.36725412337303e-08 2.8988948702712872e-08 0.00015193980275028958 2.609718405714046e-05 1.3640154590019912e-06 -0.10485577715889 -0.0863915565305626 0.03237741081743027 -24.976383504367
4.313027325749989 6.073086894658874e-08 3.472571462317557e-08 8.984113189215957e-05 -2.1127961300588583e-06 1.9085216326976478e-05 -0.11635778598331682 -0.041169317097753136 0.031335319424058705 -19.34787388623384
4.313589123499988 5.8046777664103426e-08 4.306306589728079e-08 2.4269749262441368e-05 -8.390447656454758e-06 1.1985352968261786e-05 -0.11761692530962357 -0.003675445441640211 -0.02363102590815072 2.035383456516205
4.314150921249988 5.288808175387024e-08 4.495549515336651e-08 -4.1414861842794126e-05 -1.0000114330486375e-05 -5.0375343385753525e-06 -0.11623377329151387 -0.002662647007220078 -0.031968167970078266 2.568667391554528
4.314712718999988 4.527667986547391e-08 4.025933512331512e-08 -0.00010514382550048087 -1.6798225415895792e-05 -1.2283443105938088e-05 -0.11086231047262086 -0.014460135488869388 -0.00813010509548335 11.309337983913274
4.315274516749987 2.999591775328792e-08 3.5367369415067026e-08 -0.00016423367749178155 -3.6926054136490895e-05 -5.756041687009789e-06 -0.09976443157093454 -0.04116938525505689 0.016555994503612722 21.865446183753015
4.315836314499987 8.783587660695986e-09 3.5260443037745514e-08 -0.00021438800829785392 -3.973295218104707e-05 5.27791191752548e-06 -0.07924806021636796 0.004046998133396089 0.020411548266955886 40.182564946245606
4.316398112249987 -8.435799734217885e-09 3.9041940199060016e-08 -0.0002518519158992036 -2.2414348993144573e-05 8.640121605461007e-06 -0.054259257470909025 0.03752214275242757 0.0023780295263268404 45.55444515011997
4.316959909999986 -1.4333340920076014e-08 4.195075639346207e-08 -0.0002750048671363606 1.2724610654618718e-06 2.155189910816869e-06 -0.028191963014407514 0.04332261695584118 -0.015023480474318805 46.6111191682208
4.317521707749986 -9.278392655487985e-09 4.1632930520926325e-08 -0.00028265591043106044 1.7196472565632465e-05 -3.4463237407320208e-06 0.000796605500501006 0.02460027152609607 -0.008707497818441216 52.84678547615443
4.3180835054999855 3.050738278980594e-09 4.117340323347544e-08 -0.00027624030344585153 2.692537901014929e-05 1.2699495057211217e-06 0.02249257498846293 0.01549674906577355 0.01267058248044365 35.061835983074545
4.318645303249985 1.9045568489964453e-08 4.062507663253311e-08 -0.00025621697372241127 3.0315251195384545e-05 -2.603695066651995e-06 0.04843898691918688 0.0036682783834221114 -0.011786504836740782 48.96530783878213
4.319207100999985 3.038367685719475e-08 3.9051202788094815e-08 -0.00022288138926700404 1.1237462145833683e-05 -3.330859634848066e-06 0.07053987795207793 -0.04336515044337315 0.0013286850368582166 36.93315583439029
4.3197688987499845 3.3153381504591514e-08 3.794537354320829e-08 -0.0001768017083888403 -2.002929020721487e-06 -7.11257194068744e-07 0.09338583114392296 -0.018618582882059753 0.0054964442006661595 41.598957147450655
4.320330696499984 2.7239035796057536e-08 3.7275618466207324e-08 -0.00012095365784351338 -1.870123048544427e-05 -1.4574061988087183e-06 0.10603621924089301 -0.03249907522428511 -0.0030342925940149285 17.74737436964894
4.320892494249984 1.1615282188926041e-08 3.607934616555515e-08 -5.907257701660909e-05 -3.692145243706916e-05 -2.820534311291098e-06 0.11435342381534108 -0.032415225239019435 -0.002274386916936262 14.068936678275218
4.321454291999983 -1.4581686487601301e-08 3.48141388638827e-08 6.185827892183806e-06 -5.6275451598910955e-05 -1.8121959213284143e-06 0.11819500413341896 -0.0349588420406833 0.002812149658120205 5.030282080897403
4.322016089749983 -4.753785932995848e-08 3.340013381867814e-08 7.11256264280839e-05 -6.184024344764177e-05 -3.062467215977334e-06 0.11341833027969428 -0.00364195141517132 -0.003484891059034906 -11.88566989790886
4.322577887499983 -8.211873557586729e-08 3.2261154851287425e-08 0.0001320605521567024 -6.140712904479451e-05 -1.206805379059355e-06 0.10368207049052477 0.0018741674049469802 0.005000070372548048 -18.691760664754366
4.323139685249982 -1.1207041407170955e-07 3.247109594775196e-08 0.0001852827872473488 -4.6026766529584844e-05 1.935451573659091e-06 0.08618274386623623 0.033752764916232664 0.005741504161623513 -34.26306176755776
4.323701482999982 -1.3416935550029734e-07 3.305343192335e-08 0.00022878943313783657 -3.2348256261692885e-05 4.0518025333339666e-07 0.0686068112441455 0.02199649426919391 -0.004840229745156946 -30.54068483781919
4.324263280749982 -1.414009980696916e-07 3.3779119072436004e-08 0.00025998851697434116 5.1873449484330315e-06 1.939030250356599e-06 0.04294053581091797 0.07801758954286749 0.004622873696732078 -49.47229191504951
4.324825078499981 -1.3013781347590473e-07 3.5047649898909415e-08 0.0002766054717984768 3.566089849632775e-05 2.681276183081932e-06 0.016158910101439272 0.04829925959740958 0.0004957787843893656 -47.22104452281057
4.325386876249981 -9.452044415556976e-08 3.661067865526407e-08 0.00027898573040439684 8.962761971410966e-05 2.8871906927598307e-06 -0.007828155063286237 0.10800114041066722 0.00033421509022706867 -41.565959127701106
4.325948673999981 -5.083144526843679e-08 3.848743704182124e-08 0.0002678399863332198 7.039974256120237e-05 3.755773013569562e-06 -0.031814966869609086 -0.06978231198182241 0.0018490419009090722 -42.979166754029755
4.32651047174998 -5.441232305014535e-10 3.894204557795156e-08 0.00024200751363596235 0.00010449979725770518 -1.7682107299290837e-06 -0.05992560306059428 0.0933182000745849 -0.012753124365973761 -51.80137414920456
4.32707226949998 5.798379331332707e-08 4.0418245817963525e-08 0.00020293606192140612 0.00010668559548924781 6.173736047138597e-06 -0.07969378701033211 -0.01846614892914378 0.02085911275883424 -31.03386597081414
4.32763406724998 1.1526573676791641e-07 4.257776275821795e-08 0.00015233388270315823 9.71887696316041e-05 2.3863558327584973e-06 -0.10027309108267835 -0.016513900406636653 -0.013641699208844156 -38.03048529724024
4.328195864999979 1.6186606087835517e-07 4.382124741548611e-08 9.347512972687229e-05 6.973102534223986e-05 1.6507352087573347e-06 -0.10992306555681183 -0.05696500624768192 0.0017736689056236455 -11.963571988006407
4.328757662749979 1.8930759290661917e-07 4.4362701967044975e-08 3.010211633835914e-05 2.84809857025813e-05 4.0307388397421645e-07 -0.11573595075710544 -0.07754008709528391 -0.003219463687930318 -9.942776638328109
4.3293194604999785 1.920899486887595e-07 4.3612042739657427e-08 -3.531342614283442e-05 -1.8389678093737637e-05 -2.986496104396228e-06 -0.11736589991236193 -0.08490220569449002 -0.006736927339855344 -1.1409427289991698
4.329881258249978 1.6786761359379204e-07 4.2269389404180506e-08 -9.90704644948962e-05 -6.774841159819809e-05 -2.0584470268707424e-06 -0.1100563736786555 -0.08859763117298664 0.003749141042783877 16.548931633575254
4.330443055999978 1.1918593825870589e-07 4.128596286038258e-08 -0.00015732343567618237 -0.00010619548998126904 -1.363183018168989e-06 -0.09750713462898863 -0.06339534203686348 0.0006096771664012115 23.784824116742676
4.3310048537499775 5.867873262557079e-08 4.127782279697521e-08 -0.0002063895069815615 -0.00011094629442875226 1.2087969996821645e-06 -0.07753962532702963 0.005278295560706397 0.005570236276735371 38.4815023898394
4.331566651499977 2.2053073714347164e-09 4.181639859600214e-08 -0.00024351465098615378 -9.105138885054565e-05 9.018257134491953e-07 -0.05469484800737856 0.04294659124269155 -0.0020755701844676813 41.20925419294375
4.332128449249977 -4.146939828249891e-08 4.060020717505437e-08 -0.0002674461158083152 -6.456335540518718e-05 -4.966939500019089e-06 -0.03055668038574849 0.04819922689996588 -0.012539110119148192 43.40510967846167
4.332690246999976 -6.861332071550491e-08 3.760727077600789e-08 -0.00027643692890387805 -3.2357441857724294e-05 -6.024666932463659e-06 -0.0017020378105975184 0.05960835127644904 0.0007813339808291856 53.35030263114356
4.333252044749976 -7.911968108764638e-08 3.699462674201198e-08 -0.0002711992645331153 -4.716323306074522e-06 3.3414983925725784e-06 0.02077000041257515 0.04659940126585441 0.020644384457209956 36.662709638806014
4.333813842499976 -7.852980957446531e-08 3.557775530040938e-08 -0.0002523988688579646 7.596275644069487e-06 -7.1433995018187e-06 0.04590419300516548 0.015745682484601627 -0.028489994045982164 46.75790138846489
4.334375640249975 -7.468936934139335e-08 3.3461260741913413e-08 -0.00022046157850336267 6.627752345389128e-06 -1.6032693061895603e-06 0.0680258218184779 -0.006091384971490374 0.01944928825841203 37.53114900863786
4.334937437999975 -6.842236765646059e-08 3.391782469196657e-08 -0.0001761889812430651 1.5018310272735572e-05 3.5532046741384153e-06 0.08955938855971042 0.020191837724575067 0.006610832598999691 38.52939898667381
4.335499235749975 -5.8510721887492205e-08 3.481937013877353e-08 -0.0001225907639215022 2.0591728805156443e-05 6.160911947898854e-08 0.10178040611508135 0.007352896865504716 -0.009421508297716007 17.559414450007704
4.336061033499974 -4.8696315588354775e-08 3.434521938914774e-08 -6.221272077792762e-05 1.4900073222486176e-05 -1.9350064192193254e-06 0.1130844720647628 -0.014502157951145102 -0.002087092521389875 20.761693251312792
4.336622831249974 -4.035798214041583e-08 3.354012778324551e-08 1.7499203457562443e-06 1.435667563158177e-05 -1.0470232346509076e-06 0.11516177596125728 0.0024164798419779236 0.002497535725892246 -0.5684221200150334
4.337184628999974 -3.5216827944171895e-08 3.31612657413204e-08 6.552480858489964e-05 4.5725537331291325e-06 -2.6669421399549664e-07 0.11203475921956907 -0.022373791293413565 0.0011118481481674752 -6.8155067550449004
4.337746426749973 -3.455869901572822e-08 3.365713177753432e-08 0.00012571062194202754 -2.5367531636379344e-06 1.9428273730473766e-06 0.10254515023819492 -0.010224760101054267 0.004638223518712527 -19.4105034003813
4.338308224499973 -3.620271501924113e-08 3.565256481997406e-08 0.0001783588069002941 -3.5803551334076535e-06 5.128304290878697e-06 0.08524228178693335 0.00023417563091441738 0.005928130297939424 -33.6462566464801
4.3388700222499725 -3.9297611383878876e-08 3.73323071971678e-08 0.00022151634766055066 -7.225061058494084e-06 1.256692350764261e-06 0.06828893058357469 -0.008168014631598343 -0.010096369184316547 -29.30964245448262
4.339431819999972 -3.8710521109195866e-08 3.8337038435631156e-08 0.0002527540227036219 8.189892850806663e-06 1.961451561579433e-06 0.04339145831202153 0.03634027627760656 0.004092181547984321 -48.06946546760413
4.339993617749972 -3.1531002659933454e-08 3.922023869615837e-08 0.0002698435258122588 1.796759099231962e-05 1.3466419561521103e-06 0.01739066838077414 0.012670309404255191 -0.0023909967659124843 -45.83439151941937
4.3405554154999715 -1.5855628327091742e-08 3.948205329350381e-08 0.00027320438481626033 3.7157694595452183e-05 -3.9232336932178856e-07 -0.005582204434902972 0.039530403379422784 -0.0032714486770497138 -39.65604439063192
4.341117213249971 2.226353286375804e-09 4.014096030020943e-08 0.00026312712997994655 2.8926377039633178e-05 2.473451059821666e-06 -0.03016331125686673 -0.028197282498137827 0.007194210305992344 -44.77895185471042
4.341679010999971 2.3984660537662088e-08 4.035235800611219e-08 0.00023845901440766818 4.664543438196122e-05 -1.2822707436825299e-06 -0.05753082325467659 0.046474223408363526 -0.010155033631082552 -49.69797653595101
4.34224080874997 5.07126792766493e-08 4.065669687948651e-08 0.00020081472030224375 4.979763896731414e-05 1.8676250297687944e-06 -0.07696045929464408 -0.0046049006146079395 0.009547276538746808 -30.806446271121672
4.34280260649997 7.733618933598533e-08 4.1239156824586984e-08 0.00015187048588209055 4.5100737966439556e-05 5.800624449468991e-07 -0.09712053042274578 -0.009299379625553536 -0.005251645900241344 -37.154546916554736
4.34336440424997 9.837804362202492e-08 4.11604236934782e-08 9.480351781151783e-05 3.0344434872072336e-05 -9.407638257145501e-07 -0.10667458668313883 -0.030507929642763068 -0.002070926994082698 -11.96913855653808
4.343926201999969 1.0800499809963651e-07 4.068627453195997e-08 3.31991753990985e-05 4.421597965157207e-06 -8.194734035481395e-07 -0.11267745053506323 -0.05005132999562303 0.0007876029391904626 -10.364087498187477
4.344487999749969 1.0234970154762508e-07 3.958019315146693e-08 -3.062500664413623e-05 -2.450879731394692e-05 -2.972196517818989e-06 -0.11474770374060064 -0.051857297318991843 -0.004986709688002297 -2.0152915308083954
4.345049797499969 8.000125063604743e-08 3.845055011073579e-08 -9.310459166655972e-05 -5.4976622041886686e-05 -1.300927251899447e-06 -0.10811632081736249 -0.05482658602891501 0.004965251557266751 15.258649960690345
4.345611595249968 4.345818123257853e-08 3.8090793965932845e-08 -0.00015046733005338148 -7.56844708995239e-05 9.83912326025998e-08 -0.09627870430862683 -0.032368317431417715 0.0018721707542697329 22.524034373474237
4.346173392999968 3.7209074974641043e-09 3.8928945959291094e-08 -0.00019905319165893827 -6.727607194093011e-05 2.793019725073943e-06 -0.07705643190428962 0.026800767134280683 0.005527505737162798 37.13854772015619
4.346735190749968 -2.615219591613918e-08 4.045686674266137e-08 -0.00023610851664670728 -3.977232799010946e-05 2.8195607494073376e-06 -0.05493143685269422 0.05449563881302319 -0.0013228226548535902 39.94347730593207
4.347296988499967 -4.0376178427954834e-08 4.041909093590849e-08 -0.0002603670658525668 -1.0774078149757928e-05 -2.686149123756536e-06 -0.031485570005319714 0.05089719651417225 -0.011919498865334907 42.18118466979315
4.347858786249967 -4.07647376305224e-08 3.8651580004331766e-08 -0.0002699914446067903 9.839691432371446e-06 -3.913803803351377e-06 -0.0030440795459042653 0.03314133842105168 0.00024834304057583375 52.73702042120226
4.348420583999967 -2.891651366102961e-08 3.706362049462242e-08 -0.0002641360344600544 3.213327553074131e-05 -1.8477023662405212e-06 0.024032813623783927 0.0413178902616572 0.00453498996041595 47.0618324985238
4.348982381749966 -1.2340915684434819e-08 3.800947302884346e-08 -0.0002453567531654312 2.8391992482800293e-05 4.9744993366452186e-06 0.043228857433093855 -0.01865382738871004 0.01404565137472327 30.945739564666376
4.349544179499966 7.623079289452045e-10 3.87606672006771e-08 -0.00021499348250579546 1.8237208510641043e-05 -1.4926145524315082e-06 0.0646380402577059 -0.01793093760386293 -0.017900741318832174 39.8989971318022
4.3501059772499655 6.296944279706111e-09 3.7990205320780463e-08 -0.00017363478467030251 1.8227713162137463e-06 -1.798696197235081e-06 0.08283613507296152 -0.032039388539268465 0.0037941536666145064 30.516011883472412
4.350667774999965 4.574492358762259e-09 3.7154570362372096e-08 -0.00012225319907018827 -8.392568019873259e-06 -1.0958025205300736e-06 0.10007686005619425 -0.014719283001636344 0.0006154000218356853 30.731610308651845
4.351229572749965 -3.314061065368314e-09 3.5831494320174745e-08 -6.438305016248793e-05 -1.9529382381660768e-05 -3.4618128028142533e-06 0.1065480216562307 -0.021099591328480688 -0.00541822290986638 6.7154320549188835
4.3517913704999645 -1.9104220612347597e-08 3.366099999255701e-08 -3.6174938247144703e-06 -3.6401310708360346e-05 -4.3844695321082094e-06 0.10980629718671864 -0.03226514288251008 -0.0006983555054782987 5.5708050778588545
4.352353168249964 -4.4617233361657545e-08 3.2499936309161394e-08 5.779378668548659e-05 -5.443048863779875e-05 -1.6674491041561983e-08 0.10903716964593531 -0.03204863537297263 0.009892932891340665 -3.104010056265105
4.352914965999964 -7.398737514699734e-08 3.273880891796495e-08 0.00011575146385796563 -5.1315223203943324e-05 1.115977122813326e-06 0.09782476942722883 0.014943624468233115 4.691663059428657e-05 -24.171588097309172
4.353476763749963 -1.031064782345343e-07 3.302319754791666e-08 0.00016760167176959568 -5.1846655895735854e-05 -3.720451003982971e-08 0.08662794376554979 -0.004918343862209581 -0.0025775583035775934 -18.870040197488784
4.354038561499963 -1.2434924104854385e-07 3.3337024607200495e-08 0.00021033682256410766 -2.5419531063611305e-05 1.0138531170354627e-06 0.06606930290267915 0.06002993901106805 0.002982992807831403 -41.02546609925841
4.354600359249963 -1.322432565393781e-07 3.3989886293822884e-08 0.0002409488442713685 -2.0979875351333538e-06 1.383791394773276e-06 0.042915448416685896 0.03688294985758106 7.736447012486212e-05 -41.26095996413919
4.355162156999962 -1.2592836521004272e-07 3.4363162076017865e-08 0.00025846606201566984 2.4261805095690385e-05 2.4003281999608986e-08 0.0194612528751103 0.04942980143247695 -0.003044869683582159 -41.870345349931505
4.355723954749962 -9.95687217961476e-08 3.525686962979749e-08 0.0002635697614200204 6.86440612735877e-05 2.8996208352723224e-06 -0.0014395620187580402 0.08639307013151667 0.007159466508922575 -36.036727033924834
4.356285752499962 -6.365585567432701e-08 3.729775998219825e-08 0.00025537674305477 6.229310227638427e-05 4.5020588993948585e-06 -0.02740578454932494 -0.03572915137231997 0.001775558083271354 -48.76566366094052
4.356847550249961 -1.8977919289673873e-08 3.8564245762188604e-08 0.00023273846817133074 9.38558653051467e-05 2.991535556619227e-07 -0.05327252030910296 0.07915943593325608 -0.00979535395738679 -45.36207143807444
4.357409347999961 3.514168452637565e-08 4.024379533289832e-08 0.00019754726885935818 0.00010091440925256496 5.1004271185317646e-06 -0.07236754703364025 -0.004084598621772181 0.013131672220152947 -31.145916815035626
4.357971145749961 9.097053407833275e-08 4.200509736136365e-08 0.00015125228067539807 9.787801539550086e-05 1.7720073413935256e-06 -0.0923053559364728 -0.0057348267103086836 -0.01068865209620412 -36.57514582687935
4.35853294349996 1.3925796173149798e-07 4.2966259885232395e-08 9.684218454711684e-05 7.512391887206912e-05 1.3364575236648497e-06 -0.10200480872736088 -0.04919415834022943 0.0017030646747586272 -12.437496110926077
4.35909474124996 1.7163637763889062e-07 4.3403594671029016e-08 3.70724196516963e-05 4.053431678210458e-05 3.308391141035368e-07 -0.11068058196936312 -0.06466332544997119 -0.0026632671411524816 -16.194221532253525
4.3596565389999595 1.8442107900464121e-07 4.3578610416652844e-08 -2.4331840806003338e-05 4.938075168884805e-06 2.1459352419099745e-07 -0.10855017721426889 -0.06303580662297892 0.0004071703464393261 8.788705986851708
4.360218336749959 1.7371323478219606e-07 4.351993160540151e-08 -8.449946204509465e-05 -4.238791608921861e-05 -3.773274955519133e-07 -0.10553824374302512 -0.0895413794201029 -0.001418816862123753 4.5043755103163745
4.360780134499959 1.4364510652401286e-07 4.326053254768135e-08 -0.0001398074401682259 -6.614773918014553e-05 -5.795919838766265e-07 -0.09197854887002342 -0.030480261786647825 -9.533427324202274e-05 29.044227365720122
4.3613419322499585 9.79192091924498e-08 4.266911844990334e-08 -0.00018758875092005564 -9.592471193207247e-05 -1.4783024226946115e-06 -0.07799184039471016 -0.05863369925768577 -0.0019757971680589162 23.859369671763517
4.361903729999958 4.505385204600123e-08 4.142698129456391e-08 -0.00022509760803738103 -9.422448877105122e-05 -2.9247789764718498e-06 -0.05602153822179788 0.01844142136661104 -0.002724461056233693 42.91908016123914
4.362465527749958 -4.397749445856696e-09 4.0581849881335274e-08 -0.0002498300446400406 -8.193190180422667e-05 -3.1668990980591585e-07 -0.03201974617651165 0.022740650796303948 0.006484113466408746 42.67421752750542
4.363027325499957 -4.128997833469775e-08 3.900771249911878e-08 -0.0002600878164350763 -5.045630585603451e-05 -4.828542235550231e-06 -0.0046868441213450225 0.06434803863586139 -0.011659899841583927 50.14715299498599
4.363589123249957 -7.446920843324117e-08 3.680482865098835e-08 -0.000255818090123815 -6.482030842883276e-05 -3.4592148998083568e-06 0.020078713614630025 -0.04804691554326097 0.0059617282976573245 42.5665779893493
4.364150920999957 -9.469703028204329e-08 3.536580286662429e-08 -0.00024002567417639672 -1.1697246457749303e-05 -1.5809708349584017e-06 0.036560347233604414 0.1302105423625439 0.0026886609907749008 26.029990488261795
4.364712718749956 -9.946762568554155e-08 3.43938177970013e-08 -0.00021224282483743367 -1.7318285962794167e-06 -1.7829689295321425e-06 0.06175213574635446 -0.01037958073798632 -0.0011216110103678093 49.54423209909714
4.365274516499956 -9.911757053310275e-08 3.268450943812341e-08 -0.00017292668054608593 2.4166657273582864e-06 -4.201566891149161e-06 0.07881898192726118 0.011825295100748241 -0.005100977738916184 25.587674917635564
4.365836314249956 -9.467262670250477e-08 3.208356673092625e-08 -0.00012374037450871568 1.3175824327600202e-05 1.5760246892522461e-06 0.09611970219963217 0.020982804230061818 0.014130385765405921 32.097184069111165
4.366398111999955 -8.483768099940376e-08 3.252014220543614e-08 -6.794826777976628e-05 2.2003126963777063e-05 4.860321527452937e-07 0.10312069971421947 0.014395047406194097 -0.005957829847207132 7.5529235305747795
4.366959909749955 -7.419983763769085e-08 3.2404385233941584e-08 -8.33320780354866e-06 1.6625014111225718e-05 -1.0026620413309434e-06 0.10901598588414152 -0.015565063008314249 -0.0018228871365816403 11.228780911026169
4.367521707499955 -6.349836352823374e-08 3.2626946673592616e-08 5.139363411275983e-05 2.0748418911498445e-05 1.5914563306131414e-06 0.10423532657873824 0.013065841478564 0.006227635190584176 -13.444162235470289
4.368083505249954 -5.4995668991196875e-08 3.333658011908068e-08 0.0001084193203715528 1.0509981183308998e-05 1.1561263289331589e-06 0.09866461917868535 -0.02604698442877939 -0.0025255180562276562 -9.03378346823198
4.368645302999954 -4.691649862347594e-08 3.473445620079159e-08 0.00015932850089357266 1.706029627555778e-05 3.602873794089508e-06 0.08315878959367208 0.021086197260329762 0.006075392651253262 -32.24202513212044
4.3692071007499536 -3.9095790936547655e-08 3.6495199098063305e-08 0.00020163073864994796 1.1746662643392942e-05 2.897062092841564e-06 0.06730979907282143 -0.01709438420577077 -0.0030892792059431266 -27.203497802204684
4.369768898499953 -2.8873016604825195e-08 3.8139079256107476e-08 0.0002329247551351505 2.3448011538786975e-05 2.859632045692689e-06 0.04451920973014942 0.030309097473888224 0.0006890379461630741 -43.90818709047106
4.370330696249953 -1.4339300407974597e-08 3.9761465528423635e-08 0.00025115551581642487 2.8940847867778842e-05 2.933672699072141e-06 0.02035404130356868 0.004644286524650319 -7.519031947682855e-06 -42.79045324539548
4.3708924939999525 2.4502897169191817e-09 4.035139361021475e-08 0.00025548659522045287 3.086843137518786e-05 -6.331334796948109e-07 -0.004868837983198933 0.003127801694269546 -0.00793426402945523 -45.4232933823487
4.371454291749952 2.0512403506295496e-08 4.077121824406414e-08 0.00024701084298975676 3.338971393971178e-05 1.7433029760560864e-06 -0.02557551654119187 0.004827903310551117 0.007271137147850717 -34.71653667633774
4.372016089499952 4.050315381600104e-08 4.097360316998857e-08 0.0002257274766117465 3.768813831601381e-05 -6.579651987871926e-07 -0.049920920719232 0.008357018457460189 -0.007160606002706424 -45.489390397931416
4.3725778872499514 5.974073950403848e-08 4.078296461564645e-08 0.00019249189811861 3.14146423933639e-05 -2.688774387455648e-07 -0.0687747284634497 -0.016047783112062446 0.00265587177109837 -30.577374841176436
4.373139684999951 7.47568114379981e-08 4.089833548724242e-08 0.00014845125026430057 2.2061557035225005e-05 7.085461959045916e-07 -0.08790043697489486 -0.016798669247909504 0.0015107996551972048 -34.91035794047151
4.373701482749951 8.265501830788641e-08 4.075398485946919e-08 9.650658932391088e-05 6.405836994012648e-06 -1.0744007038430626e-06 -0.09758121941584322 -0.03063430995391179 -0.0043447567855755985 -12.812151553704451
4.37426328049995 8.01911907398803e-08 3.983709376033626e-08 3.921997566550834e-05 -1.4944202091681347e-05 -2.2603227081380714e-06 -0.10627498054701887 -0.039845259714740094 -0.0015524872763575293 -16.140580725169887
4.37482507824995 6.80139491751408e-08 3.8832208493607146e-08 -1.9841618354923728e-05 -2.88819355586976e-05 -1.4137489739122657e-06 -0.10458918187622793 -0.02105014219050283 0.00227174838716111 7.786047242559166
4.37538687599995 4.5022217306657225e-08 3.7936937509584604e-08 -7.792210734376299e-05 -5.2315689769773515e-05 -1.6862952177295088e-06 -0.10207285547790541 -0.04687756783275135 -0.0011743524923160998 3.6523144536254404
4.375948673749949 1.597606770803714e-08 3.745604803514416e-08 -0.00013152309826842745 -5.255644466317779e-05 -1.4924145221817579e-07 -0.0893470807563245 0.01118371231768457 0.0037135327684436024 27.40177028370309
4.376510471499949 -1.5574327282427757e-08 3.740491709249506e-08 -0.00017805133297245216 -5.904458622807847e-05 7.211575971083027e-08 -0.07616878786812986 -0.017232043133514757 -0.00043586339310595456 22.471259251934097
4.377072269249949 -4.285009824450896e-08 3.7410829937874946e-08 -0.0002148167945770108 -3.9690384643760176e-05 -5.754631143844001e-08 -0.05518639846510986 0.047371109523829315 -0.0001795322614733088 41.06800184219429
4.377634066999948 -5.878001955885003e-08 3.8099666473040356e-08 -0.00023935453136643734 -1.6810167456246806e-05 2.3677102842280537e-06 -0.032165098092489096 0.03906570611583417 0.005441079017710632 40.95539312467663
4.378195864749948 -6.070614166864278e-08 3.803089826268942e-08 -0.00024992725079066953 9.696682596752927e-06 -2.1845180602528058e-06 -0.0056699016143285505 0.04921131513389147 -0.011488977871547446 48.71296417753399
4.378757662499948 -4.839382634866788e-08 3.7639126852426215e-08 -0.0002467256990181712 3.4306017895080274e-05 2.876857599648967e-07 0.017313967725056764 0.0424529425291186 0.008372897995377956 38.96086849147637
4.379319460249947 -2.8833510021410473e-08 3.848421184877223e-08 -0.00023238260981965614 3.6544362378147686e-05 2.8417440465332137e-06 0.034037915243513156 -0.005632919132549953 0.0035895552171874706 27.470566291773594
4.379881257999947 -6.956043828256577e-09 3.827119286760673e-08 -0.00020630346793988052 4.091553275256575e-05 -3.1496421710325414e-06 0.05830680596590419 0.011134083914853026 -0.014228223205043184 47.130640554401865
4.3804430557499465 1.1846881935065677e-08 3.760561430717755e-08 -0.00016903867513896363 2.7149094984221352e-05 1.452187210761831e-07 0.0749112389057378 -0.03341384516645032 0.010888121322862617 25.162203337276694
4.381004853499946 2.423642173119935e-08 3.773560775840769e-08 -0.00012216033349144028 1.6500722800295888e-05 6.341333837669645e-07 0.09181971055720921 -0.01533916693609954 -0.001634195200788808 31.33079877833503
4.381566651249946 2.9369949990193633e-08 3.775437303817567e-08 -6.87656170779839e-05 2.0999466441210353e-06 -5.522380013094192e-07 0.0988595767892757 -0.02820693537369284 -0.0022311275447977844 7.831002750092553
4.3821284489999455 2.366167352962387e-08 3.698493520784802e-08 -1.1516773253214613e-05 -2.1959441224307427e-05 -2.1666558228414497e-06 0.10485645247337425 -0.04648040443152429 -0.0030342977846719676 11.385297776319732
4.382690246749945 8.363348746653182e-09 3.6007037452779174e-08 4.602785136443212e-05 -3.3331736655284613e-05 -1.4508135493365474e-06 0.1006015392586034 -0.013683256352575798 0.0023513235126811404 -12.313506394286854
4.383252044499945 -1.6199762734723257e-08 3.518380058495919e-08 0.00010116689037067781 -5.341562803841685e-05 -1.4080127927503383e-06 0.09558642038628294 -0.041265844462786555 -0.0004925991942897519 -8.080262948141447
4.383813842249944 -4.451402039100857e-08 3.4915634867801165e-08 0.00015059745531143713 -4.893898778110963e-05 3.3947969453980443e-07 0.08095411355521072 0.020276985738014022 0.004011320602236291 -30.53681712490507
4.384375639999944 -7.252599862814672e-08 3.5059839004251896e-08 0.00019190408295219157 -5.007876712446693e-05 3.027171636529175e-07 0.06597505584980237 -0.007605255486155157 -0.0010846267821914301 -25.694199279970128
4.384937437749944 -9.358007926730896e-08 3.5266740068269715e-08 0.00022273296586033928 -2.644357452677208e-05 3.944170826619305e-07 0.04418925366201572 0.05448961766438423 0.0004751890163632007 -42.04986029023013
4.385499235499943 -1.01995826662311e-07 3.584461099391149e-08 0.00024104884262033145 -3.107222989360306e-06 1.6094730324943248e-06 0.020991328400045278 0.03830097801429454 0.0025847022478054657 -41.102918893435906
4.386061033249943 -9.675113254156132e-08 3.594020929491302e-08 0.0002459379089027038 2.159896501155106e-05 -1.0385142971523359e-06 -0.003507113409565034 0.04539602407334489 -0.006537947399877731 -44.23330357560325
4.386622830999943 -7.929813672186603e-08 3.635295837032364e-08 0.00023845723049096033 4.088351011548281e-05 2.1234348884600005e-06 -0.023402792033176516 0.031559107052479315 0.008669823823137966 -33.20955926500186
4.387184628749942 -4.9990897349236235e-08 3.694688514320264e-08 0.00021866119701245373 6.319267527039182e-05 3.6389473974392574e-07 -0.04680421674435435 0.04174811595477327 -0.006082432806255089 -43.76578042649366
4.387746426499942 -1.252630942396911e-08 3.7619627981926854e-08 0.00018731013576971534 7.10581148024055e-05 1.7603097252454915e-06 -0.06515630471893798 0.007063574057551101 0.004627631559841815 -29.8919508410177
4.388308224249942 2.8182499748916622e-08 3.890326330922237e-08 0.00014545927587998123 7.392708393951521e-05 2.89201215713033e-06 -0.08373246731579487 0.00461756284760267 0.0013611300335750784 -33.85897427443784
4.388870021999941 6.628410438038395e-08 4.0151870170088596e-08 9.587228316530707e-05 6.250314591425044e-05 1.6650577153377215e-06 -0.09332748927169751 -0.026572652945221906 -0.003070256155033899 -12.884180390031942
4.389431819749941 9.516760022026269e-08 4.0614375967845746e-08 4.0990853022662596e-05 4.0708332366202815e-05 -2.0734782807856598e-08 -0.1019713409321256 -0.041850297150598105 -0.0029833242883722244 -16.011524943119458
4.3899936174999405 1.1162276112560936e-07 4.08514601789489e-08 -1.5765161678355493e-05 1.7836088084466262e-05 7.283425779236788e-07 -0.100659827235469 -0.04042816949369985 0.00241252820805525 6.9209992254331425
4.39055541524994 1.1151101302123028e-07 4.089194442311994e-08 -7.175156318366154e-05 -1.7522562800298904e-05 -4.4214039881344987e-07 -0.09855163744498432 -0.06856595623859173 -0.0032074566882771757 2.960472500926609
4.39111721299994 9.689764801409287e-08 4.0982199848112606e-08 -0.0001235979516363524 -3.56482104515807e-05 6.032852840087297e-07 -0.08660021937886075 -0.02318807716612715 0.0031279363279804588 25.851787204869453
4.3916790107499395 6.961784435465256e-08 4.1028272615789514e-08 -0.0001688032559414783 -6.078662455704056e-05 -2.901634376597966e-07 -0.07421063344252109 -0.050135952372816275 -0.002769907497648446 21.103882044989764
4.392240808499939 3.603118688348575e-08 4.0683774023096533e-08 -0.00020475317041529712 -6.0388616983813607e-05 -9.847152100090046e-07 -0.054228169916109376 0.013419554948062412 -0.0008529008267927322 39.18501105735131
4.392802606249939 3.908968598661848e-09 4.056403629999434e-08 -0.00022903483880937466 -5.390699869818345e-05 4.507512982373258e-07 -0.03221454597446934 0.011066712020628457 0.0034071382035178307 39.184060750743456
4.393364403999938 -2.0170481171039423e-08 3.9492336495236264e-08 -0.00023987909813440078 -3.266119863174705e-05 -3.912879021813907e-06 -0.006593917430696828 0.044505227379053006 -0.010560862061544912 47.20988360727313
4.393926201749938 -4.143676795969413e-08 3.778690968814292e-08 -0.00023690593916042224 -4.116218693819472e-05 -2.567834312320858e-06 0.017324819819981158 -0.03004100592119468 0.005632940008973753 41.41671974706949
4.394487999499938 -5.463503697026333e-08 3.711407500193416e-08 -0.00022335587219742288 -8.60435836777791e-06 1.9513313127683782e-07 0.03142888028165163 0.0799514204117272 0.0047393675905032925 21.027354747376766
4.395049797249937 -5.797814231651232e-08 3.6458449305795824e-08 -0.0001989790490340489 -1.1877275049825928e-06 -2.242286430602127e-06 0.05470766689959754 -0.003485851350691868 -0.006608100449926205 46.53846179709435
4.395611594999937 -5.8375839626837155e-08 3.496132049369474e-08 -0.00016384946437238024 -3.834711648065397e-07 -3.2401838360773554e-06 0.0709127849091319 0.002660933203513156 -0.0005682966258038315 24.421772302244896
4.396173392749937 -5.6972771096502814e-08 3.426267148438322e-08 -0.000119403462411708 5.151160599647128e-06 5.233365187127554e-07 0.08717214906918157 0.011649322436611603 0.008515906987733357 30.07164236145739
4.396735190499936 -5.309435937661871e-08 3.4218934470531404e-08 -6.861364285873233e-05 8.817864759476607e-06 -3.6022758033115685e-07 0.0941948785902555 0.005246086187264881 -0.004094906877136924 8.107662672162839
4.397296988249936 -5.017110686389158e-08 3.381733778400643e-08 -1.3988454862915902e-05 2.1308415126725457e-06 -1.154199375081727e-06 0.10018978917575887 -0.016190148345357692 -0.0007428605328698298 11.311760451406032
4.397858785999936 -4.8278482570170764e-08 3.3734802969128935e-08 4.106996472431624e-05 3.99065937554702e-06 7.308653163589438e-07 0.09638942060535535 0.008185631851928192 0.004379984092646919 -11.283760224283649
4.398420583749935 -4.8543107989023057e-08 3.403141266645982e-08 9.398031352241272e-05 -4.212616443958371e-06 4.777172103483423e-07 0.09186911002807564 -0.020298696752654406 -0.0016582505618519426 -7.236751028671179
4.398982381499935 -4.8617686630129725e-08 3.489724824686102e-08 0.00014157526658297533 2.905273546620304e-06 2.4417765525969047e-06 0.07811396136460054 0.02091197949639758 0.004784594698818931 -28.796018172109477
4.399544179249935 -4.758550744209949e-08 3.609695591466695e-08 0.00018153381759667517 1.5086845571858317e-06 2.00495267683687e-06 0.06402121160474901 -0.008335405391130089 -0.002168081803131082 -24.157363829443668
4.400105976999934 -4.270727861974757e-08 3.728598403515337e-08 0.00021157804552458584 1.4844275000147207e-05 2.1512447059416894e-06 0.04333636323780913 0.031755540231748584 0.000867520217168697 -39.98444688922805
4.400667774749934 -3.184353013919347e-08 3.865461597935959e-08 0.00022972366841245807 2.430217372730883e-05 2.7166931767797552e-06 0.021241345852259806 0.01310493971522975 0.001041242799613925 -39.16530220637805
4.4012295724999335 -1.6689419030852748e-08 3.922957547566231e-08 0.0002350103238116207 2.975393152937649e-05 -4.58337444992807e-07 -0.002332491723007743 0.008853926241451504 -0.0073247538686740665 -42.660463315667535
4.401791370249933 1.6231413758185728e-09 3.9715682712919714e-08 0.00022845388915704174 3.5400933972987125e-05 1.8287595605670767e-06 -0.021290165198172985 0.01035109893950156 0.006919979329986395 -31.515707864256285
4.402353167999933 2.2083776319595304e-08 4.057660583868154e-08 0.00021129541502759377 3.7640081119417e-05 1.4747205952615338e-06 -0.03975148551475125 0.0023943276908447242 -0.0025177315342406062 -33.19751094373047
4.4029149657499325 4.389491782938872e-08 4.0424205822862175e-08 0.00018256177696873263 3.99531370902815e-05 -1.9066269972109411e-06 -0.06231987331377217 0.004547967638198315 -0.0068940655473133045 -41.91528536799369
4.403476763499932 6.369173064986886e-08 4.010842007922166e-08 0.00014376050305318585 3.116175313714354e-05 4.3296734607259395e-07 -0.07634814248241828 -0.020697821303097885 0.006929113826665435 -20.73407771432322
4.404038561249932 7.714854122073229e-08 4.0278569890254396e-08 9.668101319740284e-05 1.6893033791971292e-05 3.939296367321931e-07 -0.09108132109456825 -0.026573445375993154 -0.0018191373603830983 -27.59780314737997
4.404600358999931 8.196955858082232e-08 4.0302278128616125e-08 4.438756838754654e-05 3.6001942635414215e-07 -3.264914082380038e-07 -0.09569589515256148 -0.030142595803452663 -0.0011481524929786006 -3.3679765435335574
4.405162156749931 7.54678241935968e-08 3.9849036809944564e-08 -1.0429562321329523e-05 -2.3137025096900275e-05 -1.2702444919957519e-06 -0.09935376766080255 -0.044745275374815235 -0.0018128124986169065 -7.296772235651919
4.405723954499931 5.971971601263103e-08 3.915122551281258e-08 -6.437851226474816e-05 -3.374362029799146e-05 -1.2711970673886575e-06 -0.09327690483239141 -0.012413355596737235 0.0004510836443944118 15.345212919741263
4.40628575224993 3.472548839252474e-08 3.842398246102654e-08 -0.00011491010620910433 -5.4462660448556414e-05 -1.3018114035783754e-06 -0.08651121461610636 -0.04299652566635089 -0.00018088780946135316 11.217357576576596
4.40684754999993 5.637397420600252e-09 3.789484962046852e-08 -0.00015901363810438075 -5.066339133209374e-05 -6.256517563780681e-07 -0.07101456514741304 0.01920250524298931 0.0015496771749092385 31.675705846120277
4.40740934774993 -1.965913514935927e-08 3.855200707850382e-08 -0.0001936732465183874 -3.941799771951194e-05 2.8202707191279436e-06 -0.05241867249476763 0.020220374602367835 0.007279758252614251 33.45693489751115
4.407971145499929 -3.563337378504298e-08 3.908188729817482e-08 -0.00021768610855290167 -1.8015212237500726e-05 -5.161735958147296e-07 -0.03309670094568544 0.04256610428501877 -0.009243528201023598 34.62715318731387
4.408532943249929 -4.071582885025141e-08 3.829491588052586e-08 -0.0002291475826864642 2.3995563766515034e-07 -2.4677730702659216e-06 -0.00802232393833933 0.029976222654103532 -0.0020314268021122657 47.13370082350397
4.409094740999929 -3.4849240244407565e-08 3.7917259611492495e-08 -0.00022748827646455237 2.045527074128063e-05 8.712985954592343e-07 0.014170581106880027 0.037485020666942086 0.007937291193918358 37.595788766664036
4.409656538749928 -2.1833482442385664e-08 3.87314099878268e-08 -0.00021566332982029626 2.6713377524238003e-05 2.2029960933087935e-06 0.028318479058924394 0.004553032494974795 0.0009787041490526688 22.080125909047773
4.410218336499928 -6.451318444378335e-09 3.84187746279605e-08 -0.00019333324799271373 2.8112317169355566e-05 -2.9927870287591384e-06 0.0506199137289714 0.0019743826022080315 -0.011805293541674635 44.100660911727175
4.4107801342499275 5.411290092422352e-09 3.7559325245797136e-08 -0.0001605903293068242 1.492286862195236e-05 -5.758651794900746e-07 0.06644816847535415 -0.029840118815275117 0.008328974526933944 24.19270175888122
4.411341931999927 1.1701440270452996e-08 3.7399671176492114e-08 -0.00011874823854264023 6.974197591223341e-06 2.2561820185462847e-07 0.08237813152315304 -0.010225763427993324 -0.00029894309932390227 29.39599251887529
4.411903729749927 1.232484560343022e-08 3.728807173917886e-08 -7.05891759544734e-05 -4.436186123124822e-06 -5.866680374955956e-07 0.08959133579587504 -0.02283166303438273 -0.0017326011167610883 8.700381457344594
4.4124655274999265 4.457570879600244e-09 3.643730095449205e-08 -1.8482751999361914e-05 -2.32353644544598e-05 -2.395103611837054e-06 0.09583146876102906 -0.036120256237791665 -0.0035906188938408354 11.709200552561738
4.413027325249926 -1.0945648855667394e-08 3.5462517812431955e-08 3.432391038925899e-05 -3.223529278469287e-05 -1.2528440807547757e-06 0.09270607743655496 -0.010994776575457412 0.003439182192827505 -9.881295869869582
4.413589122999926 -3.3141490150706533e-08 3.462094488799486e-08 8.535528375256693e-05 -4.633617527256748e-05 -1.6141500627371123e-06 0.08886917817807682 -0.028625769548548598 -0.0016637013621376077 -6.066776925337297
4.414150920749925 -5.7419540853573914e-08 3.4371115900139184e-08 0.00013154575408045815 -4.128255810454178e-05 5.504265925551765e-07 0.07609568882134035 0.018400740642222878 0.005232108422643673 -26.904319729527167
4.414712718499925 -7.878345932978509e-08 3.484326746119337e-08 0.00016970327505476092 -3.456913786328981e-05 1.25608044793993e-06 0.059810899213152705 0.010337174950926013 0.0002620527304215412 -29.507577127026696
4.415274516249925 -9.40419659746093e-08 3.5057971800910444e-08 0.00019843091956725072 -2.0230999978329753e-05 -3.9081402021030485e-07 0.042500739650967824 0.029318063215836358 -0.0037298533925636513 -31.138210936704304
4.415836313999924 -9.960165100274486e-08 3.5019895322344934e-08 0.00021668274735316112 2.1492181305828707e-07 1.0926476661804033e-07 0.02261058627193396 0.03816266040936864 0.002045138654398053 -36.47103875547991
4.416398111749924 -9.35219992542003e-08 3.508066110310743e-08 0.00022288308200008476 2.1440672960260672e-05 1.683656673750282e-07 -0.0003958107818365212 0.03768663143634918 -0.00037978515875763513 -42.071474011747526
4.416959909499924 -7.660940103686038e-08 3.597153360033325e-08 0.0002177728105296047 3.8972927564997784e-05 2.8408136044654473e-06 -0.018128781958785305 0.029587608831523535 0.006041142979450293 -28.937992563078158
4.417521707249923 -5.056276511522137e-08 3.742213891261625e-08 0.00020258793595922595 5.3851195866661496e-05 2.5316392930975445e-06 -0.03584718470275788 0.025707244928862318 -0.00219819859109615 -32.18894816171134
4.418083504999923 -1.555560964157678e-08 3.81799264343097e-08 0.00017639251229246768 7.0642164099837e-05 2.262944026895883e-07 -0.05722332315356162 0.030933093273422817 -0.004579842759033836 -39.514671250449815
4.418645302749923 2.396151560083342e-08 3.879727193834547e-08 0.00014053671141123667 7.099639734540924e-05 1.7414972652939023e-06 -0.07090257851180941 -0.006945104343016054 0.004516287075911798 -20.557675511689627
4.419207100499922 6.163405477123666e-08 3.9691991847700994e-08 9.662958437731633e-05 6.332962558383986e-05 1.5946836397420432e-06 -0.08524942976881754 -0.015322291169041364 -0.0014557320874643402 -26.782325328549373
4.419768898249922 9.179955502844902e-08 4.0627452579430585e-08 4.7520413403060386e-05 4.462735686945548e-05 1.6845015547609114e-06 -0.09014991883259879 -0.03778197530533367 0.0005637778837824152 -4.208006889300745
4.420330695999922 1.0876452469110235e-07 4.1178378883338236e-08 -4.2753757266357076e-06 1.617445812087651e-05 3.6862989245924217e-07 -0.09415100787755545 -0.05386220620583289 -0.0030687589342077207 -7.850421447221144
4.420892493749921 1.1185129187823068e-07 4.1461923342287876e-08 -5.555287223954288e-05 -5.659512272070598e-06 5.344829235694794e-07 -0.08893818409614213 -0.03511503281578241 0.001136212729617554 13.561138333449867
4.421454291499921 9.940233164796538e-08 4.140433582432217e-08 -0.00010389566150932428 -3.795200797265775e-05 -6.376560713674954e-07 -0.0830640210308818 -0.06307204508915977 -0.002892062459180835 9.679728302200015
4.4220160892499205 7.519213299078704e-08 4.1012907076376655e-08 -0.00014641891510217721 -4.957561903779546e-05 -8.360623479883929e-07 -0.06881441269656927 -0.010094523476970369 0.0002815616471061648 29.28544662684207
4.42257788699992 4.5983684266154026e-08 4.1170100524620665e-08 -0.00018020774879563438 -5.445120548656834e-05 1.2852451444511982e-06 -0.05152112999200963 -0.008324549033524734 0.004649518782504048 31.15619255334648
4.42313968474992 1.7447838165698362e-08 4.0893606060114096e-08 -0.00020407186979699954 -4.777500833064586e-05 -1.941150661936689e-06 -0.03346616243599071 0.016935676004590644 -0.008341110400737206 32.383254874692085
4.4237014824999195 -5.548583451236597e-09 3.9391456299427574e-08 -0.00021604169478850512 -3.43142351391344e-05 -3.5780172278932303e-06 -0.009472699786301197 0.025716301499735167 -0.0015567505272814231 45.2896409438468
4.424263280249919 -2.7022417991126443e-08 3.838825936884396e-08 -0.0002159119276714557 -4.094686666384213e-05 -2.3083777276834527e-07 0.010256127712410364 -0.02118668059120577 0.007836661956715254 32.57423116818219
4.424825077999919 -4.0610276969492755e-08 3.774765035497613e-08 -0.00020608200416991917 -9.844919005415742e-06 -1.7184072245127909e-06 0.02494171797576719 0.0744985040338526 -0.005269007535861484 24.531880707321037
4.425386875749918 -4.5986186026169406e-08 3.6800407907380285e-08 -0.0001860142365297947 -7.093829684477659e-06 -1.8148571547494103e-06 0.046085436030153276 -0.012503452238766212 0.0011026507881157525 40.91180272943211
4.425948673499918 -4.9916276266910184e-08 3.537511215343392e-08 -0.00015595167720173277 -7.281839242478227e-06 -3.1492889618594777e-06 0.06137035779193034 0.0027075417910484172 -0.003244773482696249 23.78100040766197
4.426510471249918 -5.401359783477623e-08 3.419549788053678e-08 -0.0001179842605610748 -7.222407296667171e-06 -1.2590048398693866e-06 0.07384353617028354 -0.0005446493676712398 0.005017075563134056 21.807571928701826
4.427072268999917 -5.7564347911315886e-08 3.407073257056502e-08 -7.304998872698013e-05 -5.530636668743867e-06 8.54500862553318e-07 0.08612100832283336 0.0039003520078704644 0.003448281320622697 21.865482693851874
4.427634066749917 -5.9189397258477886e-08 3.4259952947972866e-08 -2.414184767047049e-05 -4.188230470521735e-07 -2.2571435203850854e-08 0.08854651384123333 0.010398697363172444 -0.0028135562024240246 -0.06962086803589163
4.428195864499917 -6.006252483385767e-08 3.396237391701404e-08 2.6176430906880007e-05 -2.257476368546801e-06 -1.0669738228529611e-06 0.09047583441025951 -0.006690678001576234 -0.001620406273533695 4.310143504558705
4.428757662249916 -5.93693518388608e-08 3.3873449110603646e-08 7.485375878761795e-05 4.1531420174548494e-06 6.051385318292143e-07 0.0833523548158394 0.01593629548057478 0.004125551576155841 -16.927278052983038
4.429319459999916 -5.765538023908457e-08 3.4257794160413146e-08 0.00011953990661295403 2.542784366732016e-06 8.781452869642521e-07 0.07562980467980884 -0.007567119660919469 -0.00042394786082592046 -12.950854625346299
4.429881257749916 -5.325166786482121e-08 3.531544297428146e-08 0.0001575841691229784 1.2343984759478538e-05 2.7674158134401654e-06 0.060262897506038665 0.02369945089814288 0.0043096139076361515 -30.953654976280284
4.430443055499915 -4.4272038907372093e-08 3.7106813649823626e-08 0.00018640039107218324 1.9944873756072046e-05 3.6939357197154387e-06 0.0423521617600867 0.010987115377455312 0.0009841033248622704 -32.1129734899549
4.431004853249915 -3.0364807076659263e-08 3.8449217005049946e-08 0.0002050206501816603 2.9381279192321123e-05 1.2533991987372625e-06 0.02395594230621345 0.018249223356283522 -0.005676219617546374 -32.90334511706279
4.4315666509999145 -1.3128184672516614e-08 3.882904494266714e-08 0.0002121809386968078 3.238862938486637e-05 -9.545984304500714e-09 0.0017443067638863742 0.0021290483728032693 -0.0013909981419333536 -41.19505304954742
4.432128448749914 1.1962653927510128e-08 3.921052860727263e-08 0.00020707316208002627 5.569126362246977e-05 1.2526710262623746e-06 -0.02000632834226947 0.05131609934474104 0.0031561823980385574 -38.09640009081599
4.432690246499914 3.525527217068932e-08 4.090278352972314e-08 0.00019269873176164023 3.0281408479427915e-05 4.678776977577498e-06 -0.03171208412603821 -0.06936595281217338 0.006834040180286709 -16.521206726424296
4.4332520442499135 5.232833646200361e-08 4.103809736304197e-08 0.00016897297013807703 2.8411822855745723e-05 -3.5199196934919886e-06 -0.052125463764644456 0.013181660169548729 -0.019950610229423193 -41.289468241420096
4.433813841999913 6.411256825701492e-08 4.051682363226044e-08 0.00013604434467507926 1.4726402698267123e-05 7.912217972619542e-07 -0.06564477575304782 -0.03374547504504641 0.014579942422250768 -19.75810226426366
4.434375639749913 6.807296052338428e-08 4.025157562920015e-08 9.531916536345456e-05 -8.193523598256066e-07 -1.164739319844464e-06 -0.07919882621158561 -0.026152936415962884 -0.00799699911288726 -25.218236854988376
4.434937437499912 6.297097385321406e-08 3.952681999763074e-08 4.952249274049444e-05 -1.724617374578056e-05 -1.6412984466574432e-06 -0.08434479311864332 -0.030011443662530304 0.0009389057157605518 -5.14521721171238
4.435499235249912 4.717962830878773e-08 3.850232659190158e-08 9.257853135031131e-07 -3.871196145080715e-05 -1.9583911556745063e-06 -0.0885836453905033 -0.04025851696688839 -0.0009402577100311997 -8.145142049123516
4.436061032999912 2.3487260300487903e-08 3.753634200566478e-08 -4.74523072376141e-05 -4.6468763338419495e-05 -1.534093908629221e-06 -0.08414919824401208 -0.007194255044520607 0.0011791258069044563 11.90293046256321
4.436622830749911 -6.632576450159916e-09 3.664949926404762e-08 -9.333396967025069e-05 -6.021213776054498e-05 -1.5830507450922854e-06 -0.07909753113314126 -0.028780444481013214 -0.0004037104134011457 8.264226762253559
4.437184628499911 -3.741886887706423e-08 3.601821868970321e-08 -0.0001339777109932007 -5.0824606821263594e-05 -7.253135316737024e-07 -0.06606605062846842 0.02808236756460373 0.0020093929127501533 26.928987577326975
4.437746426249911 -6.21529758910771e-08 3.620153326664768e-08 -0.00016658591640657927 -3.711267631603765e-05 1.3260247253708856e-06 -0.05006806183292958 0.023488453635541084 0.004061879416560663 28.86327835374202
4.43830822399991 -7.6381869152514e-08 3.635752449928447e-08 -0.00018999512146401532 -1.4094684466810474e-05 -5.375120386025226e-07 -0.03329981069284171 0.045342918711752396 -0.005161839174715439 30.093539384830123
4.43887002174991 -7.81323010386826e-08 3.585398316254298e-08 -0.00020221442432620765 8.050374523887634e-06 -1.371313702492163e-06 -0.01053068157424421 0.0379370268227598 -0.0005647489177527954 43.13792769601014
4.43943181949991 -6.411904582729385e-08 3.664032205490234e-08 -0.0002033473497904217 4.117254486397083e-05 3.858648120486435e-06 0.006881252583082701 0.06421257266952543 0.011777852343756187 27.957071769781855
4.439993617249909 -4.1197530769415664e-08 3.798307994818432e-08 -0.0001953148533714289 4.238882294333324e-05 1.4303548648731888e-06 0.021760927948188156 -0.01334692442726719 -0.008347415606696659 26.118009910471287
4.440555414999909 -1.547360866091058e-08 3.821627446407523e-08 -0.00017859166915645342 4.842691948413129e-05 -7.417871090861235e-07 0.037702266326193785 0.016771495977274706 -0.002746162014553408 28.939975590814292
4.441117212749909 1.2097240451319244e-08 3.814089150153478e-08 -0.00015187275468305997 5.015793247983039e-05 3.265481007458668e-07 0.05723300155883028 -0.00034137005962819964 0.0030635863574012463 36.22089221221923
4.441679010499908 3.5813136342454357e-08 3.838190919493591e-08 -0.00011667106421074292 3.510651203730619e-05 6.122186919397778e-07 0.06859076390322852 -0.033404068137177265 -0.00013027952076537566 16.215798289602205
4.442240808249908 5.156217713025385e-08 3.894932919682466e-08 -7.469467592052977e-05 2.0714043710494244e-05 1.3615307428071308e-06 0.08067772503682569 -0.023672225152998515 0.0016997892017083438 22.8395390843374
4.4428026059999075 5.8316372731821826e-08 3.952386814963804e-08 -2.866186281169661e-05 3.548391764206433e-06 7.707732942962017e-07 0.08374813498441439 -0.03227551948323251 -0.0017393826299369013 1.1217773964631306
4.443364403749907 5.3823943709047466e-08 3.923265721469033e-08 1.904174892072775e-05 -1.92774293999718e-05 -1.7222198109195058e-06 0.0859862775394984 -0.04271857247345747 -0.005112064029358743 4.699422860848621
4.443926201499907 3.942699509951609e-08 3.8433333516705954e-08 6.547072180367996e-05 -3.2577532015917394e-05 -1.3082077149452414e-06 0.07979749292672945 -0.01891308535009674 0.0021991929254888834 -14.944901547481871
4.4444879992499065 1.611466432868106e-08 3.7621052637769944e-08 0.00010842034539855939 -5.0030321291260666e-05 -1.503055096228949e-06 0.07301254545250256 -0.03410418499430119 -0.0009833336568964197 -11.360282818776305
4.445049796999906 -1.1820483304157345e-08 3.7053733911281633e-08 0.00014533157676758124 -5.047170737166855e-05 -5.985523101573141e-07 0.058830198211010466 0.007543962214756708 0.002258352123297344 -28.715652065424162
4.445611594749906 -3.8302086626172774e-08 3.716556073204733e-08 0.00017368270398957763 -4.393224784344431e-05 9.792697664768896e-07 0.04213166105360667 0.012664306969370334 0.002946066107242235 -29.97533234466186
4.446173392499905 -5.9134655961835636e-08 3.707420485247435e-08 0.00019250943395044158 -3.0582420805478014e-05 -1.0947349361503053e-06 0.02491280444874691 0.02653728856566782 -0.005351177013232258 -30.818123051231247
4.446735190249905 -7.033033391664115e-08 3.6253408060006525e-08 0.0002004481745903196 -9.615002084341817e-06 -1.948386939774274e-06 0.0035754511811926125 0.04001818474640279 -0.0005615814642533344 -39.77108049490826
4.447296987999905 -7.234738840660931e-08 3.5763322115985086e-08 0.00019711688130157434 2.98988288077428e-06 7.227228383332975e-08 -0.015612352230484874 0.018041323001029515 0.004636362161072898 -32.75009268074637
4.447858785749904 -6.599804088275092e-08 3.6200668348174886e-08 0.0001849184069393764 1.926826168460939e-05 1.5481750338145778e-06 -0.02814423787025582 0.03170906226939536 0.0021247930948615256 -19.695922517738452
4.448420583499904 -5.1307978834276073e-08 3.640382791031678e-08 0.00016353021183970873 3.324425200482657e-05 -6.349787403085014e-07 -0.04752971713535492 0.02316931305063675 -0.005388715445429857 -38.20871095110133
4.448982381249904 -3.131922314091749e-08 3.642090208327804e-08 0.00013327088716584432 3.8360126974031385e-05 4.6367411148090243e-07 -0.060662214458984356 0.005590493600742777 0.0037916814688129293 -19.667628953417477
4.449544178999903 -9.363632251908666e-09 3.6724303931562805e-08 9.629473936199862e-05 3.989226035724613e-05 7.217415732226871e-07 -0.071012204605502 0.002011373394514247 -0.0003737202619564009 -18.111820952805434
4.450105976749903 1.2122500243058134e-08 3.7390677215376656e-08 5.353261225976848e-05 3.683396261429652e-05 1.5899032543263018e-06 -0.08121918015466514 -0.007307555860719247 0.00202508981560415 -18.182565472253433
4.450667774499903 3.059071210837667e-08 3.822686608407498e-08 7.820915767381404e-06 2.9116076096838893e-05 1.4583254953055664e-06 -0.08204272525595412 -0.015345408622035636 -0.0007990329691861587 2.713253508532314
4.451229572249902 4.216271686749507e-08 3.862453374595047e-08 -3.841561030599975e-05 1.2528386442616554e-05 1.339820844649138e-08 -0.08245062231952952 -0.03307125750969692 -0.0030152049870417297 -1.5858843481268254
4.451791369999902 4.680191586037013e-08 3.89678886043386e-08 -8.238629678517916e-05 3.452586888716969e-06 1.055067339898735e-06 -0.07457797449622873 -0.011925839730983247 0.0030715150758316937 17.913112581470035
4.4523531677499015 4.321836937600349e-08 3.932694601218446e-08 -0.00012195270148484085 -1.551969169969363e-05 3.5937316293045167e-07 -0.06618448617516058 -0.039231860137560776 -0.0023157983204529194 14.197233462398332
4.452914965499901 3.400146250874452e-08 3.96223030131259e-08 -0.00015477641471454745 -1.8371834721729282e-05 6.050941325566671e-07 -0.051069502794950934 0.0034619467786268067 0.0011256787402655467 30.081529823542077
4.453476763249901 2.283883081090202e-08 4.025314071255781e-08 -0.00017863502725665124 -2.1104046027854793e-05 1.6192164226553002e-06 -0.03388327353822391 -0.006944656881185612 0.001975002421686595 30.718977831552827
4.4540385609999005 1.349759925055724e-08 3.997755386813352e-08 -0.00019150947879891151 -1.2835313648915957e-05 -2.316508757037105e-06 -0.012198773119634139 0.020134093855436453 -0.009250739174027672 40.56826921474428
4.4546003587499 3.162560521741914e-09 3.979797407831074e-08 -0.0001951445977484838 -2.2762746335789235e-05 1.187756055821411e-06 -0.000138630542424424 -0.027122061302608663 0.01010967404110694 16.691750064791425
4.4551621564999 -4.844183852621116e-09 3.901952238825317e-08 -0.0001897629213273237 -7.45917715310942e-06 -3.382490651700702e-06 0.018761731392884142 0.040830956927388244 -0.01269621748536379 37.880368000156544
4.455723954249899 -9.378494143174768e-09 3.839271659702168e-08 -0.00017494713910156051 -7.396205601810154e-06 5.297819537569788e-07 0.034305195901033474 -0.010067627529505541 0.011878860962013764 25.114116703535828
4.456285751999899 -1.274184505641437e-08 3.7496041610671113e-08 -0.0001503811435270877 -5.02864720907197e-06 -3.1401271807542775e-06 0.05289756246421211 0.007784724332561221 -0.011135263105623832 35.08948663405448
4.456847549749899 -1.635808946467837e-08 3.6396777999037056e-08 -0.00011752518777300012 -7.4622847996926325e-06 -1.2324452298786968e-06 0.06452449296316343 -0.007361024749348891 0.00702840813832974 17.097548831018848
4.457409347499898 -1.9884905587550553e-08 3.605273366631044e-08 -7.87660446715007e-05 -5.439574752407818e-06 1.5188444801405937e-07 0.07349383351331495 0.006340786065051392 0.0013230315141315426 15.682395616128886
4.457971145249898 -2.319318330028009e-08 3.6120052051363196e-08 -3.5085975081505746e-05 -6.100349425320365e-06 1.307661882723961e-07 0.08202302907403952 -0.003055420170845305 -0.0003777460066930563 15.056861313479125
4.458532942999898 -2.540664084728837e-08 3.607218902272805e-08 1.056713181672394e-05 -2.1010734642178543e-06 -2.8945815021139837e-07 0.08103350666485032 0.00966224410066192 -0.0008405626561287592 -5.9659026998255404
4.459094740749897 -2.7286929941597524e-08 3.585717088788471e-08 5.5745425558637824e-05 -4.1709854284972715e-06 -4.912200320580857e-07 0.07968835539209658 -0.0070211151687178345 -0.00023877952532157148 -1.5014859218873435
4.459656538499897 -2.7999497735928953e-08 3.582770599812431e-08 9.773301578837921e-05 1.115030542507644e-06 3.324479961460281e-07 0.07026981105051232 0.01351666438647968 0.0018923562532489992 -20.580889784347526
4.460218336249897 -2.5396013705994105e-08 3.684765251257782e-08 0.0001335878486450105 8.182944282285843e-06 3.1972188372029395e-06 0.05744444231048893 0.012346942053026957 0.005901026089913943 -23.39122314316517
4.460780133999896 -1.793656727372334e-08 3.8224542608115955e-08 0.00016194313908912239 1.8199434797788915e-05 1.9605515180045977e-06 0.043543150887953526 0.019199955995184995 -0.004226841321454438 -25.082567784021215
4.461341931749896 -5.363937547753668e-09 3.918553338984604e-08 0.00018172793738732685 2.6688365100362208e-05 1.360742031337382e-06 0.027027120778833996 0.014087881018880498 -0.00027786578414466096 -30.47752523054945
4.4619037294998956 9.830061499622745e-09 3.960864932152655e-08 0.00019098156880950035 2.77857374511057e-05 2.0195177400858847e-07 0.006128244975875801 -0.001080316762106044 -0.002508841889413555 -38.88061758647369
4.462465527249895 3.117833719310668e-08 4.036701894028724e-08 0.0001892692239784835 4.7093900976111485e-05 2.3005175359390538e-06 -0.012410082859703568 0.043230743248494574 0.00529651931599814 -31.527625243810377
4.463027324999895 5.091958139169564e-08 4.1719539180801453e-08 0.0001791410409887506 2.575157463280407e-05 2.6615238972401004e-06 -0.023991123599458857 -0.0582943621634457 -0.0005208906710880072 -17.88590946385812
4.4635891227498945 6.313288685027592e-08 4.15489453415954e-08 0.0001615709435620189 1.6411031248118113e-05 -2.9686040038109613e-06 -0.038317764816777664 -0.006209118593991375 -0.01239681197470962 -27.405299501973673
4.464150920499894 6.720499153967575e-08 4.0419886996006366e-08 0.0001348700451327259 -1.1241970147050568e-06 -1.5238635618879537e-06 -0.05657642280727815 -0.03746360343138753 0.006313750493030841 -33.77418935652317
4.464712718249894 6.03061730064438e-08 3.937932048305374e-08 0.00010050339368986933 -2.3368260473316195e-05 -1.956685405368313e-06 -0.06628978277004492 -0.040127140585059076 -0.0025414662298172547 -13.168678686099929
4.4652745159998934 4.2261508766627094e-08 3.830353894797675e-08 6.117538141878272e-05 -4.1139192346615036e-05 -1.9535844930174516e-06 -0.0737163426619007 -0.029508538469551523 0.0006422660874694822 -13.231926170484975
4.465836313749893 1.4947194567780614e-08 3.748731129570678e-08 1.78344129763897e-05 -5.6185892756134526e-05 -9.862994190927517e-07 -0.08060799410323809 -0.02610177396120849 0.00199164277837748 -12.025942991033705
4.466398111499893 -1.6677109542736552e-08 3.652305626524659e-08 -2.657592392958479e-05 -5.716632642717875e-05 -2.309102674132555e-06 -0.07801849850873649 0.00434397856132002 -0.0034411479517759596 8.768113474336204
4.466959909249892 -4.990818818396602e-08 3.504316540552717e-08 -6.963759234838528e-05 -6.079493054294734e-05 -3.0276354834789007e-06 -0.07516449716798768 -0.009159638838288384 -0.0007384485208463069 4.158124646336807
4.467521706999892 -7.939874225141167e-08 3.380405223328869e-08 -0.00010878126392215891 -4.534969200735529e-05 -1.493252289282122e-06 -0.06464717243737086 0.03665556562311418 0.003598614754371557 22.36151648105807
4.468083504749892 -1.0040015619499245e-07 3.363300418870035e-08 -0.0001412647869722752 -2.9167247457657996e-05 8.653690653607619e-07 -0.05105223631371094 0.02684204789735013 0.004348278851730473 24.6583539061414
4.468645302499891 -1.0958483531266975e-07 3.40006534181536e-08 -0.0001658746168309428 -4.092429979034613e-06 5.960233890636142e-07 -0.03659286629902827 0.04908095719459173 -0.0016863638456906171 26.007509967014183
4.469207100249891 -1.0508104137525434e-07 3.4606631451182725e-08 -0.00018171708928320276 2.0304616025397713e-05 1.459402360136802e-06 -0.019922194659976106 0.04201318833266509 0.0023426091816667904 30.590367090621953
4.469768897999891 -8.820389360262594e-08 3.528299190230255e-08 -0.00018739681429391053 3.9997944565719745e-05 1.045738530237928e-06 -0.000427512390485579 0.033314359138165967 -0.001506054321544278 35.7280764938664
4.47033069574989 -5.2327722370104946e-08 3.6414815999463444e-08 -0.00018208925787536337 8.617645559092849e-05 2.8352994647205345e-06 0.019339562715740975 0.0944185977603482 0.004358286679521224 35.04972320782371
4.47089249349989 -1.1793197025238417e-08 3.887756062536459e-08 -0.0001687011116683272 6.244507905136993e-05 5.897546790585453e-06 0.02889249614385515 -0.0764069625046494 0.005723928664240903 12.492846181887803
4.47145429124989 2.596815638395574e-08 3.9577453855733894e-08 -0.00014723767023659595 6.919131796510739e-05 -2.739225841206744e-06 0.04689926306989473 0.03411212228428945 -0.02064780136789398 36.94184506531646
4.472016088999889 5.991000349821673e-08 4.003592867570688e-08 -0.00011773612914869723 5.3596829716884974e-05 3.3749784948309368e-06 0.05863357262183835 -0.043225767096877594 0.018766055057686366 16.873377617305984
4.472577886749889 8.482077900344276e-08 4.075794289258819e-08 -8.231603673697807e-05 3.477810214916315e-05 -2.057932045754942e-08 0.06749662782798438 -0.031065227273346215 -0.012246629941218778 15.501953527962298
4.4731396844998885 9.772725088250461e-08 4.1064654655800866e-08 -4.2785310837327555e-05 1.149681432830584e-05 6.857357175985852e-07 0.07339107364808499 -0.04403455884210771 0.004633208452838331 9.23965363331724
4.473701482249888 9.711866559050993e-08 4.1270069235735196e-08 -1.9085341319593326e-07 -1.3640921848197219e-05 2.1825080896483427e-07 0.0782631260286775 -0.044922823561884685 -0.002198456040121098 8.530403192697351
4.474263279999888 8.382296511408396e-08 4.089570192930901e-08 4.249023868001145e-05 -3.396798639628184e-05 -1.5225519519035297e-06 0.07418076567700481 -0.033997012955184015 -0.0033236721522706893 -11.215852626067942
4.4748250777498875 5.860120431381574e-08 3.987770298117615e-08 8.2965394148087e-05 -5.5674817078693255e-05 -2.1701298393526945e-06 0.06980262535946094 -0.039798445271088126 -0.0006099427687119252 -6.937399098730973
4.475386875499887 2.5525307514900106e-08 3.8730694822180815e-08 0.00011882351190180686 -6.29252167162878e-05 -1.9451492613277692e-06 0.05828112904459335 -0.006182527956546681 0.0006530674807866615 -23.900979654090268
4.475948673249887 -9.010339777698673e-09 3.808891796786836e-08 0.00014756522545774603 -6.036128428835692e-05 -4.055416154565435e-07 0.044082733658366305 0.00725038166981019 0.0032623601589970887 -25.616184978809525
4.476510470999886 -3.9963870005672796e-08 3.7501916101695345e-08 0.00016814969189356014 -5.0177028079882885e-05 -1.5184875818762351e-06 0.02922425634494833 0.020847374759716177 -0.003291894827416159 -26.65606594297382
4.477072268749886 -6.170395704961679e-08 3.638841904655113e-08 0.00017883555878118383 -2.781665282834927e-05 -2.494678774461365e-06 0.009106681897662549 0.044539991493523515 -0.001349051707509361 -38.09758688330342
4.477634066499886 -7.519936060592987e-08 3.608877764885258e-08 0.0001796766166941937 -1.9298610201067003e-05 1.1786964854194042e-06 -0.006441838013160291 0.007817647067097262 0.008510522920983464 -25.07106025375389
4.478195864249885 -7.767712330588133e-08 3.59557553697885e-08 0.00017241919811443357 9.125940403576884e-06 -1.2468753028234662e-06 -0.01945486325965603 0.06129021364482103 -0.0075245279860741135 -22.686216254802567
4.478757661999885 -6.887281549813248e-08 3.5794767839221714e-08 0.00015752310000025711 2.3353911766481453e-05 3.463568451211902e-07 -0.033502004516496 0.016334683029563406 0.005426073543422313 -25.583335389062313
4.479319459749885 -5.2918190626186966e-08 3.5459358731230615e-08 0.00013381090020179632 3.3395886327352774e-05 -1.2775959130659724e-06 -0.050751599604051616 0.018259722752278808 -0.004969813290890749 -31.984515414471428
4.479881257499884 -3.376917116092822e-08 3.5474809551716036e-08 0.00010262279014657363 3.5247497910916995e-05 1.044908289602367e-06 -0.06072766565224863 -0.00044509489403752765 0.006410025199500833 -14.200618214618107
4.480443055249884 -1.41754514657024e-08 3.620493133715236e-08 6.633116097319349e-05 3.4532308460781054e-05 1.7189731298515102e-06 -0.0684830499721507 -0.0014800228110005646 -0.00010271202282095457 -13.705575644417026
4.481004852999884 4.439954721039401e-09 3.728861712189337e-08 2.670453715425762e-05 3.184303892335495e-05 2.113509781170165e-06 -0.07277918549335631 -0.0056136190479447595 0.0009035220592790164 -6.13250767137869
4.481566650749883 2.0185056325040334e-08 3.819232431635979e-08 -1.5115880827956856e-05 2.4448092154470887e-05 1.1844971214512376e-06 -0.07610804883666712 -0.015050351881059916 -0.0022929336930309252 -5.8735940580601325
4.482128448499883 3.223436360816799e-08 3.873570492067664e-08 -5.6212431658513644e-05 1.8316723450022425e-05 7.044795474597271e-07 -0.07068626061030828 -0.00987970746535286 -0.0004948056842142441 13.531877378488344
4.4826902462498825 4.007252799841916e-08 3.940584170143306e-08 -9.343876282388821e-05 9.756447581286122e-06 1.6143886040267395e-06 -0.06190575965262785 -0.016576687036845048 0.0021482490820391685 16.15364538391208
4.483252043999882 4.4428868330165116e-08 4.0077706566433195e-08 -0.00012531442890516834 5.469427048988002e-06 8.862928006881975e-07 -0.05163866300866773 -0.005394448972851132 -0.0021570754410391263 18.80587880106895
4.483813841749882 4.5652487153351236e-08 4.058092146192139e-08 -0.00015052457420700133 -9.241745732780646e-07 8.39612022694047e-07 -0.038267306614484416 -0.012877151437466932 0.0004354041287034082 25.049798425565573
4.4843756394998815 4.441766915014848e-08 4.090356870227478e-08 -0.0001677175780528034 -3.7213678693033554e-06 3.5029547417823167e-07 -0.02300660033853652 -0.0030044672554122094 -0.001197580358067869 27.69262202738928
4.484937437249881 4.162200284818318e-08 4.077378936920053e-08 -0.00017531030426882154 -6.187432614165835e-06 -7.862254831072105e-07 -0.004205925138653835 -0.0047358772709043696 -0.0022293640530885194 34.90834702207534
4.485499234999881 3.531808110962757e-08 4.050929159496836e-08 -0.00017263346535455166 -1.5860100368364885e-05 -2.5568017980731693e-07 0.013824408440522622 -0.02033771654298869 0.0017378043190174476 31.390405658761345
4.48606103274988 2.7743282386503327e-08 4.042339457372981e-08 -0.00016229406069760127 -1.1967818752603751e-05 -9.068552567850699e-09 0.023435235390333427 0.013744755774122748 0.00011425979359734817 13.536488655572544
4.48662283049988 1.9983779985125934e-08 3.981179503034867e-08 -0.00014543849097447138 -1.5048378712836999e-05 -2.0498226755004665e-06 0.03627606472302649 -0.010290434889325191 -0.004569242894630637 25.18672324422104
4.48718462824988 8.389201575033033e-09 3.811855129752083e-08 -0.000120321903249794 -2.594081064072241e-05 -4.01213801442472e-06 0.052994504534771794 -0.021663052438407226 -0.003223840927282298 30.901847956093967
4.487746425999879 -8.375979488058238e-09 3.638821391198929e-08 -8.830446086274453e-05 -3.397584060120183e-05 -2.343595613982165e-06 0.061486451999899445 -0.012462178641865811 0.004518467091370116 11.169121215370273
4.488308223749879 -2.820171339182592e-08 3.535282177107937e-08 -5.1953946899509176e-05 -3.683666966014909e-05 -1.2605340052765516e-06 0.0679128502338916 -0.0032498000275219363 0.0012801953185780286 11.506455838292602
4.488870021499879 -4.8294885344832886e-08 3.489054467150957e-08 -1.3011410975439479e-05 -3.4906303290375535e-05 -3.9348819401831177e-07 0.07091720057371892 0.005107515201104656 0.0016091281100521677 3.8080655799702416
4.489431819249878 -6.499135402835247e-08 3.471316825449278e-08 2.6483200374138296e-05 -2.4932735490597148e-05 -1.9811153476942477e-07 0.06986324091511703 0.020914309665200574 3.243104148956913e-05 -3.2970766471085056
4.489993616999878 -7.442235529930365e-08 3.465895602316033e-08 6.441197784796612e-05 -8.883483921314346e-06 -4.736498200859589e-09 0.06531486252524873 0.030481007503924337 0.00042215169814423167 -9.295872806286864
4.490555414749878 -7.40736573657099e-08 3.484371389157114e-08 9.882031836607964e-05 1.0024508100517927e-05 6.395725944909341e-07 0.057333994153671144 0.034450030582973454 0.0013280498138720188 -15.433464013986685
4.491117212499877 -6.321935809123148e-08 3.550996451332411e-08 0.00012790691681985165 2.8657359298828486e-05 1.7138210228163664e-06 0.0463447282644578 0.03284558647781405 0.002058190311508592 -20.592750722273866
4.491679010249877 -4.263834932621566e-08 3.674119160061001e-08 0.0001501632538286796 4.474410997797544e-05 2.680038805647578e-06 0.03298837281947076 0.02758162382063598 0.0016352869996728164 -24.569703333135756
4.492240807999877 -1.6633609302397763e-08 3.799397287941017e-08 0.00016318855661302781 4.849347356684662e-05 1.8767258303747675e-06 0.013690765508100201 0.0014469280717962739 -0.0021961931288381805 -36.79475064922829
4.492802605749876 1.1955439509788872e-08 3.962592828862423e-08 0.00016750129026790863 5.307173789748985e-05 3.757821645710142e-06 0.0012022877943335857 0.009824906168671722 0.0047344864922605635 -18.588175389775348
4.493364403499876 5.1648524153665477e-08 4.139867783054082e-08 0.0001632179781309781 8.665695381838376e-05 2.7589673985306525e-06 -0.016066894783050734 0.07227087925550331 -0.0034060723341531487 -33.77688757937997
4.4939262012498755 8.583658513658087e-08 4.3276708576362885e-08 0.0001515589972464193 3.996292404070166e-05 3.7627250120026763e-06 -0.025950511525501454 -0.12196193658875457 0.0030848787846817407 -13.54682546707686
4.494487998999875 1.0469763024619469e-07 4.267839502565983e-08 0.00013233318977131503 2.4214132212796465e-05 -5.286231806832975e-06 -0.04201768009960947 -0.004550577845127666 -0.020905148718761996 -32.362743889390735
4.495049796749875 1.091329700229453e-07 4.168736557453137e-08 0.00010589064380384923 -6.822325172858035e-06 7.575765386019473e-07 -0.05254814445948615 -0.06791847356712312 0.018673760815528975 -15.33959734554402
4.4956115944998745 9.668655655647385e-08 4.094500355355467e-08 7.412172108088232e-05 -3.788588198552178e-05 -2.620269676331201e-06 -0.06058206166615621 -0.052136795862021384 -0.012184148069691739 -14.040566537843429
4.496173392249874 6.823364745047658e-08 3.972899032865912e-08 3.86445912619907e-05 -6.360723041108609e-05 -2.1218086270950937e-06 -0.0658631571746137 -0.044195801567561074 0.0041551128575193445 -8.240295930616593
4.496735189999874 2.828594336609144e-08 3.847994554849644e-08 1.2588440620156486e-06 -7.913007387631869e-05 -2.1896675157271485e-06 -0.06740384257778352 -0.023489376490965518 -0.0011897642423411826 -1.3679510565410233
4.497296987749873 -1.711395025229657e-08 3.681513857205785e-08 -3.6034003599056865e-05 -8.301718869099667e-05 -3.6902362456566936e-06 -0.06550853556897031 -0.0027764863831667005 -0.0030413243802038603 4.559045879832591
4.497858785499873 -6.1428042912474e-08 3.497172897443731e-08 -7.129999977982538e-05 -7.526479424464857e-05 -3.0068516077251253e-06 -0.06019332129375409 0.017943199325172327 0.002280861922052308 10.686590351537093
4.498420583249873 -9.858643346984236e-08 3.35527888850941e-08 -0.00010269507295187236 -5.745391358164099e-05 -2.0275812917291263e-06 -0.0517124788824467 0.03514340984206956 0.0016086609834737651 16.19822687163582
4.498982380999872 -1.2356087407565063e-07 3.2819577816674234e-08 -0.00012857856115802731 -3.178821948039879e-05 -6.114708433139389e-07 -0.04054881359767805 0.04832031720031308 0.00274868051761155 20.78959866491259
4.499544178749872 -1.327762067030684e-07 3.289631513666842e-08 -0.00014761429790526934 -1.21133810617663e-06 8.872159633137636e-07 -0.027306324878225697 0.055953482097776404 0.002647408032018728 24.267137881894428
4.500105976499872 -1.2520655945970242e-07 3.3352851268592344e-08 -0.0001578366525484514 2.8269195316802225e-05 8.25202026422126e-07 -0.009329580864571094 0.051605816669695825 -0.0007998330182785667 33.93147115992417
4.500667774249871 -9.313635044641717e-08 3.5403395358859636e-08 -0.00015960616244820494 8.437556767872716e-05 6.1499426873182825e-06 0.0033870857040049366 0.11193522496212055 0.012047506284308743 19.811715466591245
4.501229571999871 -5.072401605331845e-08 3.771361135223327e-08 -0.00015417431126309072 7.090721709699104e-05 2.651905609074336e-06 0.01587398877966297 -0.05795088643474711 -0.010795009109090498 22.830430615625488
4.501791369749871 -8.28559576934181e-09 3.8074248332780935e-08 -0.000141675121173544 7.794629842900269e-05 -1.4769256111329484e-06 0.02862722583338036 0.030149677650732364 -0.0064878972336275785 22.66834493251234
4.50235316749987 3.583574225347328e-08 3.8774633430419534e-08 -0.00012125169418854879 7.996488396624814e-05 3.4861014572676896e-06 0.04393543310414054 -0.003046066569852423 0.012664709590818899 28.393675114638466
4.50291496524987 7.448815351395369e-08 4.0326484318637604e-08 -9.409884137285922e-05 5.8735589497363215e-05 2.494485198073994e-06 0.05310992998565196 -0.04647366378701125 -0.005372523585443805 13.314836884782384
4.5034767629998695 1.0082743983522902e-07 4.1572158395223006e-08 -6.225364967867487e-05 3.490416776196576e-05 1.8089008739816236e-06 0.06027659207403409 -0.04140649767966428 -0.00018229423237265297 12.61711400519374
4.504038560749869 1.131991679584844e-07 4.25222309156533e-08 -2.728161701899159e-05 9.272475426640885e-06 1.5804471358920165e-06 0.06439111772618772 -0.04667889131137002 -0.0004627360116980772 6.000541120523282
4.504600358499869 1.1153516103301528e-07 4.26257844957469e-08 8.988662212323731e-06 -1.5289816591186497e-05 -1.0769412689666442e-06 0.06489249817346839 -0.042981377185113114 -0.005797005227453146 -0.38456377935278674
4.5051621562498685 9.714953386471448e-08 4.18529675277793e-08 4.462533176122963e-05 -3.61101333711285e-05 -1.8159119288953635e-06 0.06211796111701339 -0.03557986077074768 -0.00019495841970019155 -6.077204036644726
4.505723953999868 7.261966416665787e-08 4.0819530252257066e-08 7.778672125810395e-05 -5.147622415609001e-05 -1.8664433055126672e-06 0.05608395258709682 -0.02529458697482162 -6.369270861068485e-05 -11.906368037039915
4.506285751749868 4.1525640254252194e-08 3.979696774861712e-08 0.00010673998872563153 -5.956295999970516e-05 -1.7807142463729238e-06 0.04711777310270073 -0.01166934059831451 0.0002066703346924539 -16.973157443282535
4.506847549499867 8.27022277924406e-09 3.889435321522874e-08 0.0001299826351182219 -5.921468172876598e-05 -1.4449492735235553e-06 0.03573022708850163 0.0036922543062933816 0.0006954094846525834 -21.094000647474644
4.507409347249867 -2.269565368072088e-08 3.803659416927989e-08 0.00014632425968897963 -5.1349572055023074e-05 -1.5791485169192409e-06 0.022522308004535176 0.016576805535014907 -0.00047244568921170024 -24.114119946913203
4.507971144999867 -4.586928454279167e-08 3.701236641669916e-08 0.0001541737098574333 -3.172839950454451e-05 -2.055251331711901e-06 0.005610964524614481 0.03951290775937392 -0.0009412173459080498 -31.599209444257482
4.508532942749866 -6.386168156121885e-08 3.6298546427527506e-08 0.00015326104693066074 -3.1110631382735007e-05 -5.976797684119356e-07 -0.009034791312508788 -0.008503692861943815 0.003478401081036948 -24.687004539489326
4.509094740499866 -7.235731485726122e-08 3.578533606249121e-08 0.00014549172495636713 -1.0911456241425742e-06 -1.0916423624140255e-06 -0.0188519187156169 0.06891927936236267 -0.001968667047409908 -15.671357446272431
4.509656538249866 -6.979708440926479e-08 3.558943016791411e-08 0.00013157023745680733 1.1665908428479873e-05 2.5618972873248967e-07 -0.030546016529699863 0.011154625568434268 0.0034910931796499813 -22.10152840487961
4.510218335999865 -6.099235457311441e-08 3.509839516071785e-08 0.00011022103892736159 1.9585927567856308e-05 -1.7794473129937335e-06 -0.04532428608025129 0.014833386281125233 -0.0054020657354026365 -27.35626781318585
4.510780133749865 -4.918447064210823e-08 3.491410962700135e-08 8.262741994976915e-05 2.2741396007848432e-05 8.071815878859842e-07 -0.05332352933412835 0.003312570743810157 0.007105765767087878 -10.959249375582711
4.511341931499865 -3.597095623934589e-08 3.541467994411732e-08 5.0951550938692685e-05 2.4314887558463894e-05 1.1785116169470102e-06 -0.05944458038016524 0.002672876031674155 -0.0009502321229796224 -10.87952630164163
4.511903729249864 -2.2530411294519026e-08 3.620159101320253e-08 1.6727991027624135e-05 2.3655035261505328e-05 1.5707973290848242e-06 -0.06255986405915093 -0.002136390375993131 0.001110393744616267 -4.211624644994598
4.512465526999864 -9.436635916563718e-09 3.7077060618949865e-08 -1.82490570884493e-05 2.2931965646950254e-05 1.5804227432045817e-06 -0.06211646133050501 -0.0010747323064318882 -0.00025618188963050963 2.0394772374192636
4.513027324749864 3.291474588169325e-09 3.784709006073884e-08 -5.2106860675742995e-05 2.2377342765302953e-05 1.1755599782825976e-06 -0.05855329819731897 -0.0009653528412282193 -0.0008367741840484477 7.418168701629246
4.513589122499863 1.5447984391962913e-08 3.854223351126706e-08 -8.309889024226652e-05 2.094963469715228e-05 1.267534165653936e-06 -0.05191718643314642 -0.002935312257213438 0.0004138361139366808 12.910806573712597
4.514150920249863 2.6531634212726228e-08 3.927549346340325e-08 -0.00010960609712448586 1.8550358957468252e-05 1.3512404827853117e-06 -0.042566453286715156 -0.004604560483188883 8.278752806449059e-05 17.577679711421318
4.5147127179998625 3.6025881710404435e-08 4.0023310146209566e-08 -0.00013025710998069786 1.5287205406331753e-05 1.315607457863293e-06 -0.031043826196550262 -0.006109376566788612 -9.998036286408061e-05 21.243425475966827
4.515274515749862 4.3080632919220644e-08 4.038170751131313e-08 -0.0001427818129905912 9.935669740816344e-06 2.9472753611637034e-08 -0.013840488382951592 -0.010379822773617915 -0.0028366546405539524 32.9665704576764
4.515836313499862 4.6974465891586325e-08 4.0887905471263385e-08 -0.00014760453745014476 3.935851429412572e-06 1.5948954904309777e-06 -0.002901924343774651 -0.01075464011622524 0.004192229266979028 16.096662494456346
4.5163981112498615 4.804329268420899e-08 4.106384915656517e-08 -0.00014567476246417913 -2.3601902540348957e-07 -7.065978146685595e-07 0.009578568238814722 -0.006593751779327292 -0.006168879946198543 23.744930511510123
4.516959908999861 4.460916970650062e-08 4.081133215659385e-08 -0.0001370312983112352 -1.156080934480181e-05 -4.0430993936155436e-07 0.021284094904691644 -0.023549220641833495 0.0022148105124710944 20.108564333938915
4.517521706749861 3.665163496901957e-08 4.019035079568972e-08 -0.00012204450484942473 -1.7195258524304595e-05 -1.665453870017378e-06 0.032096164400670424 -0.0066493443266264236 -0.0033597478878589636 19.029713665367385
4.51808350449986 2.3582748154281637e-08 3.8846000197446877e-08 -0.0001000758824718384 -2.8882687632335047e-05 -3.143467807404586e-06 0.04593505442147619 -0.02434219381375008 -0.0024486440551667607 26.034102033927912
4.51864530224986 4.901775301226841e-09 3.733937776835801e-08 -7.238532575363464e-05 -3.78844666583377e-05 -2.342540150704184e-06 0.05306497673036582 -0.01394340997957569 0.002394225058861517 9.355551708127795
4.51920709999986 -1.7040657419337918e-08 3.630937090416557e-08 -4.112412807854296e-05 -4.052281456751003e-05 -1.3068799867571606e-06 0.058230000885128405 -0.002384471632369832 0.0017057876115899068 9.153290874782897
4.519768897749859 -3.8970422430722646e-08 3.5720304183629976e-08 -7.817039833853836e-06 -3.777695580139966e-05 -7.666790468348959e-07 0.06050454502578639 0.006705653693239506 0.0007755001944400488 2.7725380195757956
