# Results for "node" with Id # 47260 for search config "initial" at position: x0: 0.1683092; y0: 0.534138896; z0: -0
# time DISPLACEMENT_X DISPLACEMENT_Y DISPLACEMENT_Z VELOCITY_X VELOCITY_Y VELOCITY_Z ACCELERATION_X ACCELERATION_Y ACCELERATION_Z
4.29504979775 1.2461906029903937e-08 3.358874595560711e-08 2.7725719005199165e-13 4.2001785267036875e-05 0.00011320798693483154 9.344715754043888e-10 0.09345397268648536 0.25188777218959657 2.0791992656720623e-06
4.2956115955 1.7679965026237152e-08 4.388737183491099e-08 6.411546379209508e-13 -1.7145225277479945e-05 -5.890366179856247e-05 4.537490217745883e-10 -0.15496559229126408 -0.44592036339418245 -1.5894075035930283e-06
4.296173393249999 2.559550104985899e-08 3.259493719700036e-08 5.89565473737337e-13 3.736144656101408e-05 1.2285717050843854e-06 -6.268498247813829e-10 0.16001874351992781 0.24527431106321462 -2.0069805697119453e-06
4.296735190999999 3.5202376791562666e-08 3.530829700241459e-08 2.3310703261778884e-13 3.784506211423023e-06 1.5385600178799247e-05 -7.013731363919595e-10 -0.11471337853141222 -0.029819189254271412 3.359307732652777e-07
4.2972969887499985 3.683679124264443e-08 3.5883788398097456e-08 2.524597482952922e-13 -1.3047894882695718e-06 -1.2699389983711795e-05 7.019477921502953e-10 0.017354661644411518 -0.055034306110503826 3.038406388304096e-06
4.297858786499998 3.5201008194361366e-08 3.56767492380515e-08 1.2049900978675041e-12 -3.828227973124857e-06 9.002455841878858e-06 2.674141432352588e-09 -0.009953316067982651 0.062045183731028394 3.628529274317477e-06
4.298420584249998 3.067405394117092e-08 3.7433182679096225e-08 3.0105349567639602e-12 -1.2135008797148262e-05 -2.6742448246168786e-07 3.804671578249056e-09 -0.015994258408880913 -0.036136779757555124 1.6082972686189964e-06
4.2989823819999975 2.4019533929946762e-08 3.670204332657297e-08 4.981892569058853e-12 -1.2064486002730995e-05 -3.3064493163806146e-06 3.2929688363565637e-09 0.004155477820583311 0.0022723646501057833 -1.5406129235589474e-06
4.299544179749997 1.74345437298774e-08 3.611201800862103e-08 6.276616897725795e-12 -1.1290308920091915e-05 1.033638509561648e-06 1.3754264564497214e-09 0.0006836745623399215 0.009088604298484607 -3.881378585738317e-06
4.300105977499997 1.0066586820918555e-08 3.657438285462226e-08 6.336339039127039e-12 -1.4724821585313339e-05 9.067291104450015e-07 -1.1437669279226679e-09 -0.007812709358916385 -0.0025545244890677332 -4.634860661823519e-06
4.300667775249996 3.362666819212134e-09 3.7462877044770026e-08 5.140233821969776e-12 -9.672232281289824e-06 2.108012204551627e-06 -3.1480912284364313e-09 0.013195188597398494 0.0033114860200201225 -3.3009064254881437e-06
4.301229572999996 1.3368251027388028e-09 3.803068402918558e-08 3.259202485512146e-12 2.2089045703242023e-06 1.2932831721861263e-07 -3.625820445771599e-09 0.023136732477685773 -0.005230443176336599 -2.377209075141166e-07
4.301791370749996 6.066018281225135e-09 3.7510773749339186e-08 1.577494963823081e-12 1.4657913231077259e-05 -2.024352270136745e-06 -2.435524742434355e-09 0.02191486128926666 -0.0034843285367442164 2.7078381800475924e-06
4.302353168499995 1.6808327449626776e-08 3.653808608463671e-08 8.213986221579645e-13 2.3764969898826117e-05 -1.573864468545947e-06 -2.9122441234479146e-10 0.014784485864753238 0.0018734174977378818 4.094108713295706e-06
4.302914966249995 3.0632514582927556e-08 3.588666482767128e-08 1.1155496443218242e-12 2.5801772744527054e-05 -7.332762098059202e-07 1.3741056739461318e-09 0.0008357648881585529 0.0014019545106148037 2.6818322822024937e-06
4.303476763999995 4.3847222295100806e-08 3.5629961545136766e-08 1.7675134992779634e-12 2.151038842351338e-05 -1.680766199713546e-07 1.0498726801913403e-09 -0.009757271384042672 0.00090708046601684 -1.3918764852625765e-06
4.304038561749994 5.350470238385694e-08 3.546253133078409e-08 1.619870649986259e-12 1.3038446840980468e-05 -3.8699597084389173e-07 -1.4773119513921186e-09 -0.01641075226938719 -0.0007138656746313875 -5.275016712075998e-06
4.304600359499994 5.731614020148457e-08 3.516640295727242e-08 -1.4099687433828385e-13 7.054071330312936e-07 -6.736554080863218e-07 -4.7727069520184704e-09 -0.02333832542006235 -0.0004593508323960458 -6.013499735040492e-06
4.305162157249994 5.32527314936201e-08 3.503614309510164e-08 -3.2605510112224543e-12 -1.5023886728101287e-05 1.4913247562501803e-07 -6.4297315448932516e-09 -0.029163097661014697 0.001945540758511403 -2.1835048038229714e-06
4.305723954999993 4.031847805849839e-08 3.550914295350786e-08 -6.274134168345341e-12 -3.104259030404851e-05 1.5191640275861117e-06 -4.477442037722985e-09 -0.02835084121945928 0.002561935028729091 4.88972037613152e-06
4.306285752749993 2.8708033365926358e-08 3.406516257500029e-08 1.9283047613398306e-05 -1.2243935759275701e-05 -6.1475230287770216e-06 0.06499188313657135 0.04891471687614552 -0.017698862542892806 144.60694944187495
4.306847550499993 2.177722732535188e-08 3.3431596714876916e-08 7.306735670448497e-05 -1.0956397868970424e-05 2.8278593563732747e-06 0.1275321123510911 -0.009363907398781488 0.024394941542546227 103.00027333768489
4.307409348249992 1.601286749042746e-08 3.8919537382146486e-08 0.00013923207923500962 -9.918987568922668e-06 1.6699819327371435e-05 0.11213529629069194 0.004649214778844264 0.02476637570417922 -60.00798424012034
4.307971145999992 1.3327963849093893e-08 4.0740352384398175e-08 0.0001951292264501383 -4.761380606900317e-08 -8.043273613301242e-06 0.08640931549292775 0.020801503037471112 -0.06124497599434285 -42.23831150123256
4.3085329437499915 1.424153848650383e-08 3.6080922212981424e-08 0.00023883363766362528 3.744011474644172e-06 -1.0349956986472489e-05 0.068832317260173 0.0032359905324061485 0.010178873467614613 -28.54924338813977
4.309094741499991 1.1700702502580346e-08 3.232932023343579e-08 0.0002681732783472281 -1.1812095660060112e-05 -3.0923241383018606e-06 0.03653153493708256 -0.035421336180901916 0.013603514801027266 -64.73193018123244
4.309656539249991 -9.754625773481675e-10 3.480066343166615e-08 0.0002813841606293349 -3.32296678324269e-05 1.1499407418346735e-05 0.009948878908031401 -0.03879876427659095 0.02906572417563963 -42.96342741509977
4.3102183369999905 -1.5448239403522728e-08 4.510602707717194e-08 0.00028235449564094995 -2.0249629615244935e-05 2.532832051869202e-05 -0.006904193499524437 0.038580276246798606 0.023502900758224265 -26.75722944055069
4.31078013474999 -1.437966823826029e-08 4.8086657135826947e-08 0.00027243605079058726 2.2848645101701115e-05 -1.1881506612679215e-05 -0.02806096069972187 0.08624859266303361 -0.08866759097086817 -40.38449989570011
4.31134193249999 1.1743200112692708e-08 3.875769220459321e-08 0.0002478816355081909 7.021022996711098e-05 -2.3479232135126032e-05 -0.058894563548645376 0.08381737868674212 -0.0036380416737679805 -58.508641707996546
4.311903730249989 4.95009943944419e-08 2.9714349564417373e-08 0.00020685621506636698 6.703485643912403e-05 -9.610168839286025e-06 -0.08740136517204898 -0.028019550806786947 0.03176817640599864 -48.800473502251755
4.312465527999989 7.701104004690646e-08 2.7584897599030358e-08 0.00015311489094844478 3.198690458166399e-05 2.359912777636957e-06 -0.10449820234068564 -0.07097680557110907 0.018691387629337794 -25.840344514879778
4.313027325749989 8.691894716659586e-08 3.076098133810682e-08 9.111657484585268e-05 2.6902357675560127e-06 9.15536978125555e-06 -0.11636488699322665 -0.047440887044579216 0.010447045001325843 -19.943287355217215
4.313589123499988 8.469323195266356e-08 3.523913524183129e-08 2.5455038847238383e-05 -1.13246310384208e-05 7.225548974735264e-06 -0.11793224852979144 -0.01932285703808851 -0.006905612566311035 1.4984424025084984
4.314150921249988 7.680905087537015e-08 3.601808834283817e-08 -4.044269719218102e-05 -1.7032604235205984e-05 -4.037172929301048e-06 -0.11668641842380428 -0.007869526166834057 -0.023333153220216493 2.3973613990558342
4.314712718999988 6.700016018876598e-08 3.406256897359591e-08 -0.00010443193109649335 -1.8076986167808667e-05 -3.6818185963407132e-06 -0.11134021977518742 -0.0003563682699526606 0.006623951699844674 11.295951702892426
4.315274516749987 5.246818733772221e-08 3.3081439523539135e-08 -0.00016376244413499245 -3.2837803124483656e-05 1.8103645532671344e-07 -0.10014895175984097 -0.03275372582534833 0.006938864607978496 22.07658353294116
4.315836314499987 3.419659871190288e-08 3.450584509873645e-08 -0.00021411326305696932 -3.3222469744193665e-05 4.846680838189961e-06 -0.07956042432562568 0.007332548223202342 0.008646342651787892 40.29032788696965
4.316398112249987 1.945053730331019e-08 3.6989772011280794e-08 -0.00025171770432633146 -1.9796976373497983e-05 4.300079482373882e-06 -0.05445059550880013 0.028038585843374604 -0.003377773685719449 45.79678742507628
4.316959909999986 1.322438426387868e-08 3.888626763295366e-08 -0.00027494230019007486 -2.4574273765472012e-06 2.4488359689851855e-06 -0.028255225793596263 0.03157085025029846 -0.0032745734164576477 46.83550105151947
4.317521707749986 1.5862234218911935e-08 3.911907280789837e-08 -0.0002826137142820937 1.2030880292809751e-05 -1.5013327503154765e-06 0.0007911853145908074 0.024343772162947197 -0.007970482090280687 52.91938977601812
4.3180835054999855 2.6774017866093727e-08 3.8594914450917415e-08 -0.0002762236701230723 2.6756068403254174e-05 -6.636659554691918e-07 0.02241343275529102 0.026677600668840267 0.0038564291504233628 34.87965335213105
4.318645303249985 4.244214767372045e-08 3.715991598201951e-08 -0.0002562858298072998 2.9699924251133203e-05 -4.128182093006608e-06 0.04821611450633793 -0.0001193208729247065 -0.008672655732174156 48.69105384513735
4.319207100999985 5.4269083256081444e-08 3.5008525149929534e-08 -0.00022311862760079275 1.3321483264482849e-05 -3.822054641030145e-06 0.07016328935679988 -0.03641220115929882 0.0028492975170972636 36.65970082518641
4.3197688987499845 5.8303284324040025e-08 3.426978323976871e-08 -0.00017729975055890267 6.049132112939766e-07 1.0103515803042083e-06 0.09283511146535828 -0.01919131822001008 0.010039779516961863 41.27987923750143
4.320330696499984 5.1901639169987037e-08 3.3997434902789946e-08 -0.00012173536715997355 -2.2690850576614792e-05 -1.520294510394616e-06 0.1055626603580536 -0.047035245132292285 -0.008140632459202308 17.998826618483466
4.320892494249984 3.532186891761112e-08 3.4529784695905557e-08 -6.007518717569655e-05 -3.70138307685421e-05 2.9090557026755925e-06 0.11403954013775344 -0.0201098198033283 0.011890462388164475 14.36135094952842
4.321454291999983 8.115657293392775e-09 3.552606443673447e-08 5.064724029272178e-06 -5.922632329150043e-05 1.114401463047529e-06 0.11808483206476156 -0.04439534115989515 -0.006965721300181584 5.4104368452204765
4.322016089749983 -2.466077856940391e-08 3.677961610503378e-08 7.00087946354102e-05 -5.888020099856959e-05 3.0208785439737863e-06 0.11354254024660665 0.011868957395595979 0.005983341851318529 -11.459208557239144
4.322577887499983 -5.829089801450305e-08 3.843195640910181e-08 0.00013107100346262357 -6.038339762661445e-05 3.0489540453816993e-06 0.10401284571841397 -0.006311851863023988 -0.0014333674718846456 -18.338768291950032
4.323139685249982 -8.74025874702129e-08 4.0675252543359115e-08 0.000184536868395362 -4.4355261614490025e-05 4.79374000014429e-06 0.08671889352437571 0.037240565771068136 0.004240490636731099 -33.89435175116685
4.323701482999982 -1.0898141220104269e-07 4.302377761536432e-08 0.0002283478563624915 -3.1984373549270635e-05 3.759206098043224e-06 0.0691645562942131 0.018215084639989446 -0.0033619606028682716 -30.584812594636535
4.324263280749982 -1.1657055262244746e-07 4.405592194017131e-08 0.00025984872947984174 3.54417007332735e-06 1.9352736242252214e-08 0.043458030218010535 0.07449723879558764 -0.007480683620901169 -49.55081765691243
4.324825078499981 -1.0553773498338478e-07 4.364050602530895e-08 0.00027671399542903737 3.624730596326627e-05 -1.6412239674649026e-06 0.01653109543756132 0.054140168020085117 -0.0018246122789993553 -47.52472577187103
4.325386876249981 -6.960322408221937e-08 4.2520249818935246e-08 0.000279285881363275 9.034731794325139e-05 -2.363897555685337e-06 -0.007523921489208539 0.10683748525238357 -0.001151795672081378 -41.64123148674072
4.325948673999981 -2.5731876275570223e-08 3.993121439015004e-08 0.0002682156094855005 7.033647547734504e-05 -6.648460015712288e-06 -0.031834676329290684 -0.0712334960223859 -0.009245202603211346 -43.6811219179886
4.32651047174998 2.4466332570030686e-08 3.698500936974413e-08 0.00024236710701560125 0.00010421256061685029 -4.266191312600386e-06 -0.05998302105832161 0.09318266381791425 0.00761184854173287 -51.70978685578619
4.32707226949998 8.297139357173063e-08 3.3264088602972164e-08 0.00020328161854457348 0.00010686115123026071 -8.501507199363376e-06 -0.07968705409347418 -0.0174025518101711 -0.011326540030604654 -30.914027008502725
4.32763406724998 1.4033276390069328e-07 3.0515450983714396e-08 0.0001527356695302477 9.733143453806229e-05 -2.006896041388913e-06 -0.10008600243650578 -0.01685298179363006 0.017282144906405925 -37.65915353808638
4.328195864999979 1.8633418395015302e-07 2.874444236206543e-08 9.400526906347286e-05 6.757485603953421e-05 -3.658837766708335e-06 -0.10964651689212421 -0.061995142041900785 -0.007996106583817346 -11.857356385603453
4.328757662749979 2.1348947433726002e-07 2.706231142105175e-08 3.0801232862325714e-05 2.9292258213514742e-05 -2.639568273418074e-06 -0.11541034363748913 -0.06967999507836531 0.004266901279865958 -9.860175476166699
4.3293194604999785 2.156478316369804e-07 2.6016452755697174e-08 -3.443793861944045e-05 -2.0982516250102624e-05 -1.038887985990072e-06 -0.11705991237959504 -0.09444137497133415 0.002494788337370612 -1.2052466004977729
4.329881258249978 1.9162676620970312e-07 2.713089491792085e-08 -9.806453752591313e-05 -6.503876656641486e-05 4.759008538067315e-06 -0.1098920597189018 -0.0744148137011483 0.0122766227461947 16.2497838999192
4.330443055999978 1.4355883539038772e-07 3.0124848915940796e-08 -0.00015629165933674037 -0.00010612363582368957 6.2060279756183755e-06 -0.09757577457661551 -0.07281013112927553 0.0001504625781025429 23.341288603643008
4.3310048537499775 8.398986193691722e-08 3.431702340181225e-08 -0.00020548932658451567 -0.00010812993816570293 8.58883515157011e-06 -0.07793509877289816 0.013738510049016207 0.005264130348479021 37.86518173089021
4.331566651499977 2.8558904038269855e-08 3.802799730055338e-08 -0.0002428964036123845 -8.980111679071335e-05 4.99096464304946e-06 -0.05531016628294364 0.03734700025103134 -0.00932129450860952 40.87417960916013
4.332128449249977 -1.5148115971167536e-08 4.024034035735214e-08 -0.0002671978068300343 -6.595690497087928e-05 2.718253312517509e-06 -0.03126376943213215 0.04371662150167295 -0.0027264591085682864 43.284688358315165
4.332690246999976 -4.319075798488985e-08 4.0981345204274677e-08 -0.00027654629982234015 -3.427548653203468e-05 -1.2812749150051503e-08 -0.00227939222503582 0.059562001003510875 -0.005395007240455162 53.66906751870209
4.333252044749976 -5.364902063206493e-08 4.1352095561540406e-08 -0.00027162388254149607 -2.8418448753805167e-06 1.0996213213962746e-06 0.020232885062480884 0.055049352784920805 0.0038239176294567433 36.67255033552957
4.333813842499976 -5.4272634697564436e-08 4.024908594042763e-08 -0.00025305724009705037 2.0843042928947556e-06 -4.585696378548662e-06 0.04559655000706106 -0.0028016562420074484 -0.01360581135299874 47.26601720001455
4.334375640249975 -5.1369827478311945e-08 3.905163596859592e-08 -0.0002212208196218989 7.837534760769525e-06 -3.4568510089094285e-07 0.06797592675320267 0.013501351915535921 0.012835477978214136 37.97760920916318
4.334937437999975 -4.4421575507271944e-08 3.9169162335048465e-08 -0.0001769505468209073 1.681965595131478e-05 1.0889938031694525e-06 0.0896094922629904 0.01660988177001782 -1.6708917056352992e-05 38.640281197690435
4.335499235749975 -3.458373469741588e-08 3.8452087516265473e-08 -0.00012328893526917573 1.862632338770748e-05 -3.3903453632421814e-06 0.10195262111436743 -0.0001326353764290046 -0.009962352465840681 17.803391532225824
4.336061033499974 -2.4903644907290896e-08 3.74193812805055e-08 -6.283884855792726e-05 1.5979489421179135e-05 -7.494601762185884e-07 0.11318071551708604 -0.0058560467608680085 0.008366557686971187 20.531662287920735
4.336622831249974 -1.6732248197022087e-08 3.6553469823888226e-08 1.1487631123999846e-06 1.3088257170406976e-05 -1.998531727766704e-06 0.11515306225853189 -0.004968980099920038 -0.004870823637835013 -0.7444440503180512
4.337184628999974 -1.193088356194716e-08 3.573981094999288e-08 6.488665470580257e-05 4.339682961679707e-06 -1.1024234665031651e-06 0.11191258455135979 -0.018223332686778233 0.003211546800740578 -7.0239519219331905
4.337746426749973 -1.104269516852871e-08 3.612466800080333e-08 0.00012500087224119038 -1.4291151568103748e-06 2.3782170330171226e-06 0.10240676833524057 -0.008279742706131785 0.006941538449974465 -19.394453206147354
4.338308224499973 -1.2184225623071455e-08 3.7406513502958885e-08 0.0001776080581571183 -2.81824395790884e-06 2.4031129931239984e-06 0.08522822122705354 -0.0010208759213671328 -0.0016799911009788124 -33.37365420531449
4.3388700222499725 -1.4632541067454167e-08 3.8994595907491525e-08 0.00022079455321585725 -5.764304015447984e-06 3.1550730366778005e-06 0.06840723732903456 -0.0062997646804618295 0.0020931088805185138 -29.08327580892039
4.339431819999972 -1.3848036618049883e-08 3.971106790099719e-08 0.0002521632274963738 7.60598165882117e-06 -3.416002618966793e-07 0.0437340464653168 0.03132382694412736 -0.008303375348363203 -47.62703099406548
4.339993617749972 -6.546866480292539e-09 3.9415890195690186e-08 0.0002694926613093486 1.874924378856937e-05 -9.380765711849565e-07 0.017906471617179603 0.016962801626642206 0.0007486840422877537 -45.55959657595659
4.3405554154999715 9.165184072364988e-09 3.8714154804086935e-08 0.0002732349953244058 3.671133255361606e-05 -1.5045765545166524e-06 -0.004749119870907794 0.03572494729542159 -0.0014476334797880628 -39.0187921690803
4.341117213249971 2.726531328797467e-08 3.749990916152442e-08 0.0002634823017257944 2.9272510013347236e-05 -2.7914956024622596e-06 -0.029794693656069616 -0.025482617058720763 -0.0025014865260507262 -45.971703908381855
4.341679010999971 4.8918967912576385e-08 3.596466008965868e-08 0.00023902099673527572 4.606466290820001e-05 -2.7550887884838355e-06 -0.057198827506401526 0.04373319464256371 0.0007063767930197502 -49.48127214480218
4.34224080874997 7.556760391922784e-08 3.387876078927853e-08 0.000201511436785507 4.99669937237259e-05 -4.5475637416575245e-06 -0.07679650122476252 -0.0022506125526769224 -0.004164850989010175 -31.234506205204077
4.34280260649997 1.023720741526957e-07 3.239303449518097e-08 0.00015263793605991335 4.562976785464755e-05 -1.068910127763031e-06 -0.09704143044582278 -0.009087674468787747 0.008781217076872653 -37.23634119081116
4.34336440424997 1.2295783781069804e-07 3.143754660356206e-08 9.557956600661425e-05 2.834087086720884e-05 -2.00260984929628e-06 -0.10671873007015063 -0.036195877372217224 -0.00427278616001835 -12.222906474100078
4.343926201999969 1.3225097019121193e-07 3.045969470048868e-08 3.393636175424968e-05 4.916472587334639e-06 -1.634286002310543e-06 -0.11277658159370638 -0.043070317090294824 0.0018877171036459674 -10.422993088788557
4.344487999749969 1.2588579613292048e-07 2.9766231486096447e-08 -2.993391040325296e-05 -2.7134685133245637e-05 -8.205610979347813e-07 -0.11481623614662147 -0.06054624701233116 0.0013386086453784003 -1.932483130732927
4.345049797499969 1.0364548589032228e-07 3.086737350187826e-08 -9.243995360509581e-05 -5.2525893671563464e-05 4.484517556448827e-06 -0.10814178526474649 -0.04135887752718695 0.011469147903685313 15.333774069117606
4.345611595249968 6.766135042919587e-08 3.340911548604662e-08 -0.00014981347119742163 -7.558740612889188e-05 4.902983217625114e-06 -0.09629003485853842 -0.04097214609235042 -0.0019362008751480754 22.536701268400783
4.346173392999968 2.8880811879466224e-08 3.665448986241343e-08 -0.0001984378100479857 -6.439561584798925e-05 6.499556263338905e-06 -0.07717561344116229 0.03514477002262019 0.004036425263264303 36.895412549236205
4.346735190749968 1.0165741849831473e-10 3.911305896677308e-08 -0.0002355904633787416 -3.840929109696784e-05 2.5998631050914454e-06 -0.055160260210697205 0.04903338035450158 -0.009685923636306187 39.76030804542717
4.347296988499967 -1.409935808632764e-08 4.002944830590376e-08 -0.0002600081363384974 -1.2077952257597338e-05 4.758714222504517e-07 -0.03182291142733092 0.04632888412194675 -0.0023044006088770276 41.985524291293665
4.347858786249967 -1.5409336710261565e-08 3.962298526921094e-08 -0.0002698342687443983 7.762450465742518e-06 -1.8640792622028708e-06 -0.0034285151665554834 0.032562675249696596 -0.004630290146724595 52.68115092332911
4.348420583999967 -4.412148765539687e-09 3.8061001442082605e-08 -0.00026427623504844525 3.110361540540598e-05 -3.7375242784925014e-06 0.023372350104740012 0.04379342343803002 -0.0030108426454079624 46.46163779599715
4.348982381749966 1.2111482189861282e-08 3.725131052341926e-08 -0.0002457839925228697 2.92108978332289e-05 5.203719222562049e-07 0.04283357941775391 -0.015159652478660603 0.010226529755392882 31.685825988989937
4.349544179499966 2.474138582730468e-08 3.6992829343359086e-08 -0.0002156080115043869 1.6014778977308103e-05 -1.0301767366701172e-06 0.06438211605755235 -0.025571451481583803 -0.006006603222211298 40.02403776606155
4.3501059772499655 2.979090330555473e-08 3.6400594835379156e-08 -0.00017435726248271786 1.9448502323154983e-06 -1.2553287323874919e-06 0.08270470985097622 -0.024912728743760142 0.0010006876125765356 30.76176195271715
4.350667774999965 2.8439091811863554e-08 3.61637130390134e-08 -0.00012303423786699523 -7.0392156824138385e-06 3.5317410147121664e-07 0.10000426495659184 -0.013761364574292978 0.003328746920088325 30.8010698142971
4.351229572749965 2.011228104098096e-08 3.520614186915543e-08 -6.516836569366235e-05 -2.2187040258348067e-05 -3.4433792167487783e-06 0.10660054847207664 -0.030263568706421058 -0.009279517905303509 6.9764634417722595
4.3517913704999645 4.394797836595582e-09 3.5001682998742936e-08 -4.361846809259841e-06 -3.405593752800232e-05 2.1098909943030125e-06 0.10990523528787938 -0.018842404380433473 0.014675905757703972 5.608812341487291
4.352353168249964 -2.1089751118938668e-08 3.6255387223647215e-08 5.7099924601154025e-05 -5.602853949350672e-05 2.7794106949212034e-06 0.10912008168845884 -0.044178438522614716 -0.002179295098101177 -3.149169852818365
4.352914965999964 -5.0379526248010525e-08 3.830519331948607e-08 0.00011511554338638232 -4.997941218740863e-05 4.360116185508878e-06 0.09794462438768514 0.02450391795402689 0.0040618935086704205 -24.078100155359415
4.353476763749963 -7.903245565588317e-08 4.072349084690435e-08 0.00016702057525082477 -5.118296578866611e-05 4.376463894668451e-06 0.08670843084536135 -0.00880388626469585 -0.0009790997241056595 -18.981005717848824
4.354038561499963 -1.0010166567990896e-07 4.242744919944984e-08 0.00020982469861229527 -2.554383601811811e-05 1.8034208885811124e-06 0.06622653464035662 0.05924803559091426 -0.005480245786146596 -40.82696785456288
4.354600359249963 -1.0759254179955044e-07 4.316618633025146e-08 0.00024054513098067877 -6.515686542412202e-07 7.145503542255597e-07 0.04314629080307764 0.040573286263858636 -0.0010526755045196555 -41.146800831104834
4.355162156999962 -1.0100173857085303e-07 4.328067346857194e-08 0.000258215243952022 2.4009788361109894e-05 -2.840695014431105e-07 0.019773732937300437 0.044728198067583505 -0.001958760313843913 -41.7172413036303
4.355723954749962 -7.455301106116874e-08 4.224071978047962e-08 0.0002635457106970131 6.90288226724683e-05 -3.309863746837807e-06 -0.0009498797106954225 0.08898530232677603 -0.006242702151208394 -35.68072804646225
4.356285752499962 -3.8749897309614944e-08 3.99938203970016e-08 0.0002555581579347959 6.165696541416774e-05 -4.80241830567303e-06 -0.02714015629827785 -0.0386487080634349 -0.0017602583722130206 -49.353183687158634
4.356847550249961 5.761557296997933e-09 3.792573693471652e-08 0.00023308576313280294 9.377578744436673e-05 -2.732043577443418e-06 -0.05296834976415094 0.08112655639041802 0.005046648386399944 -45.12943482715262
4.357409347999961 5.980993703311212e-08 3.48478647264165e-08 0.00019804810994411082 0.0001008047562079794 -7.781660810910906e-06 -0.07211484660469712 -0.004642183520359167 -0.01249706049724917 -31.31859697645855
4.357971145749961 1.1587135450534549e-07 3.202296161417688e-08 0.00015189814663751585 9.874315769319956e-05 -2.942138594977211e-06 -0.0920475139018311 -0.0034265108382335267 0.013892202108611182 -36.520535713787154
4.35853294349996 1.6381136508363006e-07 2.980606146721063e-08 9.76004168461848e-05 7.324904316896197e-05 -4.427467048523767e-06 -0.10185483335952691 -0.05586777739052773 -0.006777906352820229 -12.691151974046512
4.35909474124996 1.9584337661048105e-07 2.728051017156201e-08 3.7902030965613283e-05 4.0842312507102586e-05 -4.759034400689572e-06 -0.11058159571563642 -0.058138031735575184 0.0009567392259469906 -16.24425834592941
4.3596565389999595 2.0856512666394434e-07 2.6655145517336397e-08 -2.349270947483905e-05 4.6459369192318605e-06 2.173041012877011e-06 -0.10860803116447962 -0.06600242815185363 0.015184683065827886 8.452245734764851
4.360218336749959 1.9801962269917395e-07 2.7204873930355433e-08 -8.37028134099584e-05 -4.166849528903313e-05 3.655183414473127e-07 -0.10563980232769987 -0.08654900514073874 -0.007817908730499255 4.491247761169353
4.360780134499959 1.6838850743643465e-07 2.953523414451446e-08 -0.00013911012069758416 -6.522809394430328e-05 7.29379386540627e-06 -0.09222298036323351 -0.030782855984924747 0.017369890300520205 28.729617079926093
4.3613419322499585 1.2302591366038072e-07 3.221460670172287e-08 -0.00018703033322759656 -9.553097639962961e-05 3.033331539281239e-06 -0.07825101213394062 -0.05972819980403161 -0.013822001298161815 23.905225195652758
4.361903729999958 7.034255141814353e-08 3.537747281030547e-08 -0.00022470761534745852 -9.399563527365761e-05 7.536384372532282e-06 -0.05635626068055204 0.018348183973378354 0.013474792928626755 42.739515928485964
4.362465527749958 2.1181810037811335e-08 3.8182730763945505e-08 -0.0002496268804442537 -8.11588508147149e-05 3.1243306110798033e-06 -0.032355736286318666 0.023974799570630027 -0.013185517900478692 42.716288062087
4.363027325499957 -1.5872176509991802e-08 3.975421264858289e-08 -0.00026006458977979115 -5.165528682870075e-05 2.1104959472835686e-06 -0.0049918453096080674 0.05965173030449223 0.0010405973368927284 50.205585712120694
4.363589123249957 -4.947930972816084e-08 4.04501513898212e-08 -0.0002560063402144505 -6.533174553161251e-05 4.910252552337349e-07 0.01964021344108017 -0.04534305334227137 -0.0038634716420529276 42.254934566317104
4.364150920999957 -6.98726397499202e-08 4.1622111190811006e-08 -0.00024038602128746648 -1.1717218291836318e-05 3.395675061304285e-06 0.03636278118456141 0.13062808704060608 0.0074287137613384775 26.64397977372833
4.364712718749956 -7.53918238608737e-08 4.125830927656368e-08 -0.00021270031494894704 -4.224545767910617e-06 -4.0379147547920544e-06 0.06161961657634267 -0.01598582531105041 -0.018396915863858006 49.53546408429867
4.365274516499956 -7.583493773887565e-08 4.0316327922432654e-08 -0.0001734474782990356 1.80284934057825e-06 -1.1742939334773236e-07 0.07872375133122846 0.01740741051121349 0.01332230893879897 25.672833998853534
4.365836314249956 -7.09968800962059e-08 3.9987298138139144e-08 -0.00012433382891361008 1.5216227178370243e-05 -6.054647277852805e-07 0.09596245468761001 0.025492913210526318 -0.004416455859253358 31.937906660040127
4.366398111999955 -6.124335982857519e-08 3.872731565422258e-08 -6.861642013884965e-05 2.0040542129192505e-05 -3.837818030854971e-06 0.1030046706265636 0.004360872516625178 -0.006087872170481151 7.684453877516173
4.366959909749955 -5.0470060466337285e-08 3.7964132328242794e-08 -9.075683946328e-06 1.853490438591549e-05 6.746740947824964e-07 0.1088730900611109 -0.004440262124699963 0.011562263072371405 11.13611983778311
4.367521707499955 -3.992498314204374e-08 3.7614988639521435e-08 5.060513509096542e-05 1.8847661232194776e-05 -1.4336517987672672e-06 0.10420511430783527 0.0018059495176262698 -0.007581590904699134 -13.170276062421724
4.368083505249954 -3.133706985398005e-08 3.753360357796136e-08 0.00010762349002088015 1.2158637826400252e-05 7.798260586528012e-07 0.09867509814719654 -0.015334564531724085 0.006820385983562457 -9.011717003344845
4.368645302999954 -2.309615701955021e-08 3.790148997227485e-08 0.00015859138510881612 1.6452871878801972e-05 7.472157034882594e-07 0.08334797932551104 0.013388311947304176 -0.0017776545364945543 -31.84991029794953
4.3692071007499536 -1.4731064925666738e-08 3.832129155731102e-08 0.00020102102759887917 1.3893884843540185e-05 6.940903664834557e-07 0.0675818978316851 -0.009040824168755802 0.0003262097586968568 -27.11705392469491
4.369768898499953 -4.0526688826578055e-09 3.867962163109807e-08 0.00023250635146349955 2.3306069663040548e-05 5.973168099818339e-07 0.04492346326302443 0.02320231737030092 -0.00029687360396706296 -43.635753686202825
4.370330696249953 1.0777876627272324e-08 3.865855107533237e-08 0.0002509720049758537 2.9855487176452508e-05 -6.135956996219091e-07 0.020792681221023405 0.00877187469763778 -0.002620061946349649 -42.782051890390086
4.3708924939999525 2.736211808136429e-08 3.786625224147264e-08 0.0002555335567925676 2.948258929621297e-05 -2.2005205416403266e-06 -0.004483720005993196 -0.003022666462091427 -0.002875892304560315 -45.54448003874957
4.371454291749952 4.5341393155446797e-08 3.6977777352932954e-08 0.00024726694360025853 3.416473967292307e-05 -1.1144244123591624e-06 -0.025218356536547984 0.011173451255798278 0.0031355369758749993 -34.74844650149871
4.372016089499952 6.506591675679077e-08 3.5395189584387185e-08 0.00022616278985754145 3.628821294008141e-05 -4.2444382996593166e-06 -0.0496369738845549 0.0019313652291043583 -0.007748165178037355 -45.64431224563184
4.3725778872499514 8.42382761672669e-08 3.354196275167273e-08 0.00019305214872168534 3.225337958950221e-05 -2.685585454538873e-06 -0.06861197678109857 -0.009460345557207959 0.005405488892246732 -30.80830359452502
4.373139684999951 9.964264445908705e-08 3.268353092285649e-08 0.00014909845257115927 2.2817956788453982e-05 -3.3200144986787236e-07 -0.08775969987784585 -0.01862872944801252 0.0038853522135181917 -34.90160820467651
4.373701482749951 1.0725223177758399e-07 3.229453362015695e-08 9.720072854125858e-05 4.702480938644465e-06 -8.98198855692399e-07 -0.09754850815589784 -0.03564975160538292 -0.002231127287638854 -13.0546964764107
4.37426328049995 1.0437541344290798e-07 3.159040346720236e-08 3.993359452761012e-05 -1.4964271630298992e-05 -1.6374289380498218e-06 -0.10624580980897737 -0.03484608678337347 -0.0010870051195605167 -16.087822155768897
4.37482507824995 9.200887447977628e-08 3.195676415692174e-08 -1.913675903029255e-05 -2.935244787461364e-05 2.6652942383404727e-06 -0.10464319049872631 -0.023302170607845233 0.00984531039523232 7.587783522082188
4.37538687599995 6.910396095713751e-08 3.279228500268209e-08 -7.723908529433066e-05 -5.167005409365738e-05 7.29188788096772e-07 -0.10210413161415893 -0.04383113143372545 -0.00676916224714218 3.752460165892404
4.375948673749949 4.053099641529633e-08 3.4888723928935676e-08 -0.0001308875411442026 -5.144734080148587e-05 6.211822546061485e-06 -0.0894761160831688 0.011453319935990944 0.01389115073425896 27.159219655484172
4.376510471499949 9.406964583843283e-09 3.693951134952422e-08 -0.0001774890106803966 -5.859047405025463e-05 1.777393320710281e-06 -0.0763075843523517 -0.018756801541985547 -0.013339392759310363 22.510178333715267
4.377072269249949 -1.7648549375982447e-08 3.905705523593518e-08 -0.0002143651486358631 -3.9399390574694243e-05 5.149823933473799e-06 -0.055434245795297314 0.04738936133214571 0.0108385063407494 40.81563393826213
4.377634066999948 -3.3388725910225315e-08 4.046841882611488e-08 -0.00023905825051937947 -1.6430103507850068e-05 4.798267888295251e-07 -0.03247484382422398 0.039259323646257165 -0.013100370283981075 40.88076115652793
4.378195864749948 -3.557039658282054e-08 4.048121399745818e-08 -0.0002498128711383967 8.501587015264619e-06 -7.775357540058995e-07 -0.006008461781321235 0.04565818077976566 0.0004774608991965389 48.667510050801965
4.378757662499948 -2.3491184132932898e-08 3.963433198897923e-08 -0.00024686108620253883 3.448186849489522e-05 -2.145337085544421e-06 0.016773290625168687 0.04639158138630347 -0.003162723202691038 38.52252184521829
4.379319460249947 -3.991449535606976e-09 3.855144083751597e-08 -0.00023273728938063868 3.630089298121668e-05 -1.827575148242706e-06 0.03376878473642643 -0.0075505658442714275 0.001497701114704619 28.18434412534245
4.379881257999947 1.7232790943721373e-08 3.733193101814943e-08 -0.00020679262263544688 3.88740566816159e-05 -2.4325225038604415e-06 0.05811538974434325 0.007612930723086134 -0.0017204331516564972 47.12511038216922
4.3804430557499465 3.54113522388444e-08 3.5682165087627747e-08 -0.0001696108749061958 2.676342220542779e-05 -3.4384295852306132e-06 0.07480220585753342 -0.028849394525037732 -0.0018080349793266246 25.346888441969888
4.381004853499946 4.812528352459275e-08 3.4911111440095046e-08 -0.00012279736142067915 1.8075211947688203e-05 4.1934294490652805e-07 0.09170415830929012 -0.012118919288879575 0.009035552667309885 31.270122282723943
4.381566651249946 5.313659953898781e-08 3.417833475643974e-08 -6.944511192402721e-05 3.775927672913767e-07 -2.574112469536536e-06 0.09881787526403661 -0.036347473051073685 -0.008919326497269647 8.010489732780039
4.3821284489999455 4.754595858815425e-08 3.4005489912178224e-08 -1.2225897845913953e-05 -2.0267603352569994e-05 1.450537521285377e-06 0.10479921782827774 -0.03684869333362967 0.011184677898675999 11.305864838792266
4.382690246749945 3.211516403363668e-08 3.466099342317767e-08 4.531301579524639e-05 -3.500169309476262e-05 1.2479016444959926e-06 0.10063105305728065 -0.023571176506908462 -0.003247034302779985 -12.100632871543215
4.383252044499945 7.648445666978404e-09 3.594838311357192e-08 0.00010046595746961204 -5.189448106134416e-05 3.126901975783165e-06 0.09561327661702537 -0.0316936592868726 0.004992534333715451 -8.139394417511912
4.383813842249944 -2.0519321644728154e-08 3.7820075570056884e-08 0.00014994919773489592 -4.951800318938763e-05 3.6638874627285146e-06 0.08110588630561957 0.013211078113263032 -5.334086900074823e-05 -30.24409499991477
4.384375639999944 -4.806308535845736e-08 3.973973937451473e-08 0.00019135107591613395 -4.819474451221994e-05 3.1948153881265084e-06 0.06616923974625079 -0.000358518956894544 -0.0010303501539583552 -25.67301501080785
4.384937437749944 -6.876783516043807e-08 4.140714286435206e-08 0.0002223233870416462 -2.673273290607898e-05 2.7344749903535485e-06 0.04449979837283478 0.04784260580168202 -0.0007666698516771733 -41.796253544251314
4.385499235499943 -7.692486141564252e-08 4.2321176770132827e-08 0.00024082657631147486 -2.1757319215331385e-06 6.145063385434967e-07 0.021352767666886707 0.042678676013424816 -0.004525262810945674 -41.05308019221455
4.386061033249943 -7.18668502206275e-08 4.201813111692887e-08 0.00024591513367186387 2.0268460169555225e-05 -1.7058331611617703e-06 -0.0031561975353323196 0.03926865864903828 -0.004031439709924808 -44.26917779958004
4.386622830999943 -5.45067684587386e-08 4.1135186852243944e-08 0.00023863524445717936 4.1575825633654334e-05 -1.5723546282171787e-06 -0.023040662780615857 0.03759172373243507 0.0013048496647680517 -33.17564094210322
4.387184628749942 -2.549375915400079e-08 3.926894420641777e-08 0.00021903162140641494 6.176290546887369e-05 -4.846087059560531e-06 -0.04647825840003048 0.03551832192486368 -0.0076102671123558 -43.85474027844762
4.387746426499942 1.185255603658893e-08 3.674122675429286e-08 0.00018783388407700788 7.175058895388141e-05 -4.41720473610714e-06 -0.06493344202973486 0.013343015384053098 0.002856829952544655 -30.099098711819973
4.388308224249942 5.291261484019753e-08 3.48119707064787e-08 0.00014610181396484297 7.468009090912305e-05 -2.4701875113771395e-06 -0.08353741989151972 0.0031823880369941126 0.0036179058585513644 -33.86907627151148
4.388870021999941 9.075287843029661e-08 3.30841202264331e-08 9.658510681775706e-05 6.090657542825264e-05 -3.5082398922967847e-06 -0.09326517317157991 -0.03144166910743477 -0.0032141430237338296 -13.176982088490906
4.389431819749941 1.1930313516179195e-07 3.111095769868631e-08 4.172945013698655e-05 4.086602778264965e-05 -3.6119552814096037e-06 -0.10194891267874955 -0.03672980145758693 0.0005727690140034557 -16.027074977948477
4.3899936174999405 1.355986963424236e-07 3.024112813729891e-08 -1.504711056451227e-05 1.7310467582082857e-05 3.12700295497233e-07 -0.10074958044235273 -0.043228671343952765 0.008589166448784104 6.675282983814258
4.39055541524994 1.3559245103486153e-07 3.011294241215432e-08 -7.108034994511824e-05 -1.6781123460167004e-05 -4.544613287565991e-07 -0.09863665818551642 -0.06504662261233415 -0.0038542262346965422 3.032431299016406
4.39111721299994 1.2139260987662356e-07 3.1497903616793286e-08 -0.0001230015514464273 -3.481164105178408e-05 4.95863849769044e-06 -0.08677425218517992 -0.02385624618887907 0.013007703732747065 25.635745657980365
4.3916790107499395 9.451691425903067e-08 3.3310116517798165e-08 -0.0001682987219571299 -6.0192070830794195e-05 2.0665760273989633e-06 -0.07437122741943525 -0.05050739499347037 -0.009686764961763518 21.187793827287656
4.392240808499939 6.11388566073529e-08 3.563192298053663e-08 -0.0002043610884947432 -6.0227890566919625e-05 5.689171377569644e-06 -0.05446118016634113 0.012547149835089911 0.010481965934877059 39.00290690283947
4.392802606249939 2.921217739179031e-08 3.767697504287892e-08 -0.00022878102897344108 -5.3417659476933674e-05 2.1230502155164076e-06 -0.03247783581675943 0.012015976792219527 -0.010555111108965775 39.16221469670472
4.393364403999938 4.918926338506537e-09 3.868437239580793e-08 -0.00023977813682602074 -3.379061745323098e-05 1.1826296657200837e-06 -0.0068744867390998395 0.040666174523061746 0.0005463420434811349 47.17689830848931
4.393926201749938 -1.6655252463851107e-08 3.900249374539038e-08 -0.00023700261776615794 -4.130564250711624e-05 3.187719338090836e-08 0.01690839076865466 -0.026887474459275255 -0.0026970097746286713 41.12267814224905
4.394487999499938 -2.975917232204207e-08 3.983308024342026e-08 -0.00022363517390975126 -8.063838306894663e-06 2.690248812041936e-06 0.03117664322547994 0.08068488333017315 0.006589129324756039 21.46619233962818
4.395049797249937 -3.361408433071561e-08 3.960271665236187e-08 -0.00019939051327480287 -3.373733926358807e-06 -2.982999115262759e-06 0.05450072524670847 -0.009735738533667064 -0.014270259032564734 46.52953467183933
4.395611594999937 -3.468841356664129e-08 3.880468217846592e-08 -0.00016435980503983622 -8.978092129488165e-07 -4.513643014627638e-07 0.07076416384111536 0.007942867148302103 0.009200452247014131 24.55376738554891
4.396173392749937 -3.30742351860029e-08 3.854335563141562e-08 -0.00012000561765732577 6.480270801164577e-06 -2.022275271074355e-07 0.08699943657305921 0.014430511326418184 -0.0017457837360409327 29.985040162827865
4.396735190499936 -2.933608032786884e-08 3.768773585383834e-08 -6.928653654427445e-05 7.240801100684269e-06 -2.755335310804449e-06 0.09410818684498368 -0.0019154479067112727 -0.0052442189131225 8.32070939341979
4.397296988249936 -2.6325091171987908e-08 3.722102121482612e-08 -1.4709410577254701e-05 3.6213823470102785e-06 7.319482766133849e-07 0.10011163251489727 -0.007574344790517883 0.009070260749086189 11.277489333999501
4.397858785999936 -2.448763267723508e-08 3.720838424477242e-08 4.033944585373043e-05 2.7307123118170664e-06 -4.2521502497327224e-07 0.09642599575940697 -8.815464058537057e-05 -0.0048422535461769105 -11.019914155473588
4.398420583749935 -2.4654295969068354e-08 3.746711638211121e-08 9.327515071328101e-05 -3.004228972165218e-06 1.1070887018436172e-06 0.0919297846882231 -0.012738205760523445 0.004619939195760818 -7.249091144542259
4.398982381499935 -2.4599865315956248e-08 3.808846416211227e-08 0.00014094332175868725 2.4866012837099967e-06 1.2432458360228414e-06 0.07830615483708124 0.015401648820546341 -0.0008520351738764931 -28.5003037842369
4.399544179249935 -2.3181070402210498e-08 3.865796417606561e-08 0.00018101768716784292 3.0209603429207836e-06 7.831304457874025e-07 0.0642486781771554 -0.002661463292447093 -0.000810747954924152 -24.152809778684727
4.400105976999934 -1.7967323178874606e-08 3.9104805818028216e-08 0.0002112164626126475 1.4793660264361332e-05 7.82065182418514e-07 0.04365414927170763 0.026859623279304665 0.00020031677772340846 -39.784624599092915
4.400667774749934 -6.835803323464297e-09 3.9174090083008805e-08 0.00022954506680257408 2.5103420856491424e-05 -4.592585052058934e-07 0.021580107961547686 0.016224311612373747 -0.0028120244132066124 -39.168586010937084
4.4012295724999335 8.165731524667418e-09 3.846514917455235e-08 0.0002350129648397067 2.8617105199570776e-05 -2.063211893991559e-06 -0.0020244081425617733 0.0037618697993527512 -0.0028657902045926683 -42.72790209154238
4.401791370249933 2.641746338559644e-08 3.762373056492883e-08 0.0002286299202857127 3.605931553100019e-05 -1.0782070819271863e-06 -0.0209830563309139 0.015618450620397227 0.0029080832689509454 -31.501016907139245
4.402353167999933 4.6756943479051386e-08 3.651396442154955e-08 0.0002116205488887976 3.680107081501879e-05 -2.6899984456986208e-06 -0.03952290706481528 -0.002254207139904822 -0.004313256619562599 -33.375913862427424
4.4029149657499325 6.824670643403925e-08 3.467983032011396e-08 0.0001829965578430256 3.948053059651283e-05 -3.907346892768398e-06 -0.0621598877764781 0.0065253498286131865 -0.0016302861533843 -42.02330386971084
4.403476763499932 8.805979593064777e-08 3.287067085819095e-08 0.00014427112760153187 3.16980417473053e-05 -2.6552122703662306e-06 -0.0762386952642867 -0.01894737523323105 0.0031935710871226347 -20.819520849592845
4.404038561249932 1.0193314423835864e-07 3.218170612674487e-08 9.726533915411318e-05 1.787013962588992e-05 1.4585804314841357e-07 -0.09093326324470992 -0.0260302385656961 0.005433988706955232 -27.490533707541033
4.404600358999931 1.0646328492721766e-07 3.21735162287218e-08 4.5033669733328136e-05 -1.477139049439571e-06 4.649072243419376e-09 -0.09561676556657425 -0.0365401356264495 -0.0016726871385735658 -3.548159291373378
4.405162156749931 9.968250381838471e-08 3.196827978073407e-08 -9.73880452640401e-06 -2.262744636838192e-05 -7.459295745875084e-07 -0.09927934926012458 -0.03792440011336096 -0.0012518657129066552 -7.262208936057508
4.405723954499931 8.382432055450248e-08 3.280343695170718e-08 -6.368011247398614e-05 -3.436585452387788e-05 3.4438534595296417e-06 -0.09331660624893949 -0.016636858248244422 0.009635233725754491 15.082655500244998
4.40628575224993 5.897599002654758e-08 3.396733151911381e-08 -0.00011424217252112915 -5.3541325752501716e-05 1.134023373796878e-06 -0.0865862803903257 -0.03850620913498072 -0.007548180397894094 11.20431123523863
4.40684754999993 3.0327031870929074e-08 3.600190549834901e-08 -0.0001584293696444547 -4.9872193924807215e-05 5.618289100870284e-06 -0.07122987134193881 0.01779037064118963 0.011864536392105548 31.366932494712543
4.40740934774993 5.764862995784694e-09 3.7946577933290895e-08 -0.0001932324172135616 -3.769206430069373e-05 1.8894260289909475e-06 -0.052718985638832754 0.022653195888875988 -0.011262854474446698 33.34498777169216
4.407971145499929 -9.867573048270739e-09 3.917996567447689e-08 -0.00021743082369262502 -1.83325164230173e-05 2.13187759641525e-06 -0.03345708471006712 0.03741169527101296 0.003355168358828359 34.52148283789596
4.408532943249929 -1.5621021734840153e-08 3.944022747679704e-08 -0.00022908364472540746 -1.8922730907683456e-06 -9.272429550419347e-07 -0.008348404022362707 0.027226617779421283 -0.007645335350736299 47.23644410003737
4.409094740999929 -1.0081776484319614e-08 3.881604480897744e-08 -0.00022764928347793138 2.117485219323951e-05 -1.5040056386919213e-06 0.01370684692393599 0.04451769956871604 0.0006280368601455657 37.263822575900626
4.409656538749928 2.8988128691218605e-09 3.8153936617270726e-08 -0.00021600988357304275 2.6162310902900756e-05 -8.689734271305624e-07 0.028097520228278917 -3.2329207690303535e-05 0.0012559374627532493 22.703292618304125
4.410218336499928 1.7655972730583143e-08 3.733827184505686e-08 -0.0001937818477312192 2.6360981600584176e-05 -1.935132683509881e-06 0.05049204528249032 0.00045012460647868833 -0.002686188722994802 44.151995340214626
4.4107801342499275 2.9069927358993644e-08 3.617612697104107e-08 -0.00016109001675260084 1.4929918805240677e-05 -2.268251724056103e-06 0.06639176689730243 -0.02554664599844543 -6.964268817305638e-05 24.33888193480984
4.411341931999927 3.5703566475268056e-08 3.5695623543824176e-08 -0.00011928689790915009 8.254051395005054e-06 4.0508361462370875e-07 0.08230154776794918 -0.008467143562441224 0.0059655818303504205 29.314542130505
4.411903729749927 3.6176595011439114e-08 3.5093284875846546e-08 -7.1158711771784e-05 -6.03394144920773e-06 -2.2135898151263086e-06 0.08955325942171787 -0.029673998346736945 -0.0073179438679177805 8.8064229776945
4.4124655274999265 2.8297240436921348e-08 3.506604306222588e-08 -1.908842917370344e-05 -2.2053208868641265e-05 1.6670667773465542e-06 0.09574685089367888 -0.02822437059979202 0.01046394692840927 11.579135349602009
4.413027325249926 1.2757647630375817e-08 3.569353138709489e-08 3.3688920849196896e-05 -3.3514941176265536e-05 9.384489042475387e-07 0.09267899661600211 -0.018446261862043744 -0.004237161507854513 -9.720759639365475
4.413589122999926 -9.354519480815915e-09 3.685254134777417e-08 8.470110779850262e-05 -4.5133739334864214e-05 2.941079539345149e-06 0.08883351144713585 -0.021240260566646445 0.005515143562337866 -6.126014633672408
4.414150920749925 -3.3461401268969194e-08 3.839698114662371e-08 0.00013091039183714002 -4.1559052491090745e-05 2.7425766898279097e-06 0.07618919444007044 0.013263743408830932 -0.0018204547329689412 -26.602101822988015
4.414712718499925 -5.449739786397357e-08 3.993736380762315e-08 0.0001691504968141743 -3.3370549842869356e-05 2.686794920545575e-06 0.060014736892572695 0.014903482631193336 0.00033099924596839177 -29.3376427673988
4.415274516249925 -6.936252466808012e-08 4.138494661079968e-08 0.00019802184935674145 -1.9839458914809014e-05 2.488229156774726e-06 0.04280805221556518 0.02638080680768812 -0.0005245586380915575 -30.95046290594029
4.415836313999924 -7.48346255794018e-08 4.1872223765091504e-08 0.0002164581764172866 7.240060728077355e-08 -5.965786802605081e-07 0.02296346128906126 0.0377086859562749 -0.0067325578122032865 -36.41659930578484
4.416398111749924 -6.885797295576856e-08 4.122103349268047e-08 0.0002228521854151933 2.1207282568501985e-05 -1.8631693655417514e-06 -5.6709959774167316e-05 0.037597941109803454 -0.0011350248357925297 -42.115731458344065
4.416959909499924 -5.1837106059776204e-08 4.0576390292114715e-08 0.00021793834372570536 3.9543716645419545e-05 -5.419472442136115e-07 -0.01777103991099873 0.031399080747709085 0.003223475443603679 -28.885451473985214
4.417521707249923 -2.591405280235232e-08 3.9602919746166224e-08 0.00020292411819516974 5.297887214232822e-05 -2.7003332580250603e-06 -0.03559009416100842 0.02204345094317937 -0.005608277765646442 -32.426033036037055
4.418083504999923 8.753678595016598e-09 3.754103641739795e-08 0.00017684797387794733 7.016796366553124e-05 -4.704466795553985e-06 -0.057058103613380505 0.03273486609458449 -0.003057127701889025 -39.65981301138012
4.418645302749923 4.8164072980737525e-08 3.4923130693001855e-08 0.00014106198910729625 7.111426986942349e-05 -4.711491178245781e-06 -0.0708192338763931 -0.006078185209456855 0.0007486526739048562 -20.703561735469783
4.419207100499922 8.615939700552939e-08 3.2980064729051054e-08 9.720567734275261e-05 6.433816287272151e-05 -2.3168632437646695e-06 -0.08515699361104614 -0.01355729184069131 0.005140884012387824 -26.72562513526316
4.419768898249922 1.1615140134557951e-07 3.1661988712030764e-08 4.812708353911001e-05 4.3194290291537384e-05 -2.218559287574701e-06 -0.09012775561949767 -0.04365579376821686 -0.001066494699480509 -4.37853924029554
4.420330695999922 1.3297960804460486e-07 3.053575383882224e-08 -3.652227602473967e-06 1.68182083387842e-05 -1.845522624063347e-06 -0.09412037489129803 -0.04777283419629227 0.0010966302553334422 -7.788943114105441
4.420892493749921 1.3597903895437035e-07 3.066681298591922e-08 -5.493619722550934e-05 -6.346873617004692e-06 2.123490925938212e-06 -0.08898553213738097 -0.039599099060301006 0.008556897629080908 13.372260963124049
4.421454291499921 1.2361029854524816e-07 3.13607520095211e-08 -0.00010330347744776441 -3.7201637981572084e-05 6.97548831470427e-07 -0.08310991150606979 -0.05875207628938942 -0.005311945583326636 9.730190729260787
4.4220160892499205 9.973148133599591e-08 3.3081066701762513e-08 -0.00014588488748860514 -4.899992942954294e-05 5.015995434066527e-06 -0.0689679115373046 -0.011563179530660236 0.01093653013465671 29.033402405536815
4.42257788699992 7.114896915698883e-08 3.5008753579011444e-08 -0.00017977953913380238 -5.289985318877595e-05 2.3425574108270164e-06 -0.05174817118460958 -0.005786535525020486 -0.008682532165117805 31.05557187495576
4.42313968474992 4.298616471874682e-08 3.668263796562073e-08 -0.00020379026962215904 -4.7827890062008445e-05 3.288863544577653e-06 -0.033760448236948536 0.012731751894745454 0.00427616419940359 32.25879078994533
4.4237014824999195 1.9471190656951108e-08 3.7746408695430405e-08 -0.0002159238650895349 -3.614049625504375e-05 7.747128421955648e-07 -0.009765456119806818 0.022821513376848592 -0.006663026390624468 45.32416003013167
4.424263280249919 -2.2094461183469004e-09 3.829165230399295e-08 -0.0002160086334956487 -4.009873467841429e-05 9.461518503477699e-07 0.009795662070159333 -0.014512458880252523 0.0020472083927022705 32.192448182786435
4.424825077999919 -1.5886683926591625e-08 3.911040143426412e-08 -0.00020637045859167827 -1.0704280229622958e-05 1.975394267167099e-06 0.024695445471982703 0.06903077619567806 0.0017782622906991953 25.103906189141238
4.425386875749918 -2.1862132405736276e-08 3.897639390258114e-08 -0.00018642398017211807 -8.51027895467918e-06 -2.1634556863085454e-06 0.045913797399089545 -0.012376041187758287 -0.009653506765208575 40.93485672661115
4.425948673499918 -2.619981826683034e-08 3.852108271794464e-08 -0.00015643667039189928 -7.38620855335247e-06 1.0962539138490217e-07 0.06127078297405185 0.005595066952398349 0.007470982114461254 23.935578893506197
4.426510471249918 -3.044580338524663e-08 3.8169865548307625e-08 -0.00011850923765818152 -7.543822365462625e-06 -1.0581781446451403e-06 0.07380236777148194 -0.0017494574717983563 -0.004466108409275597 21.898881590336792
4.427072268999917 -3.352678004452336e-08 3.824793042945355e-08 -7.360946775405402e-05 -3.6961698707531165e-06 1.074965736474685e-06 0.08604423794930437 0.008998391211488732 0.005862772261544705 21.763440884278598
4.427634066749917 -3.513890431946919e-08 3.811458402778216e-08 -2.4729726067628797e-05 -1.8618157259837065e-06 -1.2345012224370078e-06 0.08851633693821959 0.001831840189649498 -0.006604257074660726 0.05956005677234533
4.428195864499917 -3.607340093973312e-08 3.8019484062295964e-08 2.5564867759469306e-05 -1.4313194654937376e-06 5.849019709556244e-07 0.09042683465002256 0.000499894136967676 0.00569923639420718 4.2359674158255425
4.428757662249916 -3.558000487806006e-08 3.809307612261304e-08 7.423869225673806e-05 2.9567762842389117e-06 -1.04057965687812e-07 0.08338210859645456 0.009638539557736898 -0.0029577449652490786 -16.733507401527525
4.429319459999916 -3.3784865699258045e-08 3.826769856245446e-08 0.00011894620802962882 3.696877224675277e-06 5.930343482305946e-07 0.07568103604879794 -0.0007629102887286578 0.0022904666475368463 -12.951509653839189
4.429881257749916 -2.906814979442193e-08 3.863058965934936e-08 0.0001570567824377371 1.2571334439944599e-05 7.617490788371475e-07 0.060440601699401436 0.019936394974897097 -0.00019722638440744457 -30.672089183518466
4.430443055499915 -1.9588878749653446e-08 3.894490918334569e-08 0.0001859958713926266 2.1313155681827517e-05 3.7287028880584974e-07 0.04261592129174248 0.014466453616730164 -0.000815948716044594 -31.991891809485896
4.431004853249915 -5.416821466823502e-09 3.895201698611913e-08 0.00020478396237904326 2.915539852391852e-05 -3.3361178996916473e-07 0.024289560998779807 0.013832377006725812 -0.0013679354541238553 -32.778178903376755
4.4315666509999145 1.1537878641955785e-08 3.798423740163588e-08 0.00021212455009484276 3.150811264886238e-05 -3.0046650966588004e-06 0.0020576491633090255 0.0017766947024958476 -0.0056011097735726625 -41.27145935543927
4.432128448749914 3.6450815218979825e-08 3.6645452740405e-08 0.00020724324681802234 5.586785220729161e-05 -1.995192515204828e-06 -0.019525273970923383 0.0537562471129171 0.0036463539483600404 -37.70413937494736
4.432690246499914 5.977609115896702e-08 3.5602830457333e-08 0.0001930538709794011 3.030670299788478e-05 -1.6222897314593144e-06 -0.03150645594369408 -0.07031261905356281 -8.187978910718062e-05 -17.232095178985293
4.4332520442499135 7.65040684737077e-08 3.4691041309398616e-08 0.0001694203453534338 2.7197813803639457e-05 -1.6260553298330483e-06 -0.05201958572227143 0.01066087627160413 1.2091490853338794e-05 -41.33369019082542
4.433813841999913 8.822248973046993e-08 3.345071118795547e-08 0.00013652839689150617 1.5513882861551202e-05 -2.7271985156859647e-06 -0.06561708320044068 -0.02866196554404739 -0.0024530664734878247 -19.921009492511367
4.434375639749913 9.252129326903797e-08 3.2921061236040035e-08 9.582554143124748e-05 -2.3028316011995717e-07 5.781965486406614e-07 -0.0791532025303466 -0.02786527818738225 0.007967770673275821 -25.137613286521027
4.434937437499912 8.717345821530707e-08 3.303600124993445e-08 5.004260162767579e-05 -1.8652342958335014e-05 1.0916351554879084e-07 -0.0843368600692354 -0.034022763709154004 -0.0030355411721670117 -5.249234760072751
4.435499235249912 7.12346734447324e-08 3.323411499640122e-08 1.4648012153500902e-06 -3.807250457346291e-05 4.793707567982867e-07 -0.08853012104893444 -0.03470416888244741 0.0015825964089409518 -8.017697036468055
4.436061032999912 4.7454958117601926e-08 3.4424876655390955e-08 -4.6898750949010776e-05 -4.716833280128774e-05 3.632394982195443e-06 -0.08414420171352001 -0.011562175687502136 0.006619829834355219 11.763094829213511
4.436622830749911 1.743219754474052e-08 3.5912561171122415e-08 -9.277240849472696e-05 -5.939057215029576e-05 1.9666539150501494e-06 -0.07907919933781171 -0.024303938765656757 -0.00536123135152077 8.328856635002726
4.437184628499911 -1.3082596442286048e-08 3.7853906908669847e-08 -0.0001334397465180526 -5.050967710215833e-05 4.625552941239536e-06 -0.06616002696836246 0.025835976272332275 0.007256358200735531 26.662944507017656
4.437746426249911 -3.7358090448836795e-08 3.948996637904179e-08 -0.00016612702210701895 -3.591555546036148e-05 1.5984049482251659e-06 -0.05025855358737186 0.026012926747294846 -0.00854949386832209 28.715042322875686
4.43830822399991 -5.127721789688568e-08 4.0526960321990545e-08 -0.00018966998700763554 -1.4044734473863166e-05 1.8111528278438231e-06 -0.03358486903694429 0.042159345251478346 0.0026107375015991495 29.92018772950035
4.43887002174991 -5.346816708842678e-08 4.059029927722043e-08 -0.00020205512312284883 6.425771997305173e-06 -1.3266618333545526e-06 -0.010840097601243688 0.035007040813242844 -0.007634322031478728 43.12706976512598
4.43943181949991 -3.9324249194587005e-08 4.008420579323502e-08 -0.00020342060945275668 4.297684018871128e-05 -7.487894529207432e-07 0.006373561758615538 0.07257436692924939 0.003194346560764541 27.518624825931212
4.439993617249909 -1.6513937042148933e-08 3.892897283189622e-08 -0.0001955986187965804 4.0652071260010245e-05 -3.1290076939825657e-06 0.021491936024139176 -0.0233162026245384 -0.006094572253036933 26.758726702520253
4.440555414999909 8.710659325786216e-09 3.7634681795233825e-08 -0.0001789949728190364 4.799749403080438e-05 -1.748895083957586e-06 0.03755888395589422 0.022172616402879618 0.004594393635920487 29.05927765129209
4.441117212749909 3.5955761555768374e-08 3.600591187138158e-08 -0.00015233301233789342 4.960531031485696e-05 -3.789550979423116e-06 0.05717272319450755 -0.0019657628508136966 -0.005689057799096063 36.37597311132292
4.441679010499908 5.9487627097672904e-08 3.425379217440548e-08 -0.0001171452842635001 3.493141758481052e-05 -2.6896454753592237e-06 0.06860220276723603 -0.032157970774917374 0.003869554208554154 16.33659889865898
4.442240808249908 7.561644856789015e-08 3.3601705110988905e-08 -7.51800738650821e-05 2.218778828069146e-05 3.211410368674172e-07 0.08063344452753461 -0.02031508264972619 0.0057316114710649286 22.685363325863968
4.4428026059999075 8.24444601855862e-08 3.320752400915507e-08 -2.9166393234340562e-05 2.580844360892383e-06 -1.444010623902079e-06 0.0837186021854767 -0.03854667977727594 -0.00536036533261813 1.193134991781891
4.443364403749907 7.79195916082896e-08 3.327762852441697e-08 1.850549747297853e-05 -1.8709891093081684e-05 1.3661193234006303e-06 0.08590788673167436 -0.03773521667766238 0.007592630497169667 4.572874391703231
4.443926201499907 6.336557314134259e-08 3.401191866636038e-08 6.490790845660815e-05 -3.346491978461572e-05 1.4814044596330497e-06 0.07977422370924152 -0.02339613483341786 -0.0016416481948925746 -14.790618891084419
4.4444879992499065 4.008701024733497e-08 3.5124814818613925e-08 0.0001078468934307767 -4.9257761339812625e-05 2.378184081238584e-06 0.07300209559626893 -0.029290038927676003 0.0024057467167733796 -11.370330403942214
4.445049796999906 1.2390949382130515e-08 3.6772404485458686e-08 0.00014479240348364697 -5.021213069289784e-05 3.5001489378322066e-06 0.05895476782232597 0.005199037910685685 0.0018949351392108886 -28.412721852333565
4.445611594749906 -1.3624328013953856e-08 3.854066613940019e-08 0.00017324361097117424 -4.2662621740114734e-05 2.8891153028845695e-06 0.042366734295215557 0.015497898026269795 -0.001833283629359815 -29.805194319302228
4.446173392499905 -3.418982972812815e-08 3.997709445073623e-08 0.00019222948451850947 -3.0731915941102296e-05 2.205110934497812e-06 0.025244238627817467 0.022671346028980913 -0.0010635888199310812 -30.646254470646763
4.446735190249905 -4.564223890141896e-08 4.03650279212521e-08 0.0002003535520984095 -1.0462382188897279e-05 -6.945712511953651e-07 0.003909088240136877 0.0394318763169377 -0.006185895690447548 -39.809146232310866
4.447296987999905 -4.788158468794967e-08 4.009135093501814e-08 0.00019726715141465446 2.9802544300309147e-06 -4.868825664705732e-07 -0.015086203322859083 0.02005189754744885 0.0020085812484353744 -32.312237380937354
4.447858785749904 -4.163841343721454e-08 3.996525467511163e-08 0.00018527099370373837 1.8979159417723433e-05 7.012180692132608e-08 -0.027919356478568056 0.03058458938876374 0.0007371894248855812 -20.475706569004828
4.448420583499904 -2.7250959417184023e-08 3.900384953101324e-08 0.00016398364334878888 3.2449005681912284e-05 -3.280931381183265e-06 -0.047414087854855 0.022324260740500056 -0.0076403907370392425 -38.256850886893275
4.448982381249904 -7.341303446382264e-09 3.751716389324652e-08 0.00013376060998803558 3.8778791211831296e-05 -2.307850259612662e-06 -0.060644651698466875 0.008502707689372474 0.004075203190581283 -19.87379197752156
4.449544178999903 1.469983361382871e-08 3.614229533420753e-08 9.677933876105918e-05 3.989364188005802e-05 -2.4499099768868344e-06 -0.071051332865713 0.0003548658268656298 -0.0013348836701609665 -18.18641771853102
4.450105976749903 3.647927897930049e-08 3.5176845608036816e-08 5.401042682422157e-05 3.777175434158195e-05 -1.1049300121215397e-06 -0.08120931890718677 -0.0048099162534345884 0.0033263013541077963 -18.05491462566815
4.450667774499903 5.4697801389666295e-08 3.439370538530633e-08 8.300442126951378e-06 2.7511335562713228e-05 -1.5527447557311595e-06 -0.08204194764790801 -0.021626952833785695 -0.001827963148040916 2.661129699048149
4.451229572249902 6.614904025591255e-08 3.3644149084705695e-08 -3.79198789919647e-05 1.3367244141355347e-05 -1.1936409650567274e-06 -0.0823982591482603 -0.026063865361447565 0.00125599672525637 -1.458075517010366
4.451791369999902 7.075046086069099e-08 3.37399060891942e-08 -8.187561705414393e-05 2.7853948875528714e-06 1.426825567818167e-06 -0.074570554354643 -0.017028648367086417 0.005516538883488885 17.78116213214515
4.4523531677499015 6.737640785885268e-08 3.4146765227428044e-08 -0.00012144013524467375 -1.4370148724979694e-05 2.614728860893665e-07 -0.06618870541162472 -0.03391392263699265 -0.003972044450684973 14.2043234584391
4.452914965499901 5.849949271264856e-08 3.5140437912044194e-08 -0.00015430386183326052 -1.8093924993909316e-05 2.996628328228153e-06 -0.05120038241821498 0.00019307841944754805 0.007078732001862455 29.79793796249285
4.453476763249901 4.773821303905267e-08 3.6162818158087244e-08 -0.00017826437914786065 -2.0097432067794677e-05 9.80167188752928e-07 -0.03411827961524405 -0.004506072866548614 -0.006256309058233926 30.558194436049266
4.4540385609999005 3.820851288209337e-08 3.663058068258875e-08 -0.00019129264135830522 -1.4296973424206248e-05 5.136051279098003e-07 -0.01251201329214492 0.014032538763159578 0.0005259766739913704 40.434394200283045
4.4546003587499 2.78935007910413e-08 3.722679772646952e-08 -0.00019517007853315713 -2.157181592339417e-05 1.5663330661914183e-06 -0.0006794713228829873 -0.019694659332425757 0.0022108255058918215 16.218807463190544
4.4551621564999 1.956099094938027e-08 3.7579935131981556e-08 -0.00019000411582308015 -9.39901279769975e-06 -1.4314138849538132e-07 0.018503773668604506 0.03200815192321589 -0.004356287057171367 38.62801845370234
4.455723954249899 1.4942409079026338e-08 3.731827843011878e-08 -0.00017531503063362134 -6.2109724524693434e-06 -8.843282773205368e-07 0.03413102571884213 -0.0009086481771949243 -0.0005600690715898657 25.113631372228063
4.456285751999899 1.1408095608964938e-08 3.696910712877851e-08 -0.00015082233394738336 -6.389836750322434e-06 -4.034687234375805e-07 0.05280611984078736 -0.00017081102041451154 0.0012099297806372757 35.27367678605757
4.456847549749899 7.520899325022411e-09 3.6570681300644416e-08 -0.00011799297768555748 -7.397309564080428e-06 -9.461654032259658e-07 0.06452205547077182 -0.0021989242667174473 -0.0015099825637267322 17.249537710557153
4.457409347499898 4.117955708335666e-09 3.6422713741233985e-08 -7.923430885349345e-05 -4.925687017340681e-06 3.0150242818882483e-07 0.07349896014393227 0.006049091260675538 0.0031535565797116334 15.66122857002332
4.457971145249898 1.1512887205720038e-09 3.68188034933809e-08 -3.556946461955765e-05 -5.416860901323986e-06 1.1599455988957629e-06 0.08196649943813562 -0.002605134712496731 0.001121646919446404 14.924967881309815
4.458532942999898 -1.222879823617603e-09 3.69495402534667e-08 1.0059221601605604e-05 -3.239955282912994e-06 -5.622063791435244e-07 0.08099776157842427 0.0054948987033097444 -0.004112199900160352 -5.886683718963804
4.459094740749897 -3.223376177729153e-09 3.680979161604759e-08 5.520910331971875e-05 -3.683232459930442e-06 -9.171409990789447e-08 0.07962690311173772 -0.0023600163996233335 0.002074895301574246 -1.5784891738893072
4.459656538499897 -3.981033609570203e-09 3.699443296042729e-08 9.718721604276986e-05 6.667086330492335e-07 7.66340727679745e-07 0.07029047119378423 0.010268623080184761 0.001390448175535991 -20.378938827854956
4.460218336249897 -1.009688517605058e-09 3.7280757546033304e-08 0.00013307883385159247 9.726184457602026e-06 3.219135550630944e-07 0.057556005195551686 0.01759017804038305 -0.0013364625079009156 -23.239452280792307
4.460780133999896 6.998392972175734e-09 3.761018032576157e-08 0.00016152558501509353 1.8826559102353413e-05 7.826797324729368e-07 0.043756271663936246 0.015850789175730413 0.001359320376838793 -24.894544191187528
4.461341931749896 1.9691240726118386e-08 3.7487424597813507e-08 0.00018144786183301386 2.643301853015338e-05 -1.0723865942553292e-06 0.027305684146472824 0.012961675017554776 -0.004467352691820285 -30.37892136159492
4.4619037294998956 3.461492826552487e-08 3.6670600012629866e-08 0.0001908654816397659 2.706913151272517e-05 -1.9285245475214793e-06 0.006435009914899784 -0.0018250673610888065 -0.0007880687825878405 -38.84252005706658
4.462465527249895 5.5882105894997506e-08 3.5867670383351887e-08 0.0001893695818146488 4.743856633887039e-05 -1.0066634903440766e-06 -0.011953525474253306 0.04577825955508364 0.0022481580581236683 -31.203861431197033
4.463027324999895 7.5333561520385e-08 3.488057426334155e-08 0.0001794291192074147 2.454312882490226e-05 -2.360217008753007e-06 -0.02375667168681893 -0.06238691361209361 -0.003573696108050955 -18.46103509648569
4.4635891227498945 8.69742678498951e-08 3.4187906605340366e-08 0.00016195876486511005 1.5438428737368748e-05 -3.3266261267989997e-07 -0.03820827674702785 -0.004661229393041115 0.005404732580834767 -27.539562645637652
4.464150920499894 9.076564881151113e-08 3.3554102533258304e-08 0.00013529527527649277 -1.1550304525098851e-06 -1.6772511675693044e-06 -0.05655218305204116 -0.03575513953384501 -0.004342892694798035 -33.93030107134672
4.464712718249894 8.392845615460941e-08 3.318669808828885e-08 0.00010093074113840055 -2.308189213601376e-05 1.3037223255632882e-07 -0.06630897516727689 -0.03984848260630172 0.005107685259091368 -13.22628729712074
4.4652745159998934 6.616997962180886e-08 3.363883416496667e-08 6.159644717581517e-05 -4.042215184585602e-05 1.5602122971828305e-06 -0.07372208987495414 -0.02861995739575813 0.001904472844930086 -13.187608482782913
4.465836313749893 3.938157362436953e-08 3.5036547186130106e-08 1.8277826831531517e-05 -5.502744883284211e-05 3.3738144437528147e-06 -0.08052621076529169 -0.0253417966096088 0.003559146585064542 -11.842266936010676
4.466398111499893 7.497773412877327e-09 3.661646952667621e-08 -2.609175477053163e-05 -5.9053257966682085e-05 2.4170028021256833e-06 -0.07794871367829832 -0.0026219762151844968 -0.003018692559532363 8.695497781241045
4.466959909249892 -2.5953084105872496e-08 3.792718406473129e-08 -6.910959481031757e-05 -6.005812880494115e-05 2.1677664455479528e-06 -0.07508130203533438 -0.0015803435725109246 0.00020012224372454007 4.206116492188426
4.467521706999892 -5.556803833528774e-08 3.942226901309676e-08 -0.00010823723246969181 -4.620053884646225e-05 3.108162790568111e-06 -0.06466602978615149 0.031228223704928233 0.002042351317201936 22.12245174726919
4.468083504749892 -7.626336458883513e-08 4.058571959561786e-08 -0.00014076362272744927 -2.7537757484184807e-05 1.2052980420980602e-06 -0.05118702007817574 0.03371763281248466 -0.004744461915818366 24.46018381340148
4.468645302499891 -8.488072484015972e-08 4.1500735586806136e-08 -0.00016548305817917625 -3.430559948778571e-06 1.8651139323487168e-06 -0.03684778334810883 0.04520910658138383 0.002654205842103673 25.789755930592456
4.469207100249891 -8.023782446307004e-08 4.171580750893649e-08 -0.00018148784253414906 2.006624845853681e-05 -8.621721567777234e-07 -0.020248001697762044 0.040978122322365466 -0.006731763039177101 30.487075374069153
4.469768897999891 -6.367899524412345e-08 4.0855528632334104e-08 -0.00018735126369352217 3.910709115572548e-05 -2.33055537781142e-06 -0.0007586291099110585 0.032121344632509305 -0.0015842119233435092 35.74208538129755
4.47033069574989 -2.8046307666056725e-08 3.935671086442759e-08 -0.00018227809999048333 8.611609156047585e-05 -3.016702976720156e-06 0.018845831145711492 0.0965646902654828 -0.0011306254343704096 34.6844029415627
4.47089249349989 1.250537786347112e-08 3.732703301466397e-08 -0.0001690766917664855 6.262105798211784e-05 -4.179284052946485e-06 0.028693326833034938 -0.07641762253963223 -0.002304086548946315 13.239577278471089
4.47145429124989 4.9952127743564114e-08 3.575107595226797e-08 -0.00014769720151320916 6.797341921559217e-05 -1.6464090590872812e-06 0.046816609703599174 0.03101340943894091 0.006211668526755065 37.014410269034414
4.472016088999889 8.381779719241228e-08 3.3690480329599704e-08 -0.00011821338945838481 5.433555317014513e-05 -5.2881668165698486e-06 0.05864983950784169 -0.03809760446259509 -0.009655828182607105 17.075333878842144
4.472577886749889 1.0882816223083108e-07 3.2029712035074e-08 -8.277294638743157e-05 3.460714279421721e-05 -1.1614321829384747e-06 0.06755672583349422 -0.034371312190296884 0.011595941651397244 15.548988703967847
4.4731396844998885 1.2188637357807906e-07 3.146720759783167e-08 -4.320988998882232e-05 1.2062077668536639e-05 -5.112136335609124e-07 0.07344775099584505 -0.04156994210791026 -0.001452249133249648 9.220283875784553
4.473701482249888 1.2151979995257273e-07 3.161770534539548e-08 -6.105743792654358e-07 -1.3256563109917927e-05 9.205558783978019e-07 0.0782282799100059 -0.04594149048678897 0.00354874946335098 8.33160591825182
4.474263279999888 1.0807139034934963e-07 3.231918113284257e-08 4.205215126957759e-05 -3.485657723424914e-05 1.6479277400251687e-06 0.07414405018826963 -0.03657465904526994 0.0007312150343761721 -11.170312655868916
4.4748250777498875 8.270991506873942e-08 3.340794971057013e-08 8.249656933345126e-05 -5.542888331437994e-05 2.2190689401226297e-06 0.06973319501362196 -0.03662971649586908 0.001087985417977549 -7.021574648700705
4.475386875499887 4.969574271664086e-08 3.5093117758061887e-08 0.00011834107767209102 -6.284211666340022e-05 3.7295465356888665e-06 0.058294776693363144 -0.007337015160085424 0.0030888163124466565 -23.69508722766904
4.475948673249887 1.552083610446432e-08 3.699411074412816e-08 0.00014711927721564914 -5.925422813575433e-05 3.167228957866801e-06 0.044199672432357937 0.009817305803953706 -0.0020233606950223262 -25.437835330646962
4.476510470999886 -1.5012150837290246e-08 3.876570535243056e-08 0.00016780208462792925 -4.967197004549023e-05 3.0805813368294624e-06 0.029456558318213817 0.01886619790646514 0.00031304921598342936 -26.44397023534659
4.477072268749886 -3.684146015266194e-08 3.9755029442061605e-08 0.00017863433799374234 -2.8627907003137532e-05 5.913257722908388e-07 0.00939885074057687 0.04210649102676295 -0.005616855962790728 -38.01740702457548
4.477634066499886 -5.036505300311039e-08 4.028728689120609e-08 0.00017970376738690136 -1.8741577404667108e-05 1.097537393817344e-06 -0.005930782958477267 0.01147046070990513 0.002530534854226464 -24.604083394815095
4.478195864249885 -5.318850287619151e-08 4.0538909193248003e-08 0.00017266286799763028 7.572413275266835e-06 -5.685942852092224e-08 -0.019167755938945732 0.05568101437815651 -0.0032011666561035292 -23.301244180118314
4.478757661999885 -4.496216643831469e-08 3.978557600340127e-08 0.00015789850394144867 2.262615426768638e-05 -2.5840147183358494e-06 -0.03333293456004532 0.019574320281088197 -0.004822628883930451 -25.692211544524334
4.479319459749885 -2.9295568249549784e-08 3.8627753545251146e-08 0.00013425491330233187 3.317228615591179e-05 -1.7378315473145903e-06 -0.05067467820451786 0.018571563498369904 0.003088414785919878 -32.16232691577138
4.479881257499884 -1.011088124887806e-08 3.734667715429684e-08 0.00010308377703934329 3.557682676905915e-05 -2.6726211360465805e-06 -0.060744505333531984 0.000707212016414278 -0.002852010541809483 -14.36478374515443
4.480443055249884 9.795266889776112e-09 3.6193760719682334e-08 6.677703188959932e-05 3.532554429245938e-05 -1.5831697683170512e-06 -0.06852386250905748 -0.0007359065173338861 0.003137031940772236 -13.717873865811857
4.481004852999884 2.8715220325166052e-08 3.54904044752835e-08 2.7129810501624224e-05 3.218300276270224e-05 -8.621993279472462e-07 -0.07281251013435315 -0.006808178309341306 0.0008199012526515576 -6.1127725475470776
4.481566650749883 4.4571532873752165e-08 3.509421086560898e-08 -1.4686727460718933e-05 2.448342533946143e-05 -5.404391394581029e-07 -0.07606460585173362 -0.015429515275043982 0.0005109411098054846 -5.707719870468943
4.482128448499883 5.621600742270836e-08 3.466470999618732e-08 -5.576462422656199e-05 1.6909355664547e-05 -9.494318123960713e-07 -0.07065724194582626 -0.012994926292195667 -0.0010377439792889642 13.458314718425488
4.4826902462498825 6.411361499346713e-08 3.419559764904691e-08 -9.298648446895028e-05 1.1121064534210052e-05 -7.638414833688317e-07 -0.061918819573475364 -0.009630216256353593 0.0006723744789727988 16.078411196101467
4.483252043999882 6.893658923498652e-08 3.436778272357261e-08 -0.0001248857139734581 6.030729542117221e-06 1.282936858899264e-06 -0.051708663455215416 -0.008918441349955212 0.004385988214576571 18.69799467770518
4.483813841749882 7.045006253659733e-08 3.478179833101713e-08 -0.00015015415924801273 -5.541953047719005e-07 3.8033236852153383e-07 -0.03840448459507312 -0.012421847520105948 -0.003104792054777323 24.927299442417816
4.4843756394998815 6.933435891272192e-08 3.5089735943536003e-08 -0.00016744993672495137 -3.6368543799142383e-06 6.051638497384556e-07 -0.023234087689999332 -0.0037534545964640897 0.0012764480619035443 27.522308421976497
4.484937437249881 6.626008703489758e-08 3.526240775988852e-08 -0.00017518108288629836 -7.224369231488098e-06 7.945607466412158e-08 -0.004474295241526881 -0.007043856935551916 -0.00148881182086551 34.859961301085875
4.485499234999881 5.972629922747422e-08 3.540603835531189e-08 -0.0001727005566428893 -1.5777401222269904e-05 3.6855869886251343e-07 0.013401092113597652 -0.01726953204076592 0.0010154562972744684 31.057746738769183
4.48606103274988 5.213298778507019e-08 3.594034707630863e-08 -0.0001625415339636702 -1.2012310608612298e-05 1.5019184321934273e-06 0.023195550224896864 0.012694709667471512 0.0022678613449528713 14.028232721925441
4.48662283049988 4.415028964433411e-08 3.608363375187862e-08 -0.0001457933896578185 -1.579230324170193e-05 -7.911649576346473e-07 0.036142865246007225 -0.011584161067549987 -0.005669075904119428 25.300717885546113
4.48718462824988 3.225641689183735e-08 3.609631684048715e-08 -0.00012072920565433716 -2.632357257286153e-05 5.800374504306073e-07 0.052940305355389905 -0.02053603411211766 0.004468194349231583 31.04912495888484
4.487746425999879 1.5344486649500918e-08 3.6258818036568724e-08 -8.872839193139844e-05 -3.40947333463129e-05 1.6311846463631996e-07 0.06148323926594071 -0.012156824279364882 -0.0020446933353389877 11.245746806306403
4.488308223749879 -4.380024031965675e-09 3.6700960626764166e-08 -5.2377468806491975e-05 -3.638014019998907e-05 1.2832851801036964e-06 0.06791939232902779 -0.0020458242050166034 0.0030035442882130736 11.509003935403328
4.488870021499879 -2.4154156554804426e-08 3.769671329850877e-08 -1.343431073325423e-05 -3.4202892461845205e-05 2.2993557531041963e-06 0.07091352840472093 0.005355832292849174 0.001509870964178045 3.7847018178803156
4.489431819249878 -4.055565065885458e-08 3.873437904316337e-08 2.6055604594424635e-05 -2.45596110997761e-05 1.488082079209185e-06 0.06984999542429418 0.02011734306468639 -0.0021825516744874594 -3.312536347752825
4.489993616999878 -4.9832613559239785e-08 3.933870549468401e-08 6.397875707847378e-05 -8.721537963253903e-06 6.419442660771739e-07 0.0653072761814319 0.030210377138810897 -0.001337018725011321 -9.279416278974402
4.490555414749878 -4.943611613903089e-08 3.942285728216976e-08 9.839185578610657e-05 1.0032818113968738e-05 -3.2994634786298146e-07 0.05735730190420502 0.034175848195785966 -0.0018282019455776513 -15.368838785540676
4.491117212499877 -3.853004069028201e-08 3.907122846018491e-08 0.000127509139130318 2.8816238479579695e-05 -9.450272019701684e-07 0.04642925725926545 0.033249148473529604 -0.0009115044208377093 -20.472689760195067
4.491679010249877 -1.787251029208947e-08 3.844049987498959e-08 0.0001498345106595305 4.4872136298523344e-05 -1.3087137669880053e-06 0.03314911385258876 0.027412085707411434 -0.0005813265060017797 -24.430146787566933
4.492240807999877 8.059828749258103e-09 3.74113749127437e-08 0.00016296905764264638 4.812998960590584e-05 -2.3166455261489115e-06 0.013919518306372938 0.0003957022183213553 -0.0020973165488472156 -36.67831360739446
4.492802605749876 3.682823727280405e-08 3.657684941302193e-08 0.0001674324353578933 5.39695733018105e-05 -8.055423788974838e-07 0.0015091156717744628 0.012894148233781056 0.003886533656659356 -18.443567598216
4.493364403499876 7.637745112792265e-08 3.524584143519281e-08 0.0001633757733313743 8.54616679712753e-05 -3.650025064950592e-06 -0.015572811605359674 0.0668463739315073 -0.0073006074222818325 -33.396396482129674
4.4939262012498755 1.1011469590538225e-07 3.3173409193929474e-08 0.0001519028160011343 3.934917242548709e-05 -3.9421112966290035e-06 -0.025753610409409947 -0.11931189658532129 0.0011752599868361233 -14.303178331755014
4.494487998999875 1.2848441005675113e-07 3.224495543529295e-08 0.00013276731373212947 2.3185809474829823e-05 4.281293962927221e-07 -0.04191187228254788 -0.0061355085987219934 0.00942997059366682 -32.37633826457632
4.495049796749875 1.3274087179367585e-07 3.147788968122216e-08 0.00010634975081080098 -6.55383933465004e-06 -2.685731172692521e-06 -0.05255888631055036 -0.06463684178230718 -0.009285832449054902 -15.595521764624294
4.4956115944998745 1.204388379443927e-07 3.150121753479554e-08 7.456086360518529e-05 -3.7540971991618686e-05 2.2004858848972704e-06 -0.060647409297684 -0.05278716006095344 0.013193291119766977 -14.09808329521238
4.496173392249874 9.223979303868929e-08 3.287262495390997e-08 3.904489573666656e-05 -6.30792346605633e-05 3.050816287632708e-06 -0.06593739075971089 -0.04362584470731218 -0.0014063376243942825 -8.245687988065173
4.496735189999874 5.246353352475915e-08 3.467419728745323e-08 1.6260494910480025e-06 -7.900694207853332e-05 3.304092609864498e-06 -0.06744923434319672 -0.02453268800537317 0.0009151242258823569 -1.302429993061075
4.497296987749873 7.110815170135297e-09 3.674251472599309e-08 -3.5680844622948076e-05 -8.299941970663718e-05 4.046287972625496e-06 -0.06551336052029286 -0.0027500907656096366 0.0014226036339305879 4.632926775765613
4.497858785499873 -3.718977659429935e-08 3.874295691050478e-08 -7.094148715401675e-05 -7.523437735351102e-05 3.169558164588968e-06 -0.06016875584035814 0.017964742013505005 -0.00230637474111876 10.7335137783795
4.498420583249873 -7.421081062051248e-08 4.0391672965190255e-08 -0.00010232578617557824 -5.701749787939248e-05 2.6558813096455193e-06 -0.05169671068147019 0.036041371529225624 -0.0005663373226848538 16.16692212819408
4.498982380999872 -9.895482474989955e-08 4.167956612335598e-08 -0.00012821575468116662 -3.137465494616687e-05 1.9507832278134755e-06 -0.04058568022095056 0.04804498292943287 -0.001427258909250281 20.68031236623335
4.499544178749872 -1.0803178519922892e-07 4.24027412536865e-08 -0.00014729636032681767 -1.1227203026301277e-06 6.516911911321545e-07 -0.02742788130259118 0.05529930918610592 -0.002533665068757577 24.10602464819012
4.500105976499872 -1.0069990304831731e-07 4.219919674476999e-08 -0.00015761167398069446 2.736907755642496e-05 -1.34411235936979e-06 -0.00953910187135823 0.04956942325688202 -0.003807246654883525 33.77602827148334
4.500667774249871 -6.828985946474806e-08 4.1417008354333214e-08 -0.00015955927190615683 8.626427290287991e-05 -1.5492524650625116e-06 0.0029694098749459656 0.1186494544869328 0.0004953749262721052 19.38743170683061
4.501229571999871 -2.619082294463208e-08 3.913956045341759e-08 -0.0001543150748509717 6.836460995598372e-05 -6.276878721616636e-06 0.015602012461860822 -0.06948911387773582 -0.010642812205002378 23.260682969733192
4.501791369749871 1.567912381634595e-08 3.7097415896345294e-08 -0.00014195344638628953 7.795690083151622e-05 -1.5929516574850531e-06 0.028419466989082612 0.03871512577422141 0.01308244082105857 22.703665723247205
4.50235316749987 5.966790254771964e-08 3.484155956403308e-08 -0.0001216297353893407 7.976489408334572e-05 -5.788478702191167e-06 0.04378603633893688 -0.005655996438118266 -0.012605657926416824 28.514700543588418
4.50291496524987 9.839759329718456e-08 3.264388358664894e-08 -9.453311126412186e-05 5.909665810632845e-05 -2.612262907040479e-06 0.05305752155734759 -0.044572826169296725 0.010218494661154305 13.500379578224921
4.5034767629998695 1.249298198443816e-07 3.166477339100452e-08 -6.270332165854829e-05 3.52887143297263e-05 -6.602539969445305e-07 0.06027705822886681 -0.041829468625512095 0.0017885961813937257 12.688374279901456
4.504038560749869 1.3751797573847177e-07 3.1246781378450325e-08 -2.772098805686404e-05 9.645683178243784e-06 -7.653635160328442e-07 0.06442755164317772 -0.046598377440984974 -0.0006810177264894192 6.06275432304644
4.504600358499869 1.359422397077613e-07 3.132249422955622e-08 8.573573186363486e-06 -1.532335609405659e-05 9.186543378015893e-07 0.06494364653869707 -0.04390651829843742 0.003917194175141012 -0.36737743248877575
4.5051621562498685 1.2161993488798172e-07 3.1938773194389855e-08 4.423883106867495e-05 -3.5894422157706286e-05 1.3735013785901507e-06 0.0621691292170057 -0.03479399264589296 3.273612703010313e-05 -6.08145671351149
4.505723953999868 9.723726107820582e-08 3.2948239641159384e-08 7.742898729490211e-05 -5.11493373178873e-05 2.176088180655112e-06 0.056135062904989264 -0.025243688239661697 0.0017775716117669094 -11.90543343299605
4.506285751749868 6.634707232491383e-08 3.444756386946469e-08 0.00010641473928055739 -5.916649877013615e-05 3.162210006047192e-06 0.04718162073076193 -0.011527262260540348 0.00174972816952763 -16.945050579026294
4.506847549499867 3.3226381441896104e-08 3.6231949178326684e-08 0.00012970183593503416 -5.9110581165861056e-05 3.2410598002129886e-06 0.035823836501624406 0.0030062322352693185 -0.00026199124948569474 -21.034807391445533
4.507409347249867 2.2140871233013603e-09 3.789379152996565e-08 0.00014610851545283405 -5.1619556956265424e-05 2.697400612689865e-06 0.02265970190028338 0.015915970890881006 -0.0011441438859164912 -24.031497786591697
4.507971144999867 -2.1175679820038607e-08 3.900800654084706e-08 0.00015404636971936723 -3.2235409511436363e-05 1.3110318562633586e-06 0.005788634635583951 0.03915073555769999 -0.0027986345269951337 -31.530250405022414
4.508532942749866 -3.9262774908286465e-08 3.956610299400277e-08 0.00015327348001626913 -3.09876297114394e-05 6.258907206411235e-07 -0.00872038118739363 -0.007011373820548464 -0.0008247804026338385 -24.399997766302512
4.509094740499866 -4.788667145262273e-08 4.0100429256214804e-08 0.00014564633836856608 -1.5886992669919156e-06 1.2169970632610939e-06 -0.018645048044769127 0.06716546402113678 0.0015214067195647746 -15.982384426510592
4.509656538249866 -4.5692143522113755e-08 3.9707371176832966e-08 0.00013182629012380533 1.0825428188563923e-05 -2.3666268274610463e-06 -0.030398266705999984 0.010830067721452001 -0.008353914876620759 -22.155315545381924
4.510218335999865 -3.721082053147028e-08 3.900340753947345e-08 0.00011054924561192082 1.9237163977866884e-05 -5.080232788808912e-07 -0.045214719525345434 0.016008595294428357 0.006223871635425586 -27.427778801551796
4.510780133749865 -2.5496492582405167e-08 3.819716134314728e-08 8.300495328170079e-05 2.27728509340222e-05 -2.077262170906684e-06 -0.05325731432654395 0.003864754693177927 -0.005047524461073753 -11.037828821763828
4.511341931499865 -1.2131121936867037e-08 3.7295930861345444e-08 5.136041410565994e-05 2.4815121663602704e-05 -1.3325176814327525e-06 -0.05940049933770526 0.0035778637227452505 0.0029189376126342553 -10.909129512744443
4.511903729249864 1.5699026661692743e-09 3.6793153299177976e-08 1.7155754339252572e-05 2.411308049594123e-05 -4.1664649525342395e-07 -0.06253643443853041 -0.0024565075365442697 0.0013080789962807847 -4.2501732560414895
4.512465526999864 1.4845335702751672e-08 3.642159483722262e-08 -1.781518971716384e-05 2.3125390514209362e-05 -8.409005779434482e-07 -0.06211797558507446 -0.0015834833362067444 -0.0012709850877759173 1.99361426760579
4.513027324749864 2.7634791314835048e-08 3.5995825184389326e-08 -5.168257956021938e-05 2.2396056858266387e-05 -7.217085044999335e-07 -0.05858562701559415 -0.001226896558536296 0.0005829486366819768 7.36107203949451
4.513589122499863 3.983335753653598e-08 3.557600587258405e-08 -8.270330874118764e-05 2.1066836446709345e-05 -7.526840469142559e-07 -0.051986738740228036 -0.0026507912908697593 -0.0002146577413870077 12.842258476237777
4.514150920249863 5.10370810665927e-08 3.522687484268618e-08 -0.00010926232898180118 1.8858850733331547e-05 -5.106218500911578e-07 -0.04268099223477404 -0.004250070414115076 0.0005922528259714241 17.494721459115063
4.5147127179998625 6.069834369008071e-08 3.504854551518314e-08 -0.00012999004197073108 1.558508661041726e-05 -1.2708845765891158e-07 -0.031202479844438438 -0.006221607606380715 0.0007052985959362347 21.166009831432387
4.515274515749862 6.764810180473532e-08 3.483425830013395e-08 -0.00014261294584772907 9.312287558212054e-06 -5.875829864935865e-07 -0.014032026493990874 -0.01240157605935503 -0.001200924980764853 32.912756437932934
4.515836313499862 7.171918687442218e-08 3.49028850341877e-08 -0.00014755767013974237 5.029763599172535e-06 7.203711615621897e-07 -0.003143586731387195 -0.006428221841673212 0.0032104292391681257 15.998589483459
4.5163981112498615 7.258098755601471e-08 3.497521114125436e-08 -0.00014579905856205533 -1.781744839583335e-06 -3.038259603362591e-07 0.009214665682094305 -0.013548550891601022 -0.003081445917411698 23.49746438663435
4.516959908999861 6.894693686581226e-08 3.506336357010302e-08 -0.00013728625575713975 -1.106163148741551e-05 4.7638461115817057e-07 0.02116145199727303 -0.01726061017177799 0.002506330009608959 20.707233587538713
4.517521706749861 6.102764798026586e-08 3.524061273709593e-08 -0.0001223530855479822 -1.7324221093417627e-05 2.467426318375362e-07 0.03204292329719923 -0.009619109400090253 -0.0011375359089457375 19.03446536652264
4.51808350449986 4.771538691064257e-08 3.5373165484930834e-08 -0.00010039249751823043 -2.967658286527317e-05 1.9226226100085158e-07 0.04595568795715583 -0.025079227729793232 0.00016316515151864117 26.197285181571672
4.51864530224986 2.8896788387252623e-08 3.5734902456510634e-08 -7.268900486549898e-05 -3.7661034575512915e-05 1.0523004199177231e-06 0.053095022456891586 -0.011495598211673253 0.001872793625279501 9.335698045954206
4.51920709999986 7.112651340536401e-09 3.6503976765291706e-08 -4.142244684939704e-05 -4.011569298134946e-05 1.7079085578034412e-06 0.05822062787841049 -0.0025877154273794755 0.000990529707770402 9.070547608420485
4.519768897749859 -1.4564194256536969e-08 3.758365716161575e-08 -8.131888237046688e-06 -3.7294352828374406e-05 2.1426039103158044e-06 0.06045473248471735 0.006924410728605679 0.0007195647372339996 2.703245871785185
