0.005
0.01
0.015
0.02
0.025
0.030000000000000002
0.035
0.04
0.045
0.049999999999999996
0.05499999999999999
0.05999999999999999
0.06499999999999999
0.06999999999999999
0.075
0.08
0.085
0.09000000000000001
0.09500000000000001
0.10000000000000002
0.10500000000000002
0.11000000000000003
0.11500000000000003
0.12000000000000004
0.12500000000000003
0.13000000000000003
0.13500000000000004
0.14000000000000004
0.14500000000000005
0.15000000000000005
0.15500000000000005
0.16000000000000006
0.16500000000000006
0.17000000000000007
0.17500000000000007
0.18000000000000008
0.18500000000000008
0.19000000000000009
0.1950000000000001
0.2000000000000001
0.2050000000000001
0.2100000000000001
0.2150000000000001
0.2200000000000001
0.22500000000000012
0.23000000000000012
0.23500000000000013
0.24000000000000013
0.24500000000000013
0.2500000000000001
0.2550000000000001
0.2600000000000001
0.2650000000000001
0.27000000000000013
0.27500000000000013
0.28000000000000014
0.28500000000000014
0.29000000000000015
0.29500000000000015
0.30000000000000016
0.30500000000000016
0.31000000000000016
0.31500000000000017
0.3200000000000002
0.3250000000000002
0.3300000000000002
0.3350000000000002
0.3400000000000002
0.3450000000000002
0.3500000000000002
0.3550000000000002
0.3600000000000002
0.3650000000000002
0.3700000000000002
0.3750000000000002
0.3800000000000002
0.38500000000000023
0.39000000000000024
0.39500000000000024
0.40000000000000024
0.40500000000000025
0.41000000000000025
0.41500000000000026
0.42000000000000026
0.42500000000000027
0.43000000000000027
0.4350000000000003
0.4400000000000003
0.4450000000000003
0.4500000000000003
0.4550000000000003
0.4600000000000003
0.4650000000000003
0.4700000000000003
0.4750000000000003
0.4800000000000003
0.4850000000000003
0.4900000000000003
0.49500000000000033
0.5000000000000003
0.5050000000000003
0.5100000000000003
0.5150000000000003
0.5200000000000004
0.5250000000000004
0.5300000000000004
0.5350000000000004
0.5400000000000004
0.5450000000000004
0.5500000000000004
0.5550000000000004
0.5600000000000004
0.5650000000000004
0.5700000000000004
0.5750000000000004
0.5800000000000004
0.5850000000000004
0.5900000000000004
0.5950000000000004
0.6000000000000004
0.6050000000000004
0.6100000000000004
0.6150000000000004
0.6200000000000004
0.6250000000000004
0.6300000000000004
0.6350000000000005
0.6400000000000005
0.6450000000000005
0.6500000000000005
0.6550000000000005
0.6600000000000005
0.6650000000000005
0.6700000000000005
0.6750000000000005
0.6800000000000005
0.6850000000000005
0.6900000000000005
0.6950000000000005
0.7000000000000005
0.7050000000000005
0.7100000000000005
0.7150000000000005
0.7200000000000005
0.7250000000000005
0.7300000000000005
0.7350000000000005
0.7400000000000005
0.7450000000000006
0.7500000000000006
0.7550000000000006
0.7600000000000006
0.7650000000000006
0.7700000000000006
0.7750000000000006
0.7800000000000006
0.7850000000000006
0.7900000000000006
0.7950000000000006
0.8000000000000006
0.8050000000000006
0.8100000000000006
0.8150000000000006
0.8200000000000006
0.8250000000000006
0.8300000000000006
0.8350000000000006
0.8400000000000006
0.8450000000000006
0.8500000000000006
0.8550000000000006
0.8600000000000007
0.8650000000000007
0.8700000000000007
0.8750000000000007
0.8800000000000007
0.8850000000000007
0.8900000000000007
0.8950000000000007
0.9000000000000007
0.9050000000000007
0.9100000000000007
0.9150000000000007
0.9200000000000007
0.9250000000000007
0.9300000000000007
0.9350000000000007
0.9400000000000007
0.9450000000000007
0.9500000000000007
0.9550000000000007
0.9600000000000007
0.9650000000000007
0.9700000000000008
0.9750000000000008
0.9800000000000008
0.9850000000000008
0.9900000000000008
0.9950000000000008
1.0000000000000007
1.0050000000000006
1.0100000000000005
1.0150000000000003
1.0200000000000002
1.0250000000000001
1.03
1.035
1.0399999999999998
1.0449999999999997
1.0499999999999996
1.0549999999999995
1.0599999999999994
1.0649999999999993
1.0699999999999992
1.074999999999999
1.079999999999999
1.0849999999999989
1.0899999999999987
1.0949999999999986
1.0999999999999985
1.1049999999999984
1.1099999999999983
1.1149999999999982
1.119999999999998
1.124999999999998
1.129999999999998
1.1349999999999978
1.1399999999999977
1.1449999999999976
1.1499999999999975
1.1549999999999974
1.1599999999999973
1.1649999999999971
1.169999999999997
1.174999999999997
1.1799999999999968
1.1849999999999967
1.1899999999999966
1.1949999999999965
1.1999999999999964
1.2049999999999963
1.2099999999999962
1.214999999999996
1.219999999999996
1.2249999999999959
1.2299999999999958
1.2349999999999957
1.2399999999999956
1.2449999999999954
1.2499999999999953
1.2549999999999952
1.2599999999999951
1.264999999999995
1.269999999999995
1.2749999999999948
1.2799999999999947
1.2849999999999946
1.2899999999999945
1.2949999999999944
1.2999999999999943
1.3049999999999942
1.309999999999994
1.314999999999994
1.3199999999999938
1.3249999999999937
1.3299999999999936
1.3349999999999935
1.3399999999999934
1.3449999999999933
1.3499999999999932
1.354999999999993
1.359999999999993
1.3649999999999929
1.3699999999999928
1.3749999999999927
1.3799999999999926
1.3849999999999925
1.3899999999999924
1.3949999999999922
1.3999999999999921
1.404999999999992
1.409999999999992
1.4149999999999918
1.4199999999999917
1.4249999999999916
1.4299999999999915
1.4349999999999914
1.4399999999999913
1.4449999999999912
1.449999999999991
1.454999999999991
1.4599999999999909
1.4649999999999908
1.4699999999999906
1.4749999999999905
1.4799999999999904
1.4849999999999903
1.4899999999999902
1.4949999999999901
1.49999999999999
1.50499999999999
1.5099999999999898
1.5149999999999897
1.5199999999999896
1.5249999999999895
1.5299999999999894
1.5349999999999893
1.5399999999999892
1.544999999999989
1.549999999999989
1.5549999999999888
1.5599999999999887
1.5649999999999886
1.5699999999999885
1.5749999999999884
1.5799999999999883
1.5849999999999882
1.589999999999988
1.594999999999988
1.5999999999999879
1.6049999999999878
1.6099999999999877
1.6149999999999876
1.6199999999999875
1.6249999999999873
1.6299999999999872
1.6349999999999871
1.639999999999987
1.644999999999987
1.6499999999999868
1.6549999999999867
1.6599999999999866
1.6649999999999865
1.6699999999999864
1.6749999999999863
1.6799999999999862
1.684999999999986
1.689999999999986
1.6949999999999859
1.6999999999999857
1.7049999999999856
1.7099999999999855
1.7149999999999854
1.7199999999999853
1.7249999999999852
1.729999999999985
1.734999999999985
1.739999999999985
1.7449999999999848
1.7499999999999847
1.7549999999999846
1.7599999999999845
1.7649999999999844
1.7699999999999843
1.7749999999999841
1.779999999999984
1.784999999999984
1.7899999999999838
1.7949999999999837
1.7999999999999836
1.8049999999999835
1.8099999999999834
1.8149999999999833
1.8199999999999832
1.824999999999983
1.829999999999983
1.8349999999999829
1.8399999999999828
1.8449999999999827
1.8499999999999825
1.8549999999999824
1.8599999999999823
1.8649999999999822
1.8699999999999821
1.874999999999982
1.879999999999982
1.8849999999999818
1.8899999999999817
1.8949999999999816
1.8999999999999815
1.9049999999999814
1.9099999999999813
1.9149999999999812
1.919999999999981
1.924999999999981
1.9299999999999808
1.9349999999999807
1.9399999999999806
1.9449999999999805
1.9499999999999804
1.9549999999999803
1.9599999999999802
1.96499999999998
1.96999999999998
1.9749999999999799
1.9799999999999798
1.9849999999999797
1.9899999999999796
1.9949999999999795
1.9999999999999793
2.0049999999999795
2.0099999999999794
2.0149999999999793
2.019999999999979
2.024999999999979
2.029999999999979
2.034999999999979
2.0399999999999787
2.0449999999999786
2.0499999999999785
2.0549999999999784
2.0599999999999783
2.064999999999978
2.069999999999978
2.074999999999978
2.079999999999978
2.0849999999999778
2.0899999999999777
2.0949999999999775
2.0999999999999774
2.1049999999999773
2.1099999999999772
2.114999999999977
2.119999999999977
2.124999999999977
2.129999999999977
2.1349999999999767
2.1399999999999766
2.1449999999999765
2.1499999999999764
2.1549999999999763
2.159999999999976
2.164999999999976
2.169999999999976
2.174999999999976
2.1799999999999757
2.1849999999999756
2.1899999999999755
2.1949999999999754
2.1999999999999753
2.204999999999975
2.209999999999975
2.214999999999975
2.219999999999975
2.2249999999999748
2.2299999999999747
2.2349999999999746
2.2399999999999745
2.2449999999999743
2.2499999999999742
2.254999999999974
2.259999999999974
2.264999999999974
2.269999999999974
2.2749999999999737
2.2799999999999736
2.2849999999999735
2.2899999999999734
2.2949999999999733
2.299999999999973
2.304999999999973
2.309999999999973
2.314999999999973
2.3199999999999728
2.3249999999999726
2.3299999999999725
2.3349999999999724
2.3399999999999723
2.344999999999972
2.349999999999972
2.354999999999972
2.359999999999972
2.364999999999972
2.3699999999999717
2.3749999999999716
2.3799999999999715
2.3849999999999714
2.3899999999999713
2.394999999999971
2.399999999999971
2.404999999999971
2.409999999999971
2.4149999999999707
2.4199999999999706
2.4249999999999705
2.4299999999999704
2.4349999999999703
2.43999999999997
2.44499999999997
2.44999999999997
2.45499999999997
2.4599999999999698
2.4649999999999697
2.4699999999999696
2.4749999999999694
2.4799999999999693
2.4849999999999692
2.489999999999969
2.494999999999969
2.499999999999969
2.504999999999969
2.5099999999999687
2.5149999999999686
2.5199999999999685
2.5249999999999684
2.5299999999999683
2.534999999999968
2.539999999999968
2.544999999999968
2.549999999999968
2.5549999999999677
2.5599999999999676
2.5649999999999675
2.5699999999999674
2.5749999999999673
2.579999999999967
2.584999999999967
2.589999999999967
2.594999999999967
2.599999999999967
2.6049999999999667
2.6099999999999666
2.6149999999999665
2.6199999999999664
2.6249999999999662
2.629999999999966
2.634999999999966
2.639999999999966
2.644999999999966
2.6499999999999657
2.6549999999999656
2.6599999999999655
2.6649999999999654
2.6699999999999653
2.674999999999965
2.679999999999965
2.684999999999965
2.689999999999965
2.6949999999999648
2.6999999999999647
2.7049999999999645
2.7099999999999644
2.7149999999999643
2.7199999999999642
2.724999999999964
2.729999999999964
2.734999999999964
2.739999999999964
2.7449999999999637
2.7499999999999636
2.7549999999999635
2.7599999999999634
2.7649999999999633
2.769999999999963
2.774999999999963
2.779999999999963
2.784999999999963
2.7899999999999627
2.7949999999999626
2.7999999999999625
2.8049999999999624
2.8099999999999623
2.814999999999962
2.819999999999962
2.824999999999962
2.829999999999962
2.8349999999999618
2.8399999999999617
2.8449999999999616
2.8499999999999615
2.8549999999999613
2.8599999999999612
2.864999999999961
2.869999999999961
2.874999999999961
2.879999999999961
2.8849999999999607
2.8899999999999606
2.8949999999999605
2.8999999999999604
2.9049999999999603
2.90999999999996
2.91499999999996
2.91999999999996
2.92499999999996
2.9299999999999597
2.9349999999999596
2.9399999999999595
2.9449999999999594
2.9499999999999593
2.954999999999959
2.959999999999959
2.964999999999959
2.969999999999959
2.974999999999959
2.9799999999999587
2.9849999999999586
2.9899999999999585
2.9949999999999584
2.9999999999999583
3.004999999999958
3.009999999999958
3.014999999999958
3.019999999999958
3.0249999999999577
3.0299999999999576
3.0349999999999575
3.0399999999999574
3.0449999999999573
3.049999999999957
3.054999999999957
3.059999999999957
3.064999999999957
3.0699999999999568
3.0749999999999567
3.0799999999999566
3.0849999999999564
3.0899999999999563
3.0949999999999562
3.099999999999956
3.104999999999956
3.109999999999956
3.114999999999956
3.1199999999999557
3.1249999999999556
3.1299999999999555
3.1349999999999554
3.1399999999999553
3.144999999999955
3.149999999999955
3.154999999999955
3.159999999999955
3.1649999999999547
3.1699999999999546
3.1749999999999545
3.1799999999999544
3.1849999999999543
3.189999999999954
3.194999999999954
3.199999999999954
3.204999999999954
3.209999999999954
3.2149999999999537
3.2199999999999536
3.2249999999999535
3.2299999999999534
3.2349999999999532
3.239999999999953
3.244999999999953
3.249999999999953
3.254999999999953
3.2599999999999527
3.2649999999999526
3.2699999999999525
3.2749999999999524
3.2799999999999523
3.284999999999952
3.289999999999952
3.294999999999952
3.299999999999952
3.3049999999999518
3.3099999999999516
3.3149999999999515
3.3199999999999514
3.3249999999999513
3.329999999999951
3.334999999999951
3.339999999999951
3.344999999999951
3.349999999999951
3.3549999999999507
3.3599999999999506
3.3649999999999505
3.3699999999999504
3.3749999999999503
3.37999999999995
3.38499999999995
3.38999999999995
3.39499999999995
3.3999999999999497
3.4049999999999496
3.4099999999999495
3.4149999999999494
3.4199999999999493
3.424999999999949
3.429999999999949
3.434999999999949
3.439999999999949
3.4449999999999488
3.4499999999999487
3.4549999999999486
3.4599999999999485
3.4649999999999483
3.4699999999999482
3.474999999999948
3.479999999999948
3.484999999999948
3.489999999999948
3.4949999999999477
3.4999999999999476
3.5049999999999475
3.5099999999999474
3.5149999999999473
3.519999999999947
3.524999999999947
3.529999999999947
3.534999999999947
3.5399999999999467
3.5449999999999466
3.5499999999999465
3.5549999999999464
3.5599999999999463
3.564999999999946
3.569999999999946
3.574999999999946
3.579999999999946
3.584999999999946
3.5899999999999457
3.5949999999999456
3.5999999999999455
3.6049999999999454
3.6099999999999453
3.614999999999945
3.619999999999945
3.624999999999945
3.629999999999945
3.6349999999999447
3.6399999999999446
3.6449999999999445
3.6499999999999444
3.6549999999999443
3.659999999999944
3.664999999999944
3.669999999999944
3.674999999999944
3.6799999999999438
3.6849999999999437
3.6899999999999435
3.6949999999999434
3.6999999999999433
3.7049999999999432
3.709999999999943
3.714999999999943
3.719999999999943
3.724999999999943
3.7299999999999427
3.7349999999999426
3.7399999999999425
3.7449999999999424
3.7499999999999423
3.754999999999942
3.759999999999942
3.764999999999942
3.769999999999942
3.7749999999999417
3.7799999999999416
3.7849999999999415
3.7899999999999414
3.7949999999999413
3.799999999999941
3.804999999999941
3.809999999999941
3.814999999999941
3.8199999999999408
3.8249999999999407
3.8299999999999406
3.8349999999999405
3.8399999999999403
3.8449999999999402
3.84999999999994
3.85499999999994
3.85999999999994
3.86499999999994
3.8699999999999397
3.8749999999999396
3.8799999999999395
3.8849999999999394
3.8899999999999393
3.894999999999939
3.899999999999939
3.904999999999939
3.909999999999939
3.9149999999999388
3.9199999999999386
3.9249999999999385
3.9299999999999384
3.9349999999999383
3.939999999999938
3.944999999999938
3.949999999999938
3.954999999999938
3.959999999999938
3.9649999999999377
3.9699999999999376
3.9749999999999375
3.9799999999999374
3.9849999999999373
3.989999999999937
3.994999999999937
3.999999999999937
4.004999999999937
4.009999999999937
4.014999999999937
4.0199999999999365
4.024999999999936
4.029999999999936
4.034999999999936
4.039999999999936
4.044999999999936
4.049999999999936
4.054999999999936
4.059999999999936
4.0649999999999356
4.0699999999999354
4.074999999999935
4.079999999999935
4.084999999999935
4.089999999999935
4.094999999999935
4.099999999999935
4.104999999999935
4.109999999999935
4.1149999999999345
4.119999999999934
4.124999999999934
4.129999999999934
4.134999999999934
4.139999999999934
4.144999999999934
4.149999999999934
4.154999999999934
4.1599999999999335
4.164999999999933
4.169999999999933
4.174999999999933
4.179999999999933
4.184999999999933
4.189999999999933
4.194999999999933
4.199999999999933
4.204999999999933
4.2099999999999325
4.214999999999932
4.219999999999932
4.224999999999932
4.229999999999932
4.234999999999932
4.239999999999932
4.244999999999932
4.249999999999932
4.2549999999999315
4.259999999999931
4.264999999999931
4.269999999999931
4.274999999999931
4.279999999999931
4.284999999999931
4.289999999999931
4.294999999999931
4.2999999999999305
4.30499999999993
4.30999999999993
4.31499999999993
4.31999999999993
4.32499999999993
4.32999999999993
4.33499999999993
4.33999999999993
4.34499999999993
4.3499999999999295
4.354999999999929
4.359999999999929
4.364999999999929
4.369999999999929
4.374999999999929
4.379999999999929
4.384999999999929
4.389999999999929
4.3949999999999285
4.399999999999928
4.404999999999928
4.409999999999928
4.414999999999928
4.419999999999928
4.424999999999928
4.429999999999928
4.434999999999928
4.439999999999928
4.4449999999999275
4.449999999999927
4.454999999999927
4.459999999999927
4.464999999999927
4.469999999999927
4.474999999999927
4.479999999999927
4.484999999999927
4.4899999999999265
4.494999999999926
4.499999999999926
4.504999999999926
4.509999999999926
4.514999999999926
4.519999999999926
4.524999999999926
4.529999999999926
4.5349999999999255
4.539999999999925
4.544999999999925
4.549999999999925
4.554999999999925
4.559999999999925
4.564999999999925
4.569999999999925
4.574999999999925
4.579999999999925
4.5849999999999245
4.589999999999924
4.594999999999924
4.599999999999924
4.604999999999924
4.609999999999924
4.614999999999924
4.619999999999924
4.624999999999924
4.6299999999999235
4.634999999999923
4.639999999999923
4.644999999999923
4.649999999999923
4.654999999999923
4.659999999999923
4.664999999999923
4.669999999999923
4.6749999999999226
4.6799999999999224
4.684999999999922
4.689999999999922
4.694999999999922
4.699999999999922
4.704999999999922
4.709999999999922
4.714999999999922
4.719999999999922
4.7249999999999215
4.729999999999921
4.734999999999921
4.739999999999921
4.744999999999921
4.749999999999921
4.754999999999921
4.759999999999921
4.764999999999921
4.7699999999999205
4.77499999999992
4.77999999999992
4.78499999999992
4.78999999999992
4.79499999999992
4.79999999999992
4.80499999999992
4.80999999999992
4.81499999999992
4.8199999999999195
4.824999999999919
4.829999999999919
4.834999999999919
4.839999999999919
4.844999999999919
4.849999999999919
4.854999999999919
4.859999999999919
4.8649999999999185
4.869999999999918
4.874999999999918
4.879999999999918
4.884999999999918
4.889999999999918
4.894999999999918
4.899999999999918
4.904999999999918
4.9099999999999175
4.914999999999917
4.919999999999917
4.924999999999917
4.929999999999917
4.934999999999917
4.939999999999917
4.944999999999917
4.949999999999917
4.954999999999917
4.9599999999999165
4.964999999999916
4.969999999999916
4.974999999999916
4.979999999999916
4.984999999999916
4.989999999999916
4.994999999999916
4.999999999999916
5.0049999999999155
5.009999999999915
5.014999999999915
5.019999999999915
5.024999999999915
5.029999999999915
5.034999999999915
5.039999999999915
5.044999999999915
5.049999999999915
5.0549999999999145
5.059999999999914
5.064999999999914
5.069999999999914
5.074999999999914
5.079999999999914
5.084999999999914
5.089999999999914
5.094999999999914
5.0999999999999135
5.104999999999913
5.109999999999913
5.114999999999913
5.119999999999913
5.124999999999913
5.129999999999913
5.134999999999913
5.139999999999913
5.1449999999999125
5.149999999999912
5.154999999999912
5.159999999999912
5.164999999999912
5.169999999999912
5.174999999999912
5.179999999999912
5.184999999999912
5.189999999999912
5.1949999999999115
5.199999999999911
5.204999999999911
5.209999999999911
5.214999999999911
5.219999999999911
5.224999999999911
5.229999999999911
5.234999999999911
5.2399999999999105
5.24499999999991
5.24999999999991
5.25499999999991
5.25999999999991
5.26499999999991
5.26999999999991
5.27499999999991
5.27999999999991
5.2849999999999095
5.289999999999909
5.294999999999909
5.299999999999909
5.304999999999909
5.309999999999909
5.314999999999909
5.319999999999909
5.324999999999909
5.329999999999909
5.3349999999999085
5.339999999999908
5.344999999999908
5.349999999999908
5.354999999999908
5.359999999999908
5.364999999999908
5.369999999999908
5.374999999999908
5.3799999999999075
5.384999999999907
5.389999999999907
5.394999999999907
5.399999999999907
5.404999999999907
5.409999999999907
5.414999999999907
5.419999999999907
5.424999999999907
5.4299999999999065
5.434999999999906
5.439999999999906
5.444999999999906
5.449999999999906
5.454999999999906
5.459999999999906
5.464999999999906
5.469999999999906
5.4749999999999055
5.479999999999905
5.484999999999905
5.489999999999905
5.494999999999905
5.499999999999905
5.504999999999905
5.509999999999905
5.514999999999905
5.5199999999999045
5.524999999999904
5.529999999999904
5.534999999999904
5.539999999999904
5.544999999999904
5.549999999999904
5.554999999999904
5.559999999999904
5.564999999999904
5.5699999999999035
5.574999999999903
5.579999999999903
5.584999999999903
5.589999999999903
5.594999999999903
5.599999999999903
5.604999999999903
5.609999999999903
5.6149999999999025
5.619999999999902
5.624999999999902
5.629999999999902
5.634999999999902
5.639999999999902
5.644999999999902
5.649999999999902
5.654999999999902
5.6599999999999016
5.6649999999999014
5.669999999999901
5.674999999999901
5.679999999999901
5.684999999999901
5.689999999999901
5.694999999999901
5.699999999999901
5.704999999999901
5.7099999999999005
5.7149999999999
5.7199999999999
5.7249999999999
5.7299999999999
5.7349999999999
5.7399999999999
5.7449999999999
5.7499999999999
5.7549999999998995
5.759999999999899
5.764999999999899
5.769999999999899
5.774999999999899
5.779999999999899
5.784999999999899
5.789999999999899
5.794999999999899
5.799999999999899
5.8049999999998985
5.809999999999898
5.814999999999898
5.819999999999898
5.824999999999898
5.829999999999898
5.834999999999898
5.839999999999898
5.844999999999898
5.8499999999998975
5.854999999999897
5.859999999999897
5.864999999999897
5.869999999999897
5.874999999999897
5.879999999999897
5.884999999999897
5.889999999999897
5.8949999999998965
5.899999999999896
5.904999999999896
5.909999999999896
5.914999999999896
5.919999999999896
5.924999999999896
5.929999999999896
5.934999999999896
5.939999999999896
5.9449999999998955
5.949999999999895
5.954999999999895
5.959999999999895
5.964999999999895
5.969999999999895
5.974999999999895
5.979999999999895
5.984999999999895
5.9899999999998945
5.994999999999894
5.999999999999894
6.004999999999894
6.009999999999894
6.014999999999894
6.019999999999894
6.024999999999894
6.029999999999894
6.034999999999894
6.0399999999998935
6.044999999999893
6.049999999999893
6.054999999999893
6.059999999999893
6.064999999999893
6.069999999999893
6.074999999999893
6.079999999999893
6.0849999999998925
6.089999999999892
6.094999999999892
6.099999999999892
6.104999999999892
6.109999999999892
6.114999999999892
6.119999999999892
6.124999999999892
6.1299999999998915
6.134999999999891
6.139999999999891
6.144999999999891
6.149999999999891
6.154999999999891
6.159999999999891
6.164999999999891
6.169999999999891
6.174999999999891
6.1799999999998905
6.18499999999989
6.18999999999989
6.19499999999989
6.19999999999989
6.20499999999989
6.20999999999989
6.21499999999989
6.21999999999989
6.2249999999998895
6.229999999999889
6.234999999999889
6.239999999999889
6.244999999999889
6.249999999999889
6.254999999999889
6.259999999999889
6.264999999999889
6.2699999999998886
6.2749999999998884
6.279999999999888
6.284999999999888
6.289999999999888
6.294999999999888
6.299999999999888
6.304999999999888
6.309999999999888
6.314999999999888
6.3199999999998875
6.324999999999887
6.329999999999887
6.334999999999887
6.339999999999887
6.344999999999887
6.349999999999887
6.354999999999887
6.359999999999887
6.3649999999998865
6.369999999999886
6.374999999999886
6.379999999999886
6.384999999999886
6.389999999999886
6.394999999999886
6.399999999999886
6.404999999999886
6.409999999999886
6.4149999999998855
6.419999999999885
6.424999999999885
6.429999999999885
6.434999999999885
6.439999999999885
6.444999999999885
6.449999999999885
6.454999999999885
6.4599999999998845
6.464999999999884
6.469999999999884
6.474999999999884
6.479999999999884
6.484999999999884
6.489999999999884
6.494999999999884
6.499999999999884
6.5049999999998835
6.509999999999883
6.514999999999883
6.519999999999883
6.524999999999883
6.529999999999883
6.534999999999883
6.539999999999883
6.544999999999883
6.549999999999883
6.5549999999998825
6.559999999999882
6.564999999999882
6.569999999999882
6.574999999999882
6.579999999999882
6.584999999999882
6.589999999999882
6.594999999999882
6.5999999999998815
6.604999999999881
6.609999999999881
6.614999999999881
6.619999999999881
6.624999999999881
6.629999999999881
6.634999999999881
6.639999999999881
6.644999999999881
6.6499999999998805
6.65499999999988
6.65999999999988
6.66499999999988
6.66999999999988
6.67499999999988
6.67999999999988
6.68499999999988
6.68999999999988
6.6949999999998795
6.699999999999879
6.704999999999879
6.709999999999879
6.714999999999879
6.719999999999879
6.724999999999879
6.729999999999879
6.734999999999879
6.7399999999998785
6.744999999999878
6.749999999999878
6.754999999999878
6.759999999999878
6.764999999999878
6.769999999999878
6.774999999999878
6.779999999999878
6.784999999999878
6.7899999999998775
6.794999999999877
6.799999999999877
6.804999999999877
6.809999999999877
6.814999999999877
6.819999999999877
6.824999999999877
6.829999999999877
6.8349999999998765
6.839999999999876
6.844999999999876
6.849999999999876
6.854999999999876
6.859999999999876
6.864999999999876
6.869999999999876
6.874999999999876
6.8799999999998755
6.884999999999875
6.889999999999875
6.894999999999875
6.899999999999875
6.904999999999875
6.909999999999875
6.914999999999875
6.919999999999875
6.924999999999875
6.9299999999998745
6.934999999999874
6.939999999999874
6.944999999999874
6.949999999999874
6.954999999999874
6.959999999999874
6.964999999999874
6.969999999999874
6.9749999999998735
6.979999999999873
6.984999999999873
6.989999999999873
6.994999999999873
6.999999999999873
7.004999999999873
7.009999999999873
7.014999999999873
7.019999999999873
7.0249999999998725
7.029999999999872
7.034999999999872
7.039999999999872
7.044999999999872
7.049999999999872
7.054999999999872
7.059999999999872
7.064999999999872
7.0699999999998715
7.074999999999871
7.079999999999871
7.084999999999871
7.089999999999871
7.094999999999871
7.099999999999871
7.104999999999871
7.109999999999871
7.1149999999998705
7.11999999999987
7.12499999999987
7.12999999999987
7.13499999999987
7.13999999999987
7.14499999999987
7.14999999999987
7.15499999999987
7.15999999999987
7.1649999999998695
7.169999999999869
7.174999999999869
7.179999999999869
7.184999999999869
7.189999999999869
7.194999999999869
7.199999999999869
7.204999999999869
7.2099999999998685
7.214999999999868
7.219999999999868
7.224999999999868
7.229999999999868
7.234999999999868
7.239999999999868
7.244999999999868
7.249999999999868
7.2549999999998676
7.2599999999998674
7.264999999999867
7.269999999999867
7.274999999999867
7.279999999999867
7.284999999999867
7.289999999999867
7.294999999999867
7.299999999999867
7.3049999999998665
7.309999999999866
7.314999999999866
7.319999999999866
7.324999999999866
7.329999999999866
7.334999999999866
7.339999999999866
7.344999999999866
7.3499999999998655
7.354999999999865
7.359999999999865
7.364999999999865
7.369999999999865
7.374999999999865
7.379999999999865
7.384999999999865
7.389999999999865
7.394999999999865
7.3999999999998645
7.404999999999864
7.409999999999864
7.414999999999864
7.419999999999864
7.424999999999864
7.429999999999864
7.434999999999864
7.439999999999864
7.4449999999998635
7.449999999999863
7.454999999999863
7.459999999999863
7.464999999999863
7.469999999999863
7.474999999999863
7.479999999999863
7.484999999999863
7.4899999999998625
7.494999999999862
7.499999999999862
7.504999999999862
7.509999999999862
7.514999999999862
7.519999999999862
7.524999999999862
7.529999999999862
7.534999999999862
7.5399999999998615
7.544999999999861
7.549999999999861
7.554999999999861
7.559999999999861
7.564999999999861
7.569999999999861
7.574999999999861
7.579999999999861
7.5849999999998605
7.58999999999986
7.59499999999986
7.59999999999986
7.60499999999986
7.60999999999986
7.61499999999986
7.61999999999986
7.62499999999986
7.62999999999986
7.6349999999998595
7.639999999999859
7.644999999999859
7.649999999999859
7.654999999999859
7.659999999999859
7.664999999999859
7.669999999999859
7.674999999999859
7.6799999999998585
7.684999999999858
7.689999999999858
7.694999999999858
7.699999999999858
7.704999999999858
7.709999999999858
7.714999999999858
7.719999999999858
7.7249999999998575
7.729999999999857
7.734999999999857
7.739999999999857
7.744999999999857
7.749999999999857
7.754999999999857
7.759999999999857
7.764999999999857
7.769999999999857
7.7749999999998565
7.779999999999856
7.784999999999856
7.789999999999856
7.794999999999856
7.799999999999856
7.804999999999856
7.809999999999856
7.814999999999856
7.8199999999998555
7.824999999999855
7.829999999999855
7.834999999999855
7.839999999999855
7.844999999999855
7.849999999999855
7.854999999999855
7.859999999999855
7.8649999999998546
7.8699999999998544
7.874999999999854
7.879999999999854
7.884999999999854
7.889999999999854
7.894999999999854
7.899999999999854
7.904999999999854
7.909999999999854
7.9149999999998535
7.919999999999853
7.924999999999853
7.929999999999853
7.934999999999853
7.939999999999853
7.944999999999853
7.949999999999853
7.954999999999853
7.9599999999998525
7.964999999999852
7.969999999999852
7.974999999999852
7.979999999999852
7.984999999999852
7.989999999999852
7.994999999999852
7.999999999999852
8.004999999999852
8.009999999999852
8.014999999999853
8.019999999999854
8.024999999999855
8.029999999999855
8.034999999999856
8.039999999999857
8.044999999999858
8.049999999999859
8.05499999999986
8.05999999999986
8.064999999999861
8.069999999999862
8.074999999999863
8.079999999999863
8.084999999999864
8.089999999999865
8.094999999999866
8.099999999999866
8.104999999999867
8.109999999999868
8.114999999999869
8.11999999999987
8.12499999999987
8.129999999999871
8.134999999999872
8.139999999999873
8.144999999999873
8.149999999999874
8.154999999999875
8.159999999999876
8.164999999999877
8.169999999999877
8.174999999999878
8.179999999999879
8.18499999999988
8.18999999999988
8.194999999999881
8.199999999999882
8.204999999999883
8.209999999999884
8.214999999999884
8.219999999999885
8.224999999999886
8.229999999999887
8.234999999999888
8.239999999999888
8.244999999999889
8.24999999999989
8.25499999999989
8.259999999999891
8.264999999999892
8.269999999999893
8.274999999999894
8.279999999999895
8.284999999999895
8.289999999999896
8.294999999999897
8.299999999999898
8.304999999999898
8.3099999999999
8.3149999999999
8.3199999999999
8.324999999999902
8.329999999999902
8.334999999999903
8.339999999999904
8.344999999999905
8.349999999999905
8.354999999999906
8.359999999999907
8.364999999999908
8.369999999999909
8.37499999999991
8.37999999999991
8.384999999999911
8.389999999999912
8.394999999999913
8.399999999999913
8.404999999999914
8.409999999999915
8.414999999999916
8.419999999999916
8.424999999999917
8.429999999999918
8.434999999999919
8.43999999999992
8.44499999999992
8.449999999999921
8.454999999999922
8.459999999999923
8.464999999999923
8.469999999999924
8.474999999999925
8.479999999999926
8.484999999999927
8.489999999999927
8.494999999999928
8.499999999999929
8.50499999999993
8.50999999999993
8.514999999999931
8.519999999999932
8.524999999999933
8.529999999999934
8.534999999999934
8.539999999999935
8.544999999999936
8.549999999999937
8.554999999999938
8.559999999999938
8.564999999999939
8.56999999999994
8.57499999999994
8.579999999999941
8.584999999999942
8.589999999999943
8.594999999999944
8.599999999999945
8.604999999999945
8.609999999999946
8.614999999999947
8.619999999999948
8.624999999999948
8.62999999999995
8.63499999999995
8.63999999999995
8.644999999999952
8.649999999999952
8.654999999999953
8.659999999999954
8.664999999999955
8.669999999999956
8.674999999999956
8.679999999999957
8.684999999999958
8.689999999999959
8.69499999999996
8.69999999999996
8.704999999999961
8.709999999999962
8.714999999999963
8.719999999999963
8.724999999999964
8.729999999999965
8.734999999999966
8.739999999999966
8.744999999999967
8.749999999999968
8.754999999999969
8.75999999999997
8.76499999999997
8.769999999999971
8.774999999999972
8.779999999999973
8.784999999999973
8.789999999999974
8.794999999999975
8.799999999999976
8.804999999999977
8.809999999999977
8.814999999999978
8.819999999999979
8.82499999999998
8.82999999999998
8.834999999999981
8.839999999999982
8.844999999999983
8.849999999999984
8.854999999999984
8.859999999999985
8.864999999999986
8.869999999999987
8.874999999999988
8.879999999999988
8.88499999999999
8.88999999999999
8.89499999999999
8.899999999999991
8.904999999999992
8.909999999999993
8.914999999999994
8.919999999999995
8.924999999999995
8.929999999999996
8.934999999999997
8.939999999999998
8.944999999999999
8.95
8.955
8.96
8.965000000000002
8.970000000000002
8.975000000000003
8.980000000000004
8.985000000000005
8.990000000000006
8.995000000000006
9.000000000000007
9.005000000000008
9.010000000000009
9.01500000000001
9.02000000000001
9.025000000000011
9.030000000000012
9.035000000000013
9.040000000000013
9.045000000000014
9.050000000000015
9.055000000000016
9.060000000000016
9.065000000000017
9.070000000000018
9.075000000000019
9.08000000000002
9.08500000000002
9.090000000000021
9.095000000000022
9.100000000000023
9.105000000000024
9.110000000000024
9.115000000000025
9.120000000000026
9.125000000000027
9.130000000000027
9.135000000000028
9.140000000000029
9.14500000000003
9.15000000000003
9.155000000000031
9.160000000000032
9.165000000000033
9.170000000000034
9.175000000000034
9.180000000000035
9.185000000000036
9.190000000000037
9.195000000000038
9.200000000000038
9.20500000000004
9.21000000000004
9.21500000000004
9.220000000000041
9.225000000000042
9.230000000000043
9.235000000000044
9.240000000000045
9.245000000000045
9.250000000000046
9.255000000000047
9.260000000000048
9.265000000000049
9.27000000000005
9.27500000000005
9.28000000000005
9.285000000000052
9.290000000000052
9.295000000000053
9.300000000000054
9.305000000000055
9.310000000000056
9.315000000000056
9.320000000000057
9.325000000000058
9.330000000000059
9.33500000000006
9.34000000000006
9.345000000000061
9.350000000000062
9.355000000000063
9.360000000000063
9.365000000000064
9.370000000000065
9.375000000000066
9.380000000000067
9.385000000000067
9.390000000000068
9.395000000000069
9.40000000000007
9.40500000000007
9.410000000000071
9.415000000000072
9.420000000000073
9.425000000000074
9.430000000000074
9.435000000000075
9.440000000000076
9.445000000000077
9.450000000000077
9.455000000000078
9.460000000000079
9.46500000000008
9.47000000000008
9.475000000000081
9.480000000000082
9.485000000000083
9.490000000000084
9.495000000000084
9.500000000000085
9.505000000000086
9.510000000000087
9.515000000000088
9.520000000000088
9.52500000000009
9.53000000000009
9.53500000000009
9.540000000000092
9.545000000000092
9.550000000000093
9.555000000000094
9.560000000000095
9.565000000000095
9.570000000000096
9.575000000000097
9.580000000000098
9.585000000000099
9.5900000000001
9.5950000000001
9.600000000000101
9.605000000000102
9.610000000000102
9.615000000000103
9.620000000000104
9.625000000000105
9.630000000000106
9.635000000000106
9.640000000000107
9.645000000000108
9.650000000000109
9.65500000000011
9.66000000000011
9.665000000000111
9.670000000000112
9.675000000000113
9.680000000000113
9.685000000000114
9.690000000000115
9.695000000000116
9.700000000000117
9.705000000000117
9.710000000000118
9.715000000000119
9.72000000000012
9.72500000000012
9.730000000000121
9.735000000000122
9.740000000000123
9.745000000000124
9.750000000000124
9.755000000000125
9.760000000000126
9.765000000000127
9.770000000000127
9.775000000000128
9.780000000000129
9.78500000000013
9.79000000000013
9.795000000000131
9.800000000000132
9.805000000000133
9.810000000000134
9.815000000000135
9.820000000000135
9.825000000000136
9.830000000000137
9.835000000000138
9.840000000000138
9.84500000000014
9.85000000000014
9.85500000000014
9.860000000000142
9.865000000000142
9.870000000000143
9.875000000000144
9.880000000000145
9.885000000000145
9.890000000000146
9.895000000000147
9.900000000000148
9.905000000000149
9.91000000000015
9.91500000000015
9.920000000000151
9.925000000000152
9.930000000000152
9.935000000000153
9.940000000000154
9.945000000000155
9.950000000000156
9.955000000000156
9.960000000000157
9.965000000000158
9.970000000000159
9.97500000000016
9.98000000000016
9.985000000000161
9.990000000000162
9.995000000000163
10.000000000000163
