-6.967811023095913e-09 -0.00011811224596635552
-1.3105001575954297e-07 -0.0005122737106421935
-7.833892139395416e-07 -0.0012521768290454083
-2.7688818557800362e-06 -0.0023537431916409416
-7.298205077775319e-06 -0.0038210384767281605
-1.598498379683103e-05 -0.005654705474594906
-3.0847093326068354e-05 -0.007855039022779444
-5.430493092368005e-05 -0.01042200225040896
-8.918230716494944e-05 -0.013355564425980553
-0.0001387059677801943 -0.01665565245138502
-0.00020650512488139773 -0.02032214785507264
-0.00029661143992196367 -0.024354905390975658
-0.0004134579911440075 -0.02875371939738618
-0.0005618788476355372 -0.03351833173856991
-0.0007471078311994313 -0.03864841134383422
-0.0009747773519446659 -0.044143547125953385
-0.0012509167835337974 -0.05000323436637292
-0.0015819505035410998 -0.056226861419009476
-0.001974695559720281 -0.06281369622532747
-0.002436358821593807 -0.06976287095961092
-0.0029745336588231698 -0.0770733667262563
-0.003597196011133574 -0.08474399692939123
-0.004312699836208027 -0.09277339015001122
-0.005129771848230446 -0.10115997218124698
-0.006057505488661767 -0.10990194737256485
-0.0071053540622061815 -0.11899727931735302
-0.008283122964495756 -0.12844367088488784
-0.009600960934715764 -0.1382385436813623
-0.011069350258310762 -0.1483790169620266
-0.012699095849197877 -0.15886188606646123
-0.014501313138153803 -0.16968360043211056
-0.016487414695514846 -0.18084024125689122
-0.01866909551705917 -0.19232749888654282
-0.02105831690326021 -0.2041406500084083
-0.023667288864541818 -0.21627453474231267
-0.02650845098776114 -0.22872353372531803
-0.029594451702880952 -0.24148154529566773
-0.03293812589306322 -0.2545419628885516
-0.036552470796632264 -0.26789765276430594
-0.040450620155401844 -0.28154093219741955
-0.04464581657080944 -0.29546354826238747
-0.04915138203720567 -0.3096566573599967
-0.05398068663050304 -0.3241108056348507
-0.05914711534023746 -0.3388159104418242
-0.06466403304394189 -0.353761243025542
-0.07054474763457741 -0.3689354125827937
-0.07680247132460367 -0.38432635188291786
-0.08345028016408175 -0.3999213046254827
-0.09050107182494842 -0.41570681471794235
-0.0979675217192421 -0.4316687176582135
-0.10586203753552681 -0.4477921342081783
-0.11419671229497769 -0.46406146654384295
-0.12298327604646551 -0.48046039706613713
-0.13223304633838662 -0.4969718900529993
-0.14195687762381015 -0.5135781963283512
-0.15216510977459494 -0.5302608611167006
-0.16286751589930426 -0.5470007352433274
-0.17407324967883156 -0.5637779898292303
-0.18579079245244007 -0.580572134617157
-0.19802790030519787 -0.597362040050068
-0.2107915514253309 -0.614125963206271
-0.22408789401656598 -0.6308415776761879
-0.23792219506585444 -0.6474860074443302
-0.2522987902806803 -0.6640358648165788
-0.26722103552221677 -0.6804672924074157
-0.2826912600706232 -0.6967560091744059
-0.2987107220665236 -0.7128773604581811
-0.3152795664779217 -0.7288063719555596
-0.33239678594424343 -0.7445178075215251
-0.35006018484864787 -0.7599862306627805
-0.36826634696600036 -0.7751860695518282
-0.3870106070267937 -0.7900916853562787
-0.40628702652669757 -0.8046774436437343
-0.426088374097206 -0.818917788588495
-0.44640611073498365 -0.8327873196728764
-0.46723038016596397 -0.8462608705435445
-0.488550004595065 -0.8593135896523625
-0.5103524860636421 -0.8719210222822622
-0.5326240136046302 -0.8840591935319984
-0.5553494763499379 -0.8957046918097694
-0.5785124827062866 -0.9068347523649715
-0.6020953856746358 -0.9174273403701959
-0.6260793143449633 -0.9274612330523299
-0.6504442115528706 -0.9369161003625898
-0.6751688776377044 -0.9457725836707858
-0.700231020194116 -0.9540123719693021
-0.7256073096607315 -0.9616182750773405
-0.7512734405414291 -0.9685742933460291
-0.7772041980071732 -0.9748656833800693
-0.8033735295800098 -0.9804790193116603
-0.8297546215562593 -0.985402249187386
-0.8563199797837068 -0.9896247460584212
-0.8830415143682465 -0.9931373533985445
-0.9098906278494762 -0.995932424512739
-0.9368383063526654 -0.998003855641242
-0.9638552131967508 -0.9993471125093172
-0.9909117844149299 -0.9999592501213048
-1.0179783256263488 -0.9998389256480992
-1.0450251096845562 -0.9989864043095456
-1.0720224745210014 -0.9974035582067353
-1.0989409206000071 -0.9950938581131913
-1.1257512074053495 -0.9920623582878402
-1.1524244483877952 -0.9883156744258424
-1.178932203817547 -0.983861954915173
-1.2052465710053204 -0.9787108456167316
-1.2313402713804638 -0.9728734484331361
-1.2571867339437701 -0.966362273975711
-1.282760174646059 -0.9591911886800354
-1.3080356712807342 -0.9513753567573632
-1.3329892335188955 -0.9429311774018942
-1.3575978677586489 -0.9338762177020028
-1.3818396365054735 -0.9242291417268496
-1.4056937120473192 -0.9140096362782268
-1.4291404242359036 -0.9032383338108699
-1.4521613022339515 -0.8919367330328617
-1.4747391101362466 -0.8801271177011806
-1.496857876419861 -0.8678324741260297
-1.5185029172252529 -0.8550764078915444
-1.5396608535146246 -0.8418830602899945
-1.5603196221965652 -0.8282770249520292
-1.5804684813461907 -0.8142832651371243
-1.600098009687395 -0.7999270321265933
-1.6192001005381658 -0.7852337851366765
-1.6377679504509555 -0.770229113141766
-1.6557960428076746 -0.7549386589681522
-1.6732801266528463 -0.7393880459872364
-1.6902171910687978 -0.7236028077043876
-1.7066054354133922 -0.7076083205059005
-1.7224442357538277 -0.6914297397923028
-1.7377341078394433 -0.6750919396919063
-1.7524766669624623 -0.6586194565143821
-1.7666745850582564 -0.6420364360705978
-1.7803315453962598 -0.6253665849522935
-1.7934521952092872 -0.6086331258336736
-1.8060420966029194 -0.5918587568268819
-1.8181076760781023 -0.5750656148948228
-1.829656172989373 -0.5582752432980791
-1.8406955872484663 -0.5415085630278617
-1.851234626568718 -0.5247858481541507
-1.8612826535299336 -0.5081267049974872
-1.870849632726486 -0.49155005501433097
-1.8799460782436184 -0.4750741212694932
-1.8885830016884357 -0.4587164183548878
-1.8967718609831952 -0.44249374560169014
-1.904524510109346 -0.42642218342287824
-1.9118531499716358 -0.4105170926149969
-1.9187702805325766 -0.39479311644173143
-1.925288654348877 -0.3792641853174131
-1.9314212316232056 -0.3639435239057782
-1.9371811368669694 -0.34884366044804893
-1.9425816172528583 -0.3339764381345948
-1.9476360027196524 -0.31935302833588736
-1.9523576678765038 -0.30498394551111485
-1.9567599957394077 -0.2908790636164829
-1.9608563433191357 -0.27704763383981335
-1.9646600090673638 -0.2634983034934114
-1.9681842021762321 -0.2502391359031938
-1.971442013716046 -0.23727763113863734
-1.9744463895863213 -0.22462074743511326
-1.977210105246834 -0.21227492316751373
-1.9797457421877382 -0.20024609924164868
-1.982065666091195 -0.1885397417776307
-1.9841820066311509 -0.17716086496725597
-1.9861066388530464 -0.16611405399519874
-1.987851166071104 -0.15540348792156172
-1.9894269042175388 -0.1450329624309402
-1.9908448675754138 -0.13500591236058834
-1.9921157558249338 -0.12532543392749643
-1.9932499423316516 -0.11599430658115013
-1.9942574636043107 -0.10701501441542013
-1.9951480098498418 -0.09838976707940056
-1.995930916553277 -0.09012052013305341
-1.9966151570110666 -0.082208994799214
-1.9972093357473264 -0.07465669706885407
-1.9977216827440198 -0.06746493612148705
-1.9981600484177893 -0.06063484202722271
-1.9985318992781946 -0.05416738270124729
-1.9988443142043508 -0.04806338008541514
-1.999103981279434 -0.04232352553520502
-1.9993171951251751 -0.03694839439352116
-1.9994898546812288 -0.031938459735720924
-1.999627461377282 -0.027294105272839982
-1.9997351176487326 -0.023015637402275045
-1.999817525749972 -0.01910329639719321
-1.999878986822418 -0.015557266727676556
-1.9999234001777837 -0.012377686508105244
-1.9999542627602855 -0.009564656066544013
-1.9999746687549043 -0.007118245632948827
-1.9999873093121205 -0.005038502143869181
-1.9999944723629541 -0.003325455162007398
-1.999998042501539 -0.0019791219095291247
-1.9999995009158358 -0.0009995114144181266
-1.9999999253505514 -0.0003866277694542276
-1.9999999900896888 -0.00014047250358500672
-1.9999999659496115 -0.00026104606558022985
-1.9999997202769069 -0.0007483484199227219
-1.999998716948758 -0.001602378754920593
-1.9999960163769321 -0.0028231343030434564
-1.999990275519953 -0.004410608273509706
-1.9999797479113948 -0.0063647868972027235
-1.9999622837156874 -0.008685645584092024
-1.9999353298262306 -0.011373144193499106
-1.9998959300240087 -0.01442722141779966
-1.9998407252183377 -0.017847788280511607
-1.9997659537947508 -0.021634720750202886
-1.999667452098429 -0.025787851472284715
-1.9995406550849466 -0.03030696062155302
-1.9993805971734528 -0.03519176587932449
-1.9991819133407296 -0.04044191154020201
-1.998938840497824 -0.04605695675491625
-1.9986452191941821 -0.05203636291734474
-1.9982944956973703 -0.058379480205725226
-1.9978797244995095 -0.06508553329027023
-1.997393571304553 -0.07215360622187716
-1.996828316553346 -0.0795826265194194
-1.9961758595461352 -0.0873713484762211
-1.9954277232247015 -0.09551833570976587
-1.9945750596786427 -0.10402194298248452
-1.9936086564424211 -0.11288029732561136
-1.9925189436516366 -0.1220912785026015
-1.9912960021285426 -0.13165249885346592
-1.9899295724680068 -0.141561282566602
-1.9884090651959787 -0.15181464443027676
-1.9867235720729197 -0.16240926812184422
-1.9848618786146173 -0.17334148409903813
-1.982812477902238 -0.18460724716425886
-1.9805635857523662 -0.19620211377964183
-1.9781031573160444 -0.20812121921783208
-1.9754189051734774 -0.22035925464075867
-1.9724983189879635 -0.23291044420625642
-1.9693286867788011 -0.24576852231008423
-1.9658971178682942 -0.2589267110786733
-1.9621905675525153 -0.2723776982357521
-1.9581958635391408 -0.28611361547375685
-1.9538997341884081 -0.30012601746858153
-1.94928883858503 -0.31440586168364965
-1.94434979845974 -0.3289434891164342
-1.9390692319689191 -0.34372860614726464
-1.933433789329645 -0.3587502676565072
-1.9274301902952637 -0.3739968615817819
-1.9210452634434794 -0.38945609509176177
-1.914265987234795 -0.40511498255708195
-1.9070795327841177 -0.42095983550190563
-1.8994733082724102 -0.4369762547215667
-1.8914350049085424 -0.45314912475235175
-1.8829526443340705 -0.46946261087873253
-1.8740146273455873 -0.48590015886110344
-1.8646097837907492 -0.5024444975631952
-1.8547274234751379 -0.5190776446526996
-1.8443573878979997 -0.5357809155411537
-1.8334901026157355 -0.5525349357197087
-1.8221166300130025 -0.5693196566359406
-1.8102287222426394 -0.5861143752433188
-1.7978188740775887 -0.6028977573392812
-1.7848803754007132 -0.6196478647900215
-1.7714073630422655 -0.6363421867201351
-1.7573948716599026 -0.652957674723184
-1.7428388833428712 -0.6694707821250979
-1.7277363756105861 -0.6858575073062491
-1.7120853674665044 -0.702093441060109
-1.6958849631612585 -0.7181538179368053
-1.6791353933147066 -0.7340135714888458
-1.6618380530450503 -0.7496473933039507
-1.6439955367547925 -0.7650297956766794
-1.6256116692281042 -0.7801351777365396
-1.6066915327024514 -0.7949378948159869
-1.5872414895890958 -0.8094123308073763
-1.5672692005324975 -0.8235329732240181
-1.5467836375177315 -0.8372744906473336
-1.5257950917577852 -0.8506118122101639
-1.5043151761189621 -0.8635202087359685
-1.482356821872523 -0.8759753751253802
-1.45993426959393 -0.8879535135558113
-1.4370630540674745 -0.8994314170369239
-1.4137599830933414 -0.9103865528451883
-1.3900431101360304 -0.9207971453448628
-1.3659317007970972 -0.9306422576908175
-1.341446193141017 -0.9399018719010642
-1.3166081519501276 -0.9485569667838488
-1.2914402170325947 -0.9565895932059404
-1.2659660457556257 -0.963982946195455
-1.2402102500241816 -0.9707214333842508
-1.2141983279726567 -0.9767907393116594
-1.1879565906828076 -0.9821778851330017
-1.161512084285077 -0.9868712833028654
-1.1348925078417944 -0.9908607868342824
-1.108126127449018 -0.99413773277049
-1.081241687028515 -0.9966949795455395
-1.054268316312069 -0.9985269379532394
-1.027235436546567 -0.9996295954903364
-1.000172664469795 -1.0000005338889362
-0.9731097151232162 -0.9996389397043985
-0.9460763040790826 -0.9985456078777237
-0.9191020496647824 -0.9967229382451769
-0.8922163757673606 -0.9941749250219357
-0.865448415795614 -0.9909071393402813
-0.8388269183661555 -0.9869267049756401
-0.812380155263515 -0.9822422674450363
-0.7861358322029182 -0.9768639567116227
-0.7601210028981632 -0.9708033437753979
-0.7343619869063469 -0.9640733914734653
-0.7088842916865005 -0.9566883998527964
-0.6837125392709421 -0.9486639465140368
-0.6588703979068363 -0.9400168223560849
-0.6343805189816227 -0.930764963177742
-0.6102644795001635 -0.9209273776144523
-0.5865427303342782 -0.9105240719049115
-0.5632345504173019 -0.8995759719940712
-0.5403580070080387 -0.8881048434858047
-0.5179299221004926 -0.8761332099603143
-0.4959658450086078 -0.863684270168409
-0.4744800311094043 -0.8507818146072366
-0.4534854266838378 -0.837450141970209
-0.4329936597528438 -0.8237139759479856
-0.413015036766724 -0.809598382837831
-0.3935585449696163 -0.7951286903958218
-0.37463186022751044 -0.7803304083406213
-0.35624136007836793 -0.7652291508893113
-0.3383921417364972 -0.7498505616754719
-0.32108804476056046 -0.7342202413677754
-0.3043316780754793 -0.7183636782742355
-0.2881244510230582 -0.7023061821833327
-0.2724666081043382 -0.6860728216589381
-0.257357267068407 -0.6696883649716436
-0.2427944599975286 -0.6531772248151518
-0.2287751770368403 -0.6365634069230953
-0.21529541241830472 -0.6198704626693461
-0.2023502124329072 -0.6031214457038122
-0.1899337250119931 -0.5863388726461184
-0.17803925058792353 -0.5695446878316414
-0.16665929391561846 -0.5527602320782602
-0.15578561654979933 -0.5360062154180406
-0.14540928968757152 -0.5193026937159662
-0.13552074710214077 -0.5026690490778444
-0.12610983791068203 -0.4861239739316683
-0.11716587893742421 -0.4696854586510203
-0.10867770645165004 -0.4533707825755418
-0.10063372707930798 -0.4371965082720112
-0.09302196770609343 -0.4211784788701252
-0.08583012420898038 -0.40533181829957154
-0.07904560887210815 -0.3896709342493289
-0.07265559636148616 -0.37420952366622423
-0.06664706815104375 -0.35896058060750313
-0.06100685530999748 -0.34393640626140437
-0.05572167957823367 -0.329148620950345
-0.05077819267233114 -0.3146081779331952
-0.04616301377989702 -0.3003253788261092
-0.041862765214022976 -0.2863098904653688
-0.03786410621283331 -0.27257076304053923
-0.034153764881280704 -0.2591164493318318
-0.030718568283527762 -0.24595482489178136
-0.027545470704439842 -0.23309320901806688
-0.02462158010790525 -0.22053838637143153
-0.021934182827923115 -0.2082966291000846
-0.019470766535669953 -0.19637371933960485
-0.01721904153211073 -0.1847749719651268
-0.015166960421194925 -0.17350525748039786
-0.013302736223310468 -0.1625690249360789
-0.011614858992505299 -0.1519703247773588
-0.010092111004071036 -0.14171283152850986
-0.008723580581467402 -0.13179986622937845
-0.0074986746332922 -0.12223441854594247
-0.006407129972125897 -0.11301916848393952
-0.005439023487643548 -0.1041565076411471
-0.004584781246443153 -0.09564855994015954
-0.003835186590630369 -0.08749720178943275
-0.003181387306372905 -0.07970408162594993
-0.0026149019324332398 -0.07227063879808683
-0.0021276252771498454 -0.06519812175212168
-0.0017118332104983068 -0.05848760549034158
-0.0013601867957657506 -0.05214000827284634
-0.001065735823042835 -0.04615610753894728
-0.0008219218042108252 -0.040536555027511946
-0.0006225804864047599 -0.03528189107872454
-0.00046194393809149037 -0.030392558102528576
-0.00033464225893736565 -0.025868913201507485
-0.0002357049615741118 -0.021711239938153427
-0.00016056207022345455 -0.01791975923839313
-0.00010504497792226955 -0.014494639424896875
-6.538710082073525e-05 -0.011436005375112036
-3.822436471136203e-05 -0.008743946800153668
-2.0595555602405136e-05 -0.006418525641670532
-9.942562778025468e-06 -0.004459782584604762
-4.1105394015681626e-06 -0.0028677426843968386
-1.3480023181820128e-06 -0.0016424201076740712
-3.068893054176278e-07 -0.0007838219858204918
-4.258860821576634e-08 -0.00029195138107869495
-1.3952178020583101e-08 -0.00016680936499976516
-8.330061966123925e-08 -0.0004083962091560688
-5.164244304811461e-07 -0.0010167116880833455
-1.982582698201836e-06 -0.001991754494443302
-5.554497005912077e-06 -0.0033335207664158322
-1.2708334873355412e-05 -0.005042001727361123
-2.5323673646360358e-05 -0.007117180437856306
-4.5683432328722494e-05 -0.009559027660329057
-7.647375543623779e-05 -0.012367496836701606
-0.00012078382953976491 -0.01554251817974316
-0.00018210560976040905 -0.019083991879226467
-0.0002643334300813111 -0.022991780424515516
-0.00037176346795941357 -0.02726570004589537
-0.0005090930303563489 -0.03190551127781245
-0.0006814196249711717 -0.03691090864824099
-0.0008942397771560145 -0.04228150949965633
-0.0011534475497394375 -0.048016841948578776
-0.0014653327197858281 -0.054116331992397466
-0.0018365785631917803 -0.060579289774184204
-0.0022742591949869956 -0.06740489501849536
-0.002785836410275808 -0.07459218165374547
-0.003379155967958689 -0.08214002163963392
-0.0040624432567249865 -0.09004710802133181
-0.004844298280340808 -0.09831193723569594
-0.005733689896996765 -0.10693279069868787
-0.006739949245458856 -0.11590771570743767
-0.007872762289018191 -0.12523450569501385
-0.00914216140679811 -0.13491067988094382
-0.010558515960887223 -0.14493346236586865
-0.012132521767067108 -0.15529976072441085
-0.013875189396637783 -0.16600614415636955
-0.015797831237054784 -0.17704882126272506
-0.017912047239829608 -0.18842361751961037
-0.020229709285452983 -0.20012595253036836
-0.022762944097032837 -0.21215081714303047
-0.025524114636939373 -0.22449275052798723
-0.02852579992406856 -0.23714581731822879
-0.03178077321342147 -0.25010358492227047
-0.03530197848459243 -0.2633591011276757
-0.03910250519151187 -0.276904872120895
-0.043195561232431186 -0.29073284105687114
-0.04759444410671234 -0.30483436731944213
-0.05231251023351367 -0.319200206620921
-0.05736314241697331 -0.3338204920962384
-0.06275971545299813 -0.34868471655361155
-0.06851555988426908 -0.36378171604973264
-0.0746439239225777 -0.37909965496283815
-0.08115793357108736 -0.3946260127416135
-0.08807055099354599 -0.41034757251156523
-0.0953945311928181 -0.426250411723148
-0.1031423770772961 -0.44231989502741637
-0.11132629301072115 -0.45854066956516176
-0.11995813695860404 -0.47489666285426385
-0.12904937136267583 -0.49137108345720254
-0.13861101289349503 -0.5079464246062245
-0.14865358125034844 -0.524604470957425
-0.15918704719674276 -0.5413263086368854
-0.17022078003892 -0.5580923387319157
-0.18176349477374015 -0.5748822943683082
-0.1938231991507514 -0.5916752615002648
-0.20640714091108098 -0.6084497035232712
-0.21952175548269692 -0.6251834898016609
-0.23317261442734752 -0.6418539281819298
-0.24736437494884475 -0.6584378015400965
-0.2621007307850351 -0.6749114083866128
-0.2773843648165518 -0.6912506075256117
-0.293216903733991 -0.7074308667367966
-0.3095988751112556 -0.7234273154181707
-0.32652966723621807 -0.7392148010963141
-0.344007492050337 -0.7547679496782493
-0.36202935154622606 -0.7700612292854055
-0.3805910079662215 -0.7850690174760669
-0.3996869581355952 -0.7997656716283404
-0.4193104122510816 -0.8141256022214484
-0.4394532774287697 -0.8281233487194394
-0.460106146295111 -0.8417336577286122
-0.48125829088084376 -0.8549315630684998
-0.5028976620500839 -0.8676924673665724
-0.525010894665814 -0.8799922247593324
-0.5475833186586875 -0.8918072242576108
-0.5705989761286803 -0.9031144733120421
-0.5940406445689491 -0.9138916810962908
-0.6178898662586376 -0.9241173410109886
-0.6421269838266804 -0.9337708119008452
-0.6667311819423362 -0.9428323974713088
-0.691680535040696 -0.9512834233897145
-0.7169520609432724 -0.9591063115592492
-0.742521780185518 -0.9662846510624102
-0.7683647808153065 -0.9728032652840003
-0.79445528837959 -0.9786482747420749
-0.8207667407712218 -0.9838071551785583
-0.8472718675648483 -0.9882687904893303
-0.873942773430389 -0.9920235201062285
-0.9007510251754608 -0.995063180480325
-0.9276677419346704 -0.9973811403566661
-0.9546636879944119 -0.9989723295749959
-0.9817093677171043 -0.9998332611783389
-1.0087751220089938 -0.999962046661183
-1.0358312257610105 -0.99935840424081
-1.0628479856829238 -0.9980236600884849
-1.0897958379472914 -0.9959607425111083
-1.1166454450615184 -0.9931741691279471
-1.1433677913936955 -0.989670027140538
-1.1699342767906693 -0.9854559468462089
-1.19631680774484 -0.9805410685962608
-1.2224878855892278 -0.9749360034481392
-1.2484206912280769 -0.9686527878063566
-1.27408916594232 -0.961704832389017
-1.2994680878451337 -0.9541068658951103
-1.3245331436021486 -0.9458748737818967
-1.349260995073074 -0.9370260325913957
-1.3736293405760414 -0.9275786402899708
-1.3976169705223027 -0.9175520431050971
-1.421203817216436 -0.9069665593584991
-1.44437099866538 -0.8958434008049372
-1.467100856287854 -0.8842045919910172
-1.4893769864634765 -0.8720728881486192
-1.5111842659076797 -0.8594716921330469
-1.5325088709038022 -0.8464249709070039
-1.5533382904671305 -0.8329571720582922
-1.5736613335567056 -0.8190931408219954
-1.5934681304891012 -0.8048580380572439
-1.6127501287437707 -0.7902772596047948
-1.6315000833817561 -0.775376357425055
-1.6497120423283067 -0.7601809628872095
-1.6673813267951654 -0.7447167125492353
-1.684504507139855 -0.7290091767362206
-1.7010793744771897 -0.7130837911909716
-1.7171049083724665 -0.696965792036807
-1.7325812409564374 -0.6806801542580956
-1.7475096178092857 -0.6642515338698624
-1.7618923559646131 -0.6477042139140212
-1.7757327993850223 -0.6310620543868005
-1.789035272258468 -0.6143484461700095
-1.8018050304593674 -0.597586269008186
-1.8140482115107324 -0.5807978535446013
-1.8257717833735985 -0.5640049474017657
-1.8369834923779587 -0.5472286852665872
-1.8476918105956608 -0.5304895629168878
-1.8579058829403943 -0.5138074151045473
-1.867635474263376 -0.49720139719127615
-1.8768909166958294 -0.48068997041588746
-1.8856830574710663 -0.4642908906569428
-1.8940232074402206 -0.44802120054178485
-1.901923090476611 -0.43189722474216996
-1.9093947939445213 -0.41593456828790665
-1.9164507203891454 -0.40014811772303993
-1.9231035405855907 -0.38455204492404166
-1.929366148066457 -0.36915981339612647
-1.9352516152296142 -0.35398418686204275
-1.9407731511105921 -0.33903723995739543
-1.9459440608875374 -0.32433037084760824
-1.9507777071710333 -0.3098743155838775
-1.9552874731163334 -0.2956791640188113
-1.9594867273817527 -0.2817543771067271
-1.9633887909441032 -0.2681088054186915
-1.9670069057702197 -0.25475070870819017
-1.9703542053327603 -0.24168777636971547
-1.9734436869486156 -0.22892714863942018
-1.9762881859093886 -0.21647543839422595
-1.9789003513655032 -0.2043387534132782
-1.9812926239185353 -0.19252271897332687
-1.9834772148703022 -0.18103250065739754
-1.9854660870720409 -0.16987282726391958
-1.987270937312676 -0.15904801371124844
-1.988903180181549 -0.14856198384016503
-1.9903739333381656 -0.1384182930244417
-1.991694004119348 -0.12862015050685618
-1.9928738774126584 -0.11917044138508855
-1.9939237047240095 -0.11007174817871164
-1.9948532943670196 -0.10132637191496503
-1.995672102701739 -0.09293635267715131
-1.99638922635095 -0.08490348956531076
-1.9970133953231834 -0.07722936002429272
-1.997552966972926 -0.06991533849945031
-1.9980159207301251 -0.06296261438493166
-1.9984098535330308 -0.05637220923392916
-1.9987419759005867 -0.05014499320427929
-1.9990191085829916 -0.04428170071648914
-1.9992476797316265 -0.038782945304605757
-1.9994337225322925 -0.03364923364335577
-1.9995828732485916 -0.02888097873767686
-1.9997003696252857 -0.024478512263151772
-1.9997910496045541 -0.020442096047957974
-1.999859350311253 -0.016771932688775405
-1.9999093072665108 -0.013468175294670972
-1.999944553792282 -0.010530936354317134
-1.9999683205728054 -0.007960295723023219
-1.9999834353422676 -0.005756307726980551
-1.9999923226713514 -0.003919007382865163
-1.9999970038287331 -0.0024484157315246514
-1.9999990966970078 -0.0013445442849183448
-1.9999998157259116 -0.0006073985858021699
-1.999999971909151 -0.00023698087987137205
-1.9999999727745392 -0.0002332919002157271
-1.9999998223805717 -0.0005963317640229
-1.9999991213159907 -0.0013260999815063695
-1.9999970667022988 -0.0024225945770548363
-1.999992452202613 -0.0038858103226203024
-1.9999836680436556 -0.005715736083402163
-1.9999687010611025 -0.007912351275964694
-1.9999451347819335 -0.0104756214390654
-1.999910149560823 -0.013405492917691554
-1.9998605227910402 -0.016701886661122455
-1.999792629213726 -0.020364691136274843
-1.999702441352793 -0.02439375435816866
-1.999585530106087 -0.028788875040089854
-1.9994370655268046 -0.033549792866945684
-1.9992518178324696 -0.038676177896424704
-1.9990241586820832 -0.04416761909390901
-1.9987480627652754 -0.05002361200865616
-1.9984171097504877 -0.0562435456005944
-1.9980244866422878 -0.06282668822917006
-1.9975629906009376 -0.06977217281807102
-1.9970250322802214 -0.077078981212338
-1.9964026397422796 -0.08474592774737934
-1.995687463010803 -0.09277164205274227
-1.9948707793263316 -0.10115455111716706
-1.993943499169579 -0.10989286064547753
-1.9928961731206676 -0.11898453574224375
-1.9917189996237676 -0.12842728096189152
-1.9904018337279898 -0.1382185197700359
-1.9889341968763388 -0.1483553734662755
-1.98730528781508 -0.15883463962448893
-1.9855039946960198 -0.1696527701128291
-1.9835189084437677 -0.18080584876207428
-1.9813383374591842 -0.19228956875777625
-1.9789503237286612 -0.2040992098386892
-1.9763426604067562 -0.2162296153912586
-1.9735029109368698 -0.228675169537447
-1.9704184297710776 -0.2414297743208284
-1.9670763847458783 -0.2544868271036447
-1.9634637811654532 -0.2678391982953286
-1.9595674876379834 -0.28147920954078454
-1.955374263703618 -0.2953986125044081
-1.9508707892848143 -0.3095885683933425
-1.946043695980895 -0.32403962837071004
-1.940879600218851 -0.3387417150164339
-1.935365138261572 -0.35368410499967795
-1.9294870030628457 -0.3688554131327453
-1.9232319829456526 -0.3842435779814102
-1.9165870020664633 -0.3998358492109523
-1.909539162613533 -0.41561877685052395
-1.9020757886715276 -0.4315782026607493
-1.8941844716683842 -0.4476992537905329
-1.8858531173030855 -0.46396633890878375
-1.8770699938351634 -0.4803631469950249
-1.8678237815983454 -0.4968726489695388
-1.8581036235819466 -0.5134771023386675
-1.8478991769045192 -0.5301580590240352
-1.8372006649851065 -0.5468963765356954
-1.8259989301983763 -0.5636722326384478
-1.8142854867810962 -0.5804651436477211
-1.8020525737391526 -0.597253986476483
-1.7892932074867722 -0.6140170245375289
-1.7760012339330198 -0.6307319375862476
-1.7621713797153726 -0.6473758555676066
-1.7477993022662939 -0.6639253965076302
-1.732881638386694 -0.68035670846421
-1.7174160509901089 -0.6966455155247759
-1.701401273673657 -0.7127671678092996
-1.6848371527666215 -0.728696695406533
-1.667724686505015 -0.7444088661394547
-1.6500660609810436 -0.7598782470229365
-1.6318646825200884 -0.7750792692428611
-1.6131252061449042 -0.7899862964516979
-1.5938535597973187 -0.8045736961411907
-1.574056964001891 -0.8188159138187086
-1.5537439466738234 -0.8326875496803623
-1.5329243527949372 -0.8461634374415922
-1.511609348706681 -0.8592187249550229
-1.489811420797848 -0.8718289562163789
-1.467544368396817 -0.8839701543325904
-1.444823290713491 -0.8956189050023287
-1.4216645677144455 -0.9067524400384612
-1.398085834855822 -0.9173487204447398
-1.3741059516418566 -0.9273865185457572
-1.3497449640221977 -0.9368454986601376
-1.3250240606879424 -0.9457062958023663
-1.2999655233740626 -0.953950591898804
-1.2745926713241371 -0.961561189008463
-1.2489298001214761 -0.9685220790491258
-1.2230021151382677 -0.9748185095444232
-1.1968356599007233 -0.9804370449275003
-1.170457239712781 -0.9853656229618155
-1.1438943409231697 -0.989593605869235
-1.1171750462599994 -0.9931118257896773
-1.090327946693032 -0.995912624234824
-1.063382050315877 -0.9979898852404415
-1.0363666887681704 -0.9993390619672532
-1.0093114217408972 -0.9999571965485414
-0.9822459401261514 -0.9998429330332311
-0.955199968385476 -0.9989965233255292
-0.9282031667183703 -0.9974198260756605
-0.901285033614446 -0.9951162985302444
-0.8744748093690574 -0.992090981404755
-0.8478013811330577 -0.988350476893678
-0.8212931900527815 -0.9839029199858076
-0.794978141036627 -0.9787579433020172
-0.7688835156599694 -0.9729266357202325
-0.7430358886909326 -0.9664214950967063
-0.7174610486861717 -0.959256375433576
-0.6921839230687115 -0.9514464288796585
-0.667228508059557 -0.9430080429841347
-0.6426178037917516 -0.9339587736509346
-0.618373754890362 -0.9243172742650002
-0.5945171967550893 -0.9141032214800496
-0.5710678077344039 -0.9033372381709073
-0.5480440673318582 -0.8920408140618876
-0.5254632205370973 -0.8802362245461863
-0.503341248326599 -0.867946448209869
-0.4816928443328425 -0.8551950835680326
-0.46053139763589834 -0.8420062655102891
-0.4398689815887896 -0.8284045819381762
-0.4197163485477663 -0.8144149910587518
-0.4000829303412183 -0.800062739776862
-0.380976844276594 -0.7853732836037581
-0.36240490445362294 -0.7703722084722975
-0.3443726381245497 -0.7550851548193231
-0.32688430681807334 -0.739537744264397
-0.3099429319233403 -0.723755509181296
-0.29355032441365864 -0.7077638254249927
-0.2777071183765717 -0.6915878484426261
-0.262412808007469 -0.6752524529626273
-0.24766578771790834 -0.6587821764220523
-0.23346339500712682 -0.6422011662586304
-0.2198019557456547 -0.6255331311613774
-0.2066768315233008 -0.6088012963421084
-0.19408246871982968 -0.5920283628600738
-0.18201244896515992 -0.5752364710034314
-0.17045954066661592 -0.5584471677045327
-0.15941575129341443 -0.5416813779411841
-0.14887238012288068 -0.5249593800532425
-0.13882007116862946 -0.5083007848832047
-0.12924886602782784 -0.4917245186308732
-0.12014825640245282 -0.4752488092957691
-0.11150723606791452 -0.4588911765666798
-0.10331435208131341 -0.4426684250055518
-0.09555775504072425 -0.4265966403628167
-0.08822524822605436 -0.410691188853081
-0.08130433547103127 -0.39496671921384696
-0.07478226763456841 -0.3794371673654459
-0.06864608755800465 -0.36411576348755414
-0.06288267341237375 -0.3490150413263995
-0.05747878035684064 -0.3341468495469309
-0.05242108044564226 -0.319522364945683
-0.04769620073622281 -0.30515210734269477
-0.043290759565698576 -0.29104595597450367
-0.03919140097628144 -0.27721316721480604
-0.035384827282808555 -0.26366239345472803
-0.03185782978704271 -0.25040170298066605
-0.028597317653933065 -0.23743860069421913
-0.02559034497454975 -0.22478004952573227
-0.022824136048953912 -0.21243249240030823
-0.020286108929853063 -0.2004018746227188
-0.017963897274552987 -0.18869366655537304
-0.015845370558484263 -0.17731288647130058
-0.013918652708492848 -0.16626412347190556
-0.012172139218185723 -0.15555156036697887
-0.010594512810955295 -0.1451789964220666
-0.009174757718922302 -0.13514986988572758
-0.007902172647979325 -0.12546728021643042
-0.006766382500440161 -0.11613400993580622
-0.005757348927547488 -0.10715254604165182
-0.004865379784314318 -0.09852510092044899
-0.004081137558917741 -0.09025363270520717
-0.0033956468481735865 -0.08233986503013588
-0.002800300949538957 -0.07478530613899881
-0.0022868676386597043 -0.06759126730898989
-0.0018474941997394052 -0.060758880556598775
-0.0014747117739914502 -0.05428911559620252
-0.0011614390891824824 -0.04818279602603496
-0.0009009856308111806 -0.04244061471975356
-0.0006870543128261132 -0.0370631484050533
-0.0005137437029898985 -0.0320508714136821
-0.0003755498550710694 -0.02740416858980264
-0.00026736779701419544 -0.023123347345938725
-0.00018449272111317465 -0.019208648857753384
-0.00012262091901904504 -0.015660258390650172
-7.78505011589863e-05 -0.012478314752683854
-4.668193684274594e-05 -0.009662918869531679
-2.60184479980162e-05 -0.007214141478329542
-1.3166286113188413e-05 -0.005132029938038044
-5.834918584398819e-06 -0.003416614154691163
-2.1371472677614838e-06 -0.002067911620414336
-5.891786329789208e-07 -0.0010859315654994
-1.1066150232846242e-07 -0.00047067822311064875
-2.4704945458539275e-08 -0.00022215320638935846
-5.788548208507394e-08 -0.0003403569978434657
-3.4024932839117616e-07 -0.0008252895509747534
-1.4053120024952388e-06 -0.0016769500041278862
-4.190054188667628e-06 -0.0028953355065640444
-1.0034909338641866e-05 -0.004480439156786793
-2.068373507218235e-05 -0.006432247053199196
-3.828375702091151e-05 -0.008750734457269182
-6.538547034314874e-05 -0.011435861069544757
-0.00010494248072531355 -0.014487565419111888
-0.000160311263276234 -0.017905758367445818
-0.00023525081432256508 -0.021690315728090968
-0.00033392216772343345 -0.02584107000423562
-0.0004608877439541451 -0.03035780124704442
-0.0006211104968607971 -0.03524022703859462
-0.0008199528196739475 -0.04048799160444936
-0.0010631751685966746 -0.04610065406231292
-0.0013569343590651322 -0.05207767581486588
-0.0017077814866267773 -0.058418407096792406
-0.0021226594213148435 -0.06512207268820148
-0.002608899821431162 -0.07218775680912858
-0.00317421960980335 -0.07961438721259508
-0.003826716852883769 -0.08740071849681758
-0.004574865980525787 -0.09554531466060542
-0.005427512281941312 -0.10404653092977716
-0.006393865611238677 -0.11290249488656963
-0.007483493234097296 -0.12211108693851451
-0.008706311745590955 -0.13166992016811774
-0.010072577987958934 -0.14157631960989794
-0.011592878896292248 -0.15182730100691572
-0.013278120199683639 -0.1624195491048482
-0.015139513905438138 -0.17334939554792103
-0.017188564494495618 -0.18461279644758338
-0.01943705375732991 -0.1962053097016803
-0.021897024201305588 -0.20812207214901093
-0.02458076096284519 -0.22035777665152576
-0.02750077216083274 -0.23290664920397094
-0.030669767631503204 -0.24576242617848584
-0.03410063598968617 -0.25891833181944346
-0.037806419966734076 -0.2723670561116328
-0.041800289981803136 -0.2861007331526467
-0.046095515910415004 -0.30011092016797897
-0.05070543702243194 -0.3143885773147676
-0.0556434300707579 -0.3289240484272559
-0.06092287552224725 -0.34370704286377
-0.06655712193347273 -0.35872661862124205
-0.07255944848617119 -0.3739711668889043
-0.07894302571034062 -0.3894283982176491
-0.08572087443707709 -0.405085330485546
-0.09290582303828161 -0.42092827884301787
-0.10051046302627999 -0.43694284782306725
-0.10854710310311498 -0.4531139258025831
-0.11702772176670938 -0.46942568200001467
-0.12596391859915343 -0.48586156619245036
-0.13536686438092796 -0.5024043113312594
-0.14524725019379442 -0.5190359392298306
-0.15561523569420885 -0.5357377694894615
-0.16648039675828072 -0.5524904318200363
-0.17785167271830243 -0.5692738819006752
-0.18973731342952121 -0.5860674209120124
-0.2021448264238828 -0.6028497188560862
-0.2150809244247183 -0.6195988417620178
-0.22855147351251853 -0.6362922828556892
-0.2425614422467935 -0.6529069977495628
-0.25711485206228213 -0.669419443684661
-0.2722147292692031 -0.6858056228306446
-0.28786305899654785 -0.7020411296220205
-0.3040607414243683 -0.7181012020789332
-0.32080755065534217 -0.7339607770299398
-0.3381020965773903 -0.7495945491218758
-0.35594179006754645 -0.7649770334686476
-0.37432281188245886 -0.7800826317568258
-0.3932400855726748 -0.7948857015916106
-0.41268725474608775 -0.8093606288324275
-0.43265666499053906 -0.8234819026334861
-0.4531393507465008 -0.83722419287149
-0.4741250273980371 -0.8505624296107427
-0.4956020888238869 -0.863471884225569
-0.5175576106206461 -0.8759282517717077
-0.5399773591767919 -0.8879077341725431
-0.5628458067399171 -0.8993871237631548
-0.586146152580269 -0.9103438867155736
-0.6098603503118555 -0.9207562458527078
-0.633969141388343 -0.9306032623464989
-0.6584520947451544 -0.9398649157882737
-0.6832876525120272 -0.9485221821162365
-0.7084531816723236 -0.9565571088868065
-0.73392503149711 -0.9639528873831785
-0.7596785965339975 -0.9706939210661664
-0.785688384883533 -0.9767658898890862
-0.8119280914501065 -0.9821558100200978
-0.838370675810483 -0.9868520885419204
-0.8649884443017225 -0.9908445727299822
-0.891753135891959 -0.9941245935455731
-0.9186360113627738 -0.9966850030201321
-0.9456079453011844 -0.9985202052499981
-0.9726395203729915 -0.9996261807673489
-0.9997011233277433 -1.000000504102127
-1.0267630421691876 -0.9996423544009714
-1.0537955639140069 -0.9985525190219368
-1.0807690723560375 -0.9967333900775007
-1.1076541452531214 -0.9941889539523889
-1.1344216503592477 -0.9909247738764709
-1.1610428397356158 -0.9869479656857716
-1.1874894417905588 -0.982267166955884
-1.2137337505196564 -0.9768924997411903
-1.2397487114435688 -0.9708355271997343
-1.2655080037717583 -0.9641092044268507
-1.2909861183549374 -0.9567278238602716
-1.316158431027313 -0.94870695565502
-1.3410012709809807 -0.9400633834576111
-1.3654919838586546 -0.9308150360356645
-1.3896089892966852 -0.9209809152407715
-1.4133318326975117 -0.9105810207992464
-1.4366412310586976 -0.8996362724371589
-1.4595191127339637 -0.8881684298528021
-1.4819486510496116 -0.8762000110515997
-1.503914291746877 -0.8637542095555162
-1.525401774266605 -0.8508548109915235
-1.546398146936686 -0.837526109551845
-1.5668917761645755 -0.8237928248028576
-1.586872349776521 -0.8096800192999906
-1.6063308746815523 -0.7952130174431545
-1.6252596690715735 -0.7804173259814867
-1.6436523493988133 -0.7653185565479823
-1.6615038123983177 -0.7499423505743101
-1.6788102124459403 -0.7343143069041891
-1.6955689345614389 -0.7184599123905946
-1.7117785633817195 -0.7024044757281486
-1.7274388484411114 -0.6861730647377542
-1.7425506661038594 -0.6697904472862393
-1.7571159784988895 -0.6532810359898039
-1.7711377898085408 -0.6366688368167981
-1.7846201002615378 -0.619977401673044
-1.7975678581761747 -0.6032297850218492
-1.8099869103928166 -0.5864485045612592
-1.821883951425522 -0.5696555059531573
-1.8332664716512492 -0.5528721315727216
-1.8441427048418424 -0.5361190932225828
-1.8545215753291988 -0.5194164487339221
-1.8644126450778689 -0.50278358235676
-1.8738260609221167 -0.48623918882381917
-1.8827725022064439 -0.46980126095665625
-1.8912631290499384 -0.4534870806691709
-1.899309531435821 -0.4373132132121207
-1.9069236793084126 -0.42129550449280995
-1.9141178738406137 -0.4054490812966065
-1.9209047000160666 -0.38978835423127034
-1.9272969806516294 -0.3743270232111814
-1.9333077319677041 -0.3590780852962522
-1.9389501207965305 -0.34405384469954925
-1.9442374235018278 -0.32926592477825417
-1.9491829866672337 -0.31472528182445514
-1.9538001895959491 -0.3004422204752509
-1.9581024086498406 -0.2864264105656173
-1.9621029834431118 -0.2726869052523428
-1.9658151848934469 -0.2592321602429148
-1.9692521851223508 -0.2460700539694539
-1.9724270291862216 -0.233207908554509
-1.9753526086104856 -0.2206525114226495
-1.97804163669092 -0.2084101374192161
-1.9805066255189827 -0.19648657130522368
-1.9827598646816358 -0.18488713050517122
-1.9848134015806609 -0.17361668799231986
-1.9866790233118221 -0.16267969520377976
-1.9883682400404037 -0.1520802048854481
-1.9898922698065555 -0.14182189377439283
-1.9912620246914854 -0.13190808503364568
-1.9924880982738258 -0.12234177036150563
-1.9935807543043484 -0.11312563170432424
-1.9945499165266647 -0.10426206250832584
-1.9954051595714666 -0.09575318845227658
-1.9961557008522746 -0.08760088760874395
-1.9968103933914956 -0.07980680998727359
-1.9973777195067817 -0.0723723964180341
-1.9978657852892199 -0.06529889673934967
-1.9982823158067378 -0.058587387257048776
-1.998634650968164 -0.05223878744770506
-1.998929741985768 -0.04625387588164842
-1.9991741483765815 -0.04063330534507584
-1.9993740354455163 -0.03537761714371269
-1.99953517219614 -0.03048725457327423
-1.9996629296179316 -0.025962575544466425
-1.9997622793018879 -0.02180386435246173
-1.9998377923395345 -0.01801134258270527
-1.9998936384635662 -0.014585179146565302
-1.9999335853916633 -0.01152549944175873
-1.9999609983382907 -0.00883239363367429
-1.999978839662678 -0.0065059240547034845
-1.999989668624518 -0.004546131719490174
-1.9999956412223217 -0.0029530419546441263
-1.999998510092762 -0.001726669141951603
-1.999999624452748 -0.0008670205744765619
-1.999999930069391 -0.00037409942519971465
-1.9999999692464148 -0.00024790682800904284
-1.999999880819024 -0.0004884430709548846
-1.9999994001526038 -0.0010957079017350575
-1.9999978591441057 -0.002069699945400971
-1.9999941862283375 -0.003410415234294171
-1.9999869063948348 -0.0051178448502545515
-1.999974141224382 -0.007191971679206276
-1.9999536089576837 -0.009632766278345757
-1.9999226246120911 -0.012440181856347328
-1.9998781001657202 -0.015614148367287441
-1.9998165448316734 -0.019154565719385775
-1.9997340654484927 -0.02306129610019348
-1.999626367016364 -0.02733415542054295
-1.9994887534119261 -0.031972903880430316
-1.999316128317898 -0.036977235661051336
-1.9991029964070397 -0.042346767748471494
-1.9988434648231994 -0.04808102789590141
-1.9985312450054138 -0.05417944173328709
-1.9981596549041494 -0.060641319034929246
-1.9977216216418043 -0.06746583915813187
-1.997209684672523 -0.07465203566846616
-1.996615999499174 -0.0821987801701334
-1.9959323420079862 -0.09010476536313382
-1.9951501134838077 -0.09836848735251094
-1.9942603463712065 -0.10698822723884766
-1.9932537108486654 -0.11596203202345413
-1.992120522284853 -0.12528769486630684
-1.9908507496474082 -0.13496273473978107
-1.989434024935742 -0.14498437552655616
-1.9878596537100972 -0.1553495246157696
-1.986116626789327 -0.1660547510575266
-1.9841936331896781 -0.17709626334224204
-1.98207907437611 -0.18846988687796248
-1.9797610798963856 -0.2001710412457799
-1.9772275244662074 -0.21219471732065837
-1.9744660465711286 -0.22453545435243666
-1.9714640686475846 -0.2371873171093664
-1.9682088189013556 -0.2501438731942878
-1.9646873548168535 -0.26339817065133914
-1.9608865884048734 -0.27694271598889647
-1.9567933132298285 -0.2907694527521803
-1.952394233249884 -0.30486974078653245
-1.947675993494902 -0.3192343363397225
-1.9426252125976 -0.3338533731586469
-1.9372285171828016 -0.34871634474235486
-1.9314725781081796 -0.36381208791937086
-1.92534414853738 -0.37912876792264605
-1.9188301038129352 -0.394653865140062
-1.9119174830819603 -0.4103741637220959
-1.9045935326122596 -0.4262757422308957
-1.896845750720321 -0.44234396651651536
-1.888661934215666 -0.4585634850062309
-1.8800302262484037 -0.4749182265916441
-1.870939165428576 -0.4913914012954896
-1.8613777360671995 -0.5079655038956086
-1.8513354193698968 -0.5246223206773272
-1.8408022453948674 -0.5413429394773577
-1.829768845567788 -0.5581077631722421
-1.8182265055273565 -0.5748965267522327
-1.8061672180567057 -0.5916883181072574
-1.7935837358380886 -0.6084616026352203
-1.7804696237513622 -0.6251942517643865
-1.7668193104209913 -0.6418635754608957
-1.752628138701986 -0.6584463587697128
-1.7378924147824735 -0.6749189024125153
-1.7226094555698785 -0.6912570674393274
-1.706777634019125 -0.7074363239022146
-1.6903964220551788 -0.7234318034892707
-1.6734664307388412 -0.739218356025627
-1.6559894473242125 -0.7547706097155694
-1.637968468858888 -0.7700630349663129
-1.6194077319838913 -0.7850700115998724
-1.600312738599749 -0.7997658992251214
-1.5806902770780815 -0.8141251105079051
-1.5605484387147046 -0.8281221870433748
-1.5398966291405165 -0.8417318775019053
-1.518745574430408 -0.8549292176885335
-1.4971073216779573 -0.867689612126146
-1.4749952338346952 -0.879988916745187
-1.4524239786470245 -0.8918035222377801
-1.42940951156126 -0.9031104376123344
-1.4059690525074113 -0.9138873734662999
-1.3821210565149482 -0.9241128244801236
-1.3578851781584593 -0.9337661506249584
-1.3332822298774343 -0.942827656570594
-1.3083341342618708 -0.9512786687786281
-1.2830638704435355 -0.9591016097692896
-1.2574954147809603 -0.9662800690586658
-1.2316536760740673 -0.9727988702764468
-1.2055644255911138 -0.9786441339926573
-1.1792542222358813 -0.9838033358051527
-1.1527503332261033 -0.9882653592677182
-1.1260806506945087 -0.9920205432712511
-1.0992736046610176 -0.9950607235274059
-1.0723580728580566 -0.9973792678449046
-1.0453632879202446 -0.9989711049330282
-1.0183187424743996 -0.9998327465141581
-0.9912540926856415 -0.9999623025770806
-0.9641990608299815 -0.9993594896545706
-0.9371833374730618 -0.9980256320619179
-0.9102364838384448 -0.9959636560869477
-0.8833878349470492 -0.9931780771760792
-0.8566664041019749 -0.9896749802144496
-0.8301007892801917 -0.9854619930504585
-0.8037190819745266 -0.9805482534656919
-0.7775487790063538 -0.9749443698394531
-0.751616697801668 -0.9686623758025661
-0.7259488955911878 -0.9617156792171965
-0.7005705929592281 -0.9541190058577501
-0.6755061021267685 -0.9458883382020636
-0.6507787603119531 -0.9370408497717942
-0.6264108684667233 -0.9275948354858928
-0.6024236356419722 -0.9175696385111437
-0.5788371291860909 -0.9069855741088616
-0.5556702309336256 -0.8958638509869257
-0.5329405994925368 -0.8842264906714379
-0.5106646386907984 -0.8720962454125183
-0.48885747219630465 -0.8594965151342638
-0.4675329242787676 -0.8464512639299065
-0.4467035066389089 -0.8329849365900087
-0.4263804111892036 -0.819122375634406
-0.40657350863205377 -0.8048887392979502
-0.38729135264586934 -0.7903094208962558
-0.3685411894573528 -0.7754099699710478
-0.35032897254951934 -0.7602160155857587
-0.332659382229776 -0.7447531921111468
-0.31553584976080823 -0.7290470678083546
-0.2989605857391298 -0.7131230764833957
-0.28293461239190976 -0.6970064524529852
-0.26745779945205533 -0.68072216902729
-0.25252890326438565 -0.6642948806809471
-0.23814560877195903 -0.6477488690499447
-0.22430457403102286 -0.6311079928589641
-0.21100147690546617 -0.6143956418518727
-0.1982310635968321 -0.59763469476745
-0.1859871986736637 -0.5808474813733708
-0.17426291627395757 -0.5640557485441301
-0.16305047216652505 -0.5472806303431236
-0.15234139637085053 -0.530542622045623
-0.1421265460503257 -0.5138615580179766
-0.13239615841026647 -0.4972565933490832
-0.12313990334963684 -0.4807461891130551
-0.1143469356336634 -0.4643481011269985
-0.10600594637329758 -0.4480793720549654
-0.09810521361655233 -0.4319563266983345
-0.09063265187590192 -0.4159945703040752
-0.08357586043500749 -0.4002089897154652
-0.0769221702968438 -0.3846137571847671
-0.0706586896537098 -0.3692223366640135
-0.06477234777747455 -0.35404749238828337
-0.05924993724562382 -0.33910129956555785
-0.05407815443514179 -0.3243951569882843
-0.049243638231902864 -0.3099398013840289
-0.0447330069179986 -0.2957453233259305
-0.04053289321323991 -0.28182118452794735
-0.036629977459917744 -0.26817623635499427
-0.03301101895175639 -0.25481873938387456
-0.029662885418849722 -0.2417563838573009
-0.026572580690222468 -0.2289963108801652
-0.02372727056453283 -0.2165451342144508
-0.021114306927334736 -0.20440896253668248
-0.01872125016028499 -0.19259342202949806
-0.01653588989374075 -0.1811036791867039
-0.014546264159384297 -0.16994446371898458
-0.012740677003878131 -0.15912009145519648
-0.011107714628136948 -0.14863448714182945
-0.009636260119653068 -0.13849120705071932
-0.008315506847471404 -0.1286934613123877
-0.007134970590937223 -0.11924413589943804
-0.006084500474270709 -0.11014581419121189
-0.005154288779416328 -0.10140079805738726
-0.004334879709513063 -0.09301112840435113
-0.003617177174781365 -0.08497860513399262
-0.002992451671665333 -0.07730480647002791
-0.002452346324753146 -0.06999110761207393
-0.001988882159356096 -0.06303869868243596
-0.0015944626706992872 -0.05644860193496133
-0.0012618777535006837 -0.05022168819934379
-0.0009843070533177933 -0.04435869253794545
-0.0007553227984561824 -0.03886022909554412
-0.0005688921684876598 -0.03372680512542584
-0.00041937925254146614 -0.02895883417793571
-0.00030154664753199366 -0.02455664843999038
-0.0002105567433933413 -0.02052051021615794
-0.00014197273921643492 -0.016850622543740982
-9.175943094968489e-05 -0.013547138935874831
-5.628380803782751e-05 -0.010610172247992315
-3.2315493049355966e-05 -0.008039802664128255
-1.70270549879757e-05 -0.005836084800459526
-7.99422360883796e-06 -0.00399905392421995
-3.196028666716038e-06 -0.0025287312867125103
-1.01488462298477e-06 -0.0014251285695844951
-2.3663792710271127e-07 -0.0006882514438539991
-5.059057548508626e-08 -0.0003181022413985141
-4.9510233505953204e-08 -0.0003146817387584066
-2.296337897866615e-07 -0.0006779900531897198
-9.906677922978961e-07 -0.001408026650942092
-3.1357857988527018e-06 -0.002504789467758711
-7.871619254677662e-06 -0.003968273141616146
-1.680823509304143e-05 -0.005798466357762698
-3.195908983541068e-05 -0.007995348306194656
-5.574094655205936e-05 -0.010558884251850508
-9.097373763041253e-05 -0.013489020218023926
-0.00014088035288684468 -0.016785676783817025
-0.00020908632915656977 -0.020448741996896124
-0.0002996194141025213 -0.024478063403392845
-0.00041690897360846665 -0.02887343919753348
-0.0005657852087654579 -0.033634608494499
-0.000751478145135838 -0.038761240731136
-0.0009796163536908526 -0.0442529242004743
-0.0012562253595809782 -0.05010915372757853
-0.0015877256917237298 -0.05632931749608674
-0.0019809305230945296 -0.06291268303688641
-0.0024430428486077083 -0.069858382392763
-0.0029816521445839308 -0.0771653964755451
-0.0036047304510525803 -0.08483253863527537
-0.004320627815546732 -0.09285843746427291
-0.005138067034648267 -0.10124151886262903
-0.00606613762735758 -0.10997998739570426
-0.007114288972429217 -0.1190718069785773
-0.008292322540168385 -0.12851468092713703
-0.009610383147856479 -0.13830603142061126
-0.011078949167012018 -0.14844297842578413
-0.012708821610133479 -0.15892231813896276
-0.014511112024460081 -0.16974050100790136
-0.016497229120668234 -0.18089360940236315
-0.018678864065345288 -0.19237733500877263
-0.02106797436759477 -0.20418695603145984
-0.023676766292276042 -0.21631731429029147
-0.026517675735218457 -0.22876279231197816
-0.029603347499320132 -0.2415172905200045
-0.03294661291479296 -0.25457420463588804
-0.03656046575199349 -0.26792640341228086
-0.04045803638132396 -0.2815662068262145
-0.04465256414163869 -0.2954853648684774
-0.04915736788648015 -0.30967503707262456
-0.05398581468632375 -0.32412577293436307
-0.0591512866748509 -0.3388274933789265
-0.06466714603810826 -0.3537694734404601
-0.070546698157247 -0.36894032632325424
-0.07680315292836842 -0.3843279890197846
-0.08344958429679908 -0.3999197096648183
-0.09049888805786074 -0.4157020368081919
-0.09796373799182832 -0.4316608107911415
-0.10585654041722874 -0.4477811574121306
-0.11418938726384087 -0.46404748406784857
-0.12297400778462017 -0.4804434785533134
-0.13222171904417487 -0.4969521107016854
-0.1419433753402341 -0.5135556370393599
-0.15214931673362403 -0.5302356086250558
-0.16284931688143547 -0.5469728822328436
-0.17405253038714494 -0.5637476350282911
-0.18576743990023495 -0.5805393828740616
-0.19800180321613717 -0.5973270023863472
-0.2107626006448552 -0.6140887568464127
-0.22405598293317602 -0.6308023260522783
-0.23788722004069546 -0.6474448401741871
-0.25226065108370016 -0.6639929176540551
-0.26717963577301085 -0.6804227071636562
-0.28264650768192556 -0.6967099336089783
-0.298662529688161 -0.7128299481391432
-0.31522785193891006 -0.7287577820876983
-0.332341472690586 -0.7444682047421776
-0.3500012023742843 -0.7599357848048582
-0.36820363123426486 -0.775134955373869
-0.38694410087966874 -0.7900400822395891
-0.4062166800790942 -0.8046255352569222
-0.42601414511347485 -0.8188657625199457
-0.44632796498485217 -0.8327353670319855
-0.4671482917571186 -0.8462091855317863
-0.48846395627963923 -0.8592623691055451
-0.5102624695159482 -0.8718704651855852
-0.5325300296675743 -0.8840095005098014
-0.5552515352476893 -0.8956560645921166
-0.5784106042209297 -0.906787393233472
-0.601989599284722 -0.9173814515857004
-0.625969659324094 -0.9274170162673628
-0.6503307370266806 -0.9368737560215892
-0.6750516425978792 -0.945732310401399
-0.7001100934683594 -0.9539743659681484
-0.7254827698379058 -0.9615827294937798
-0.7511453758514094 -0.968541397667578
-0.7770727061552869 -0.9748356228231746
-0.803238717536278 -0.9804519742215719
-0.8296166052999998 -0.9853783944508764
-0.8561788840044128 -0.9896042505330567
-0.8828974721239942 -0.9931203793621466
-0.9097437801844607 -0.9959191271365643
-0.936688801875789 -0.997994382490264
-0.9637032076235039 -0.9993416030728197
-0.9907574400751028 -0.9999578353767855
-1.0178218109403805 -0.9998417276612414
-1.0448665986115813 -0.9989935358727503
-1.0718621459818722 -0.9974151225184139
-1.0987789578787581 -0.9951099484997054
-1.1255877975327253 -0.9920830579696441
-1.1522597815105868 -0.9883410563290421
-1.1787664725575608 -0.9838920815293579
-1.2050799698118586 -0.9787457688995791
-1.231172995880193 -0.9729132097619277
-1.2570189802918443 -0.9664069041455405
-1.2825921388822863 -0.9592407079481395
-1.307867548694486 -0.9514297749326655
-1.3328212180263272 -0.9429904939785316
-1.357430151295635 -0.933940422035289
-1.381672408439478 -0.9242982132498558
-1.4055271586111986 -0.9140835447568858
-1.4289747279864131 -0.9033170396352836
-1.4519966415374606 -0.8920201875422821
-1.474575658683904 -0.8802152635399507
-1.4966958027741648 -0.8679252456276341
-1.5183423843996888 -0.8551737314877875
-1.5395020185877435 -0.8419848549422575
-1.560162635961568 -0.8283832026014827
-1.5803134879967988 -0.8143937311707655
-1.5999451465404908 -0.8000416858559688
-1.6190494977934073 -0.785352520286193
-1.6376197309872993 -0.7703518183435434
-1.6556503220164782 -0.7550652182604565
-1.6731370123069869 -0.7395183393136388
-1.6900767832270078 -0.7237367114109143
-1.7064678263588138 -0.7077457078335784
-1.722309509965595 -0.6915704813626701
-1.7376023419959383 -0.6752359039832175
-1.7523479299747362 -0.6587665103264153
-1.7665489381319917 -0.6421864449761617
-1.7802090421205377 -0.625519413733719
-1.7933328816703464 -0.6087886389027709
-1.8059260115210203 -0.5920168186270288
-1.8179948509655768 -0.5752260902840564
-1.8295466323279088 -0.5584379979122399
-1.8405893486836673 -0.5416734636230304
-1.851131701119989 -0.5249527629277885
-1.8611830458137675 -0.5082955038878726
-1.870753341191259 -0.4917206099780343
-1.8798530954140544 -0.4752463065367919
-1.8884933144179648 -0.45889011066316276
-1.8966854507124828 -0.4426688244069753
-1.904441353129368 -0.42659853108985457
-1.911773217689752 -0.4106945945858356
-1.9186935397401315 -0.3949716613842791
-1.9252150674889723 -0.379443665253307
-1.9313507570573651 -0.3641238343191479
-1.937113729139529 -0.34902470037552674
-1.9425172273519993 -0.33415811023741027
-1.9475745783341183 -0.3195352389548676
-1.9522991536471026 -0.30516660470543855
-1.9567043335045358 -0.2910620851870696
-1.960803472353624 -0.27723093533823967
-1.9646098663140528 -0.2636818062172575
-1.9681367224697626 -0.25042276487872384
-1.971397129998445 -0.23746131509171492
-1.9744040331140271 -0.2248044187512388
-1.9771702057888871 -0.21245851784185704
-1.9797082282149445 -0.20042955681993121
-1.9820304649561096 -0.18872300528868385
-1.9841490447388184 -0.1773438808480582
-1.9860758418224698 -0.16629677200916054
-1.9878224588874729 -0.15558586107079744
-1.9894002113752989 -0.14521494686322972
-1.9908201132122945 -0.13518746727169614
-1.9920928638470936 -0.1255065214594788
-1.9932288365301314 -0.11617489171724384
-1.9942380677630163 -0.10719506487206842
-1.9951302478453092 -0.09856925319593532
-1.9959147124464893 -0.09029941475951438
-1.9966004351316056 -0.08238727318274937
-1.9971960207701769 -0.07483433673911247
-1.9977096997593367 -0.06764191677537461
-1.9981493229939693 -0.06081114541336702
-1.9985223575185753 -0.05434299250447592
-1.9988358827979007 -0.04823828181152796
-1.99909658754577 -0.04249770639628837
-1.9993107670542642 -0.03712184319402542
-1.9994843209681292 -0.032111166759496386
-1.9996227514522642 -0.027466062171301705
-1.9997311617031521 -0.023186837083845176
-1.9998142547582147 -0.01927373291814728
-1.9998763325602873 -0.015726935184501994
-1.9999212952376475 -0.012546582931462161
-1.9999526405633337 -0.00973277731690258
-1.9999734635608313 -0.007285589297963378
-1.9999864562265666 -0.005205066437536509
-1.9999939073430104 -0.003491238825645701
-1.9999977023596327 -0.002144124114604604
-1.9999993233223001 -0.0011637316672383833
-1.9999998488351591 -0.0005500658177410585
-1.9999999540424562 -0.00030312824493431
-1.999999910621141 -0.0004229194578131049
-1.9999995867785483 -0.0009094393933296345
-1.9999984472528438 -0.0017626871263995698
-1.999995553317362 -0.00298265969213368
-1.99998956279336 -0.004569350020323432
-1.9999787300791514 -0.006522743982261367
-1.9999609062069839 -0.008842816550075962
-1.9999335389424466 -0.01152952706892612
-1.999893672944614 -0.014582813642652917
-1.9998379500085242 -0.01800258663384505
-1.999762609415008 -0.02178872127976035
-1.9996634884162547 -0.025941049426177636
-1.999536022888891 -0.030459350382052153
-1.99937524818967 -0.035343340898831024
-1.9991758002522095 -0.040592664279475506
-1.998931916966462 -0.04620687862364844
-1.9986374398858502 -0.05218544421718204
-1.998285816310113 -0.05852771007585454
-1.9978701017950042 -0.06523289965569813
-1.9973829631429474 -0.07230009574454563
-1.9968166819315718 -0.07972822455231625
-1.9961631586397879 -0.08751603902065803
-1.995413917433556 -0.0956621013760114
-1.994560111675858 -0.10416476495395455
-1.993592530227473 -0.1130221553268341
-1.9925016046069912 -0.12223215077118808
-1.9912774170800653 -0.13179236211633175
-1.9899097097490834 -0.1417001120206972
-1.9883878947152895 -0.15195241372809618
-1.9867010653857968 -0.16254594936199926
-1.9848380089978694 -0.17347704782218218
-1.9827872204323245 -0.18474166235466863
-1.9805369173867358 -0.19633534787276027
-1.9780750569774574 -0.20825323811408886
-1.9753893538370757 -0.2204900227259836
-1.9724672997708173 -0.23303992437900262
-1.9692961850316355 -0.24589667601617715
-1.9658631212690574 -0.2590534983532972
-1.962155066201401 -0.272503077753375
-1.958158850054656 -0.28623754460618844
-1.9538612038040173 -0.3002484523514371
-1.949248789245888 -0.3145267572914837
-1.9443082309189605 -0.32906279934677385
-1.9390261498828107 -0.3438462839137557
-1.9333891993512842 -0.35886626499134616
-1.9273841021657532 -0.3741111297475772
-1.9209976900801966 -0.3895685847029249
-1.9142169448158937 -0.4052256437108004
-1.9070290408285266 -0.42106861791870237
-1.8994213897145351 -0.437083107895397
-1.89138168616685 -0.45325399811012146
-1.8828979553727223 -0.4695654539490668
-1.873958601728265 -0.4860009214521176
-1.8645524587258036 -0.502543129948952
-1.854668839851193 -0.5191740977679538
-1.8442975903091485 -0.5358751411839178
-1.8334291393754554 -0.5526268867610713
-1.8220545531559604 -0.5694092872365036
-1.8101655875135678 -0.5862016410755221
-1.7977547409064412 -0.6029826158147957
-1.7848153068633748 -0.6197302752913154
-1.7713414258061155 -0.6364221108352153
-1.75732813591362 -0.6530350764824493
-1.7427714227099231 -0.669545628239148
-1.7276682670459327 -0.685929767403421
-1.712016691136137 -0.7021630879224418
-1.6958158023043046 -0.7182208277330728
-1.6790658340879219 -0.7340779240032338
-1.661768184349659 -0.7497090721589178
-1.6439254500457416 -0.7650887885484889
-1.6255414583059544 -0.7801914765619464
-1.606621293488242 -0.7949914959885221
-1.5871713198826745 -0.8094632353616944
-1.5671991997549588 -0.8235811870067735
-1.546713906438743 -0.8373200244730831
-1.525725732208733 -0.8506546820008374
-1.504246290693003 -0.8635604356425064
-1.482288513612758 -0.8760129856302094
-1.4598666416710695 -0.8879885395549283
-1.4369962094484838 -0.8994638959004458
-1.4136940242026903 -0.9104165274553714
-1.3899781385112753 -0.9208246641107022
-1.36586781674063 -0.9306673745385072
-1.341383495369901 -0.9399246462397455
-1.3165467372460142 -0.948577463446248
-1.2913801798937687 -0.9566078823636825
-1.2659074780532653 -0.9639991032490159
-1.240153240664939 -0.9707355388277141
-1.2141429625696636 -0.9768028785726318
-1.18790295123719 -0.9821881483882443
-1.1614602488800223 -0.9868797652703868
-1.1348425503511514 -0.990867586542839
-1.1080781172623313 -0.9941429533076215
-1.0811956887942922 -0.9966987277854454
-1.0542243897009598 -0.9985293242659752
-1.027193636036002 -0.9996307334339587
-1.0001330391514667 -1.0000005398863718
-0.9730723085346362 -0.9996379327069362
-0.9460411540602517 -0.9985437090171356
-0.9190691882408315 -0.9967202704765661
-0.8921858290578208 -0.9941716127594754
-0.8654202039507678 -0.9909033080880586
-0.8388010555307162 -0.9869224809558462
-0.8123566495676725 -0.9822377772257475
-0.7861146857805845 -0.9768593268364032
-0.7601022119320446 -0.9707987003969191
-0.7343455416992767 -0.9640688599932751
-0.708870176758275 -0.9566841045693014
-0.6837007334797266 -0.9486600102806604
-0.6588608745940393 -0.9400133662514575
-0.6343732461389855 -0.9307621061896506
-0.6102594199576775 -0.9209252363391373
-0.5865398419674163 -0.91052276026315
-0.5632337863719519 -0.899575600965325
-0.5403593159414378 -0.8881055208615403
-0.5179332484363971 -0.8761350401174378
-0.49597112920488107 -0.863687353863575
-0.4744872099361768 -0.8507862487926184
-0.4534944335103804 -0.8374560196311432
-0.4330044248412984 -0.8237213859627263
-0.4130274875708609 -0.8096074098594879
-0.3935726064368171 -0.7951394147563893
-0.3746474551022359 -0.7803429059768568
-0.3562584092054265 -0.7652434932900721
-0.33841056436250977 -0.7498668158499878
-0.3211077588321052 -0.7342384698342117
-0.30435260053249125 -0.7183839390677861
-0.288146498086167 -0.7023285288829867
-0.27248969555493097 -0.6860973034319741
-0.2573813105203214 -0.6697150266348328
-0.24281937515939486 -0.6532061069115904
-0.228800879964209 -0.6365945458135348
-0.21532181975481726 -0.6199038906368565
-0.202377241639882 -0.6031571910705862
-0.18996129458591643 -0.5863769599012136
-0.17806728026544563 -0.5695851377684488
-0.1666877048657659 -0.5528030619405018
-0.15581433155321578 -0.5360514390531075
-0.14543823330269937 -0.5193503217344377
-0.13554984581834778 -0.5027190890180574
-0.12613902028842294 -0.4861764304282435
-0.11719507573560745 -0.4697403336063
-0.10870685074245008 -0.45342807533293505
-0.10066275435073213 -0.437256215790301
-0.09305081595266701 -0.4212405958978437
-0.08585873401096768 -0.40539633754860754
-0.07907392346372888 -0.38973784656699295
-0.07268356168862612 -0.3742788182050532
-0.06667463291898826 -0.3590322449921499
-0.06103397102174039 -0.3440104267520154
-0.05574830056393525 -0.32922498260188915
-0.05080427611050842 -0.31468686475026436
-0.04618851971094084 -0.30040637391276764
-0.04188765654663719 -0.28639317616968074
-0.03788834872399066 -0.27265632109345705
-0.03417732721028464 -0.25920426098017646
-0.030741421920760816 -0.2460448710250901
-0.027567589975365705 -0.23318547028912995
-0.024642942152878138 -0.22063284331037689
-0.021954767578339102 -0.20839326222190796
-0.019490556686976256 -0.1964725092450758
-0.017238022514166677 -0.1848758994350324
-0.015185120366455996 -0.17360830356311255
-0.013320065933282166 -0.16267417102847473
-0.011631351902888588 -0.1520775526990907
-0.010107763148996094 -0.14182212358973006
-0.008738390557184662 -0.1319112052919496
-0.007512643561664795 -0.12234778807823346
-0.006420261464240023 -0.11313455260929718
-0.005451323607826997 -0.10427389118014777
-0.004596258476956161 -0.09576792844674893
-0.003845851797266473 -0.08761854158106845
-0.0031912537051824188 -0.07982737980786289
-0.00262398505775581 -0.07239588328177914
-0.002135942951118978 -0.06532530126821753
-0.0017194055141558676 -0.0586167095959065
-0.0013670360419011573 -0.05227102735328617
-0.0010718865308484316 -0.04628903280459474
-0.0008274006758229085 -0.040671378505003145
-0.0006274163853776212 -0.03541860559726205
-0.00046616786983082366 -0.030531157275121304
-0.0003382873530982712 -0.02600939140127026
-0.00023880645640928346 -0.021853592269742348
-0.00016315729884692603 -0.018063981504644746
-0.00010717335643511578 -0.014640728088731786
-6.70901182258276e-05 -0.011583957516755826
-3.9545574526403884e-05 -0.0088937600697205
-2.1580569061082944e-05 -0.006570198207147474
-1.0639043492299603e-05 -0.004613313075267955
-4.568199339520451e-06 -0.0030231301296841516
-1.618598934300946e-06 -0.0017996638715329564
-4.4422364299219435e-07 -0.000942921696544548
-1.0250417566829595e-07 -0.0004529068566419398
-5.433438404572511e-08 -0.0003296205338940683
-1.6407653411784086e-07 -0.0005730630267345754
-6.995626215491252e-07 -0.001183234048411205
-2.3320928781671445e-06 -0.0021601321376566807
-6.136429201052291e-06 -0.003503753181591137
-1.3590777816074466e-05 -0.005214088050898706
-2.6576752070485675e-05 -0.00729111934738674
-4.73793028317761e-05 -0.009734817264155492
-7.86866005549146e-05 -0.012545134558798826
-0.00012358984966890797 -0.015722000640342848
-0.0001855830125277345 -0.019265314771028996
-0.0002685624167749422 -0.02317493838458129
-0.00037682621658855804 -0.027450686523283665
-0.0005150736749098582 -0.03209231839705242
-0.0006884042304244192 -0.037099527068740104
-0.0009023163097613463 -0.042471928271169905
-0.0011627058421235209 -0.04820904836289229
-0.001475864430363822 -0.05431031143139701
-0.0018484771293984293 -0.060775025554520176
-0.0022876197798145674 -0.0676023682330761
-0.002800755841602085 -0.0747913710103314
-0.0033957326701417744 -0.08234090329683963
-0.004080777173939007 -0.09024965542238211
-0.004864490791125618 -0.09851612094032434
-0.005755843719496557 -0.10713857821360961
-0.006764168332830275 -0.11611507131587559
-0.007899151714496608 -0.12544339028580515
-0.009170827237924261 -0.1351210507778052
-0.010589565122411684 -0.14514527315745096
-0.012166061892072743 -0.15551296109582816
-0.01391132866544536 -0.1662206797229435
-0.015836678203508998 -0.1772646334067416
-0.0179537106445986 -0.18864064323094396
-0.02027429785601855 -0.20034412425188536
-0.02281056633409661 -0.21237006262174193
-0.02557487858702597 -0.2247129926729765
-0.02857981293816888 -0.2373669740664362
-0.03183814169158848 -0.2503255691132684
-0.03536280760647868 -0.26358182038862016
-0.03916689863292072 -0.27712822876288495
-0.04326362086804568 -0.29095673198399047
-0.04766626969926301 -0.30505868395179747
-0.05238819910975269 -0.3194248348330185
-0.0574427891309351 -0.3340453121720692
-0.0628434114371449 -0.3489096031598319
-0.06860339308924693 -0.3640065382283319
-0.07473597844643864 -0.37932427614468806
-0.08125428927897133 -0.394850290782277
-0.08817128312895642 -0.41057135975072145
-0.09549970998177079 -0.4264735550689507
-0.10325206732676767 -0.4425422360670536
-0.11144055370297283 -0.458762044702819
-0.12007702084310629 -0.47511690347761515
-0.1291729245474997 -0.4915900161334438
-0.13873927443819636 -0.5081638713085791
-0.14878658276249426 -0.5248202493228933
-0.1593248124343728 -0.5415402322558784
-0.17036332452135752 -0.5583042174702465
-0.18191082540328313 -0.5750919347218328
-0.1939753138478757 -0.5918824669822708
-0.20656402826587675 -0.6086542750844953
-0.21968339442532964 -0.6253852262825942
-0.23333897392038788 -0.6420526267968215
-0.2475354137043438 -0.6586332583918209
-0.2622763970092289 -0.6751034190112913
-0.27756459598506633 -0.6914389674656168
-0.2934016264003733 -0.7076153721404781
-0.30978800475159135 -0.7236077636643671
-0.3267231081324928 -0.7393909914414221
-0.34420513721507384 -0.7549396839233474
-0.36223108269077164 -0.7702283124606468
-0.3807966955148616 -0.7852312585392863
-0.3998964612874633 -0.7999228841745714
-0.4195235790915711 -0.8142776051997968
-0.43966994509188034 -0.8282699671535425
-0.4603261411778542 -0.841874723436715
-0.4814814289104984 -0.8550669153790058
-0.5031237490047327 -0.867821953824785
-0.5252397265482195 -0.8801157018209939
-0.5478146821231673 -0.8919245579647731
-0.5708326489602324 -0.9032255399467686
-0.5942763962134623 -0.9139963678076942
-0.6181274584025938 -0.92421554641116
-0.642366171024336 -0.9338624466253184
-0.6669717122879449 -0.9429173846998449
-0.691922150882926 -0.9513616993233682
-0.7171944996385727 -0.9591778258499059
-0.7427647748868149 -0.9663493671912482
-0.7686080612920494 -0.9728611608856431
-0.7946985818648509 -0.9786993418715417
-0.8210097728312558 -0.9838514005185061
-0.847514362986273 -0.9883062354954925
-0.8741844571199258 -0.9920542010893976
-0.9009916230670199 -0.9950871486236897
-0.9279069818984372 -0.9973984616677982
-0.9549013007425271 -0.9989830847722735
-0.9819450877005106 -0.9998375455120975
-1.0090086883000542 -0.9999599696703867
-1.0360623829165918 -0.9993500894465349
-1.0630764845827718 -0.9980092446259923
-1.090021436602712 -0.9959403767027589
-1.116867909389611 -0.993148015999655
-1.1435868959526654 -0.9896382618848858
-1.1701498054720607 -0.985418756235738
-1.1965285544188897 -0.9804986503508033
-1.2226956546999281 -0.9748885655603714
-1.2486242983349547 -0.9686005478300298
-1.2742884382063724 -0.9616480166945436
-1.299662864456826 -0.954045708897362
-1.32472327614984 -0.9458096171452027
-1.3494463478507144 -0.9369569244168067
-1.3738097908294615 -0.9275059342898898
-1.3977924086338809 -0.9174759977703549
-1.4213741468283927 -0.9068874371228971
-1.444536136742392 -0.895761467212163
-1.4672607331201046 -0.8841201148686934
-1.4895315456116673 -0.871986136794057
-1.5113334640918905 -0.8593829365150475
-1.532652677838443 -0.8463344808877975
-1.5534766886445321 -0.8328652166394176
-1.573794317982175 -0.8189999874176198
-1.5935957083705006 -0.8047639517980872
-1.6128723191388943 -0.7901825026754978
-1.6316169168069252 -0.7752811884374593
-1.6498235603317413 -0.7600856362916777
-1.6674875814987724 -0.7446214780857688
-1.684605560753133 -0.728914278926785
-1.701175298786954 -0.712989468874079
-1.7171957842120977 -0.6968722779450731
-1.7326671576582982 -0.6805876746391517
-1.7475906726438772 -0.664160308150689
-1.761968653569949 -0.6476144544084772
-1.7758044511895594 -0.630973966045838
-1.7891023959007977 -0.6142622263738071
-1.8018677492077027 -0.5975021073992014
-1.8141066536850528 -0.5807159319003278
-1.8258260817731093 -0.5639254395457834
-1.8370337837163477 -0.5471517570163484
-1.8477382349463956 -0.5304153720665101
-1.857948583194122 -0.5137361114407917
-1.8676745955992542 -0.4971331225407729
-1.8769266060684116 -0.480624858721607
-1.8857154631141584 -0.4642290680818502
-1.8940524783889117 -0.4479627855975805
-1.9019493761084825 -0.43184232844100334
-1.9094182435408493 -0.41588329431495086
-1.9164714827167213 -0.40010056262782817
-1.923121763499612 -0.3845082983284966
-1.929381978134773 -0.3691199582172567
-1.935265197378454 -0.3539482995473307
-1.9407846282917667 -0.3390053907309686
-1.9459535737669664 -0.32430262396534987
-1.9507853938383302 -0.3098507295957159
-1.9552934688150705 -0.2956597920365048
-1.9594911642599422 -0.28173926707555547
-1.9633917978243236 -0.2680980003915458
-1.9670086079387645 -0.2547442471206541
-1.9703547243471022 -0.2416856923148165
-1.9734431404624364 -0.2289294721408267
-1.9762866875143865 -0.21648219567675822
-1.9788980104491294 -0.20434996716968723
-1.9812895455368176 -0.19253840862639057
-1.9834734996348706 -0.18105268261646368
-1.9854618310504708 -0.16989751517511067
-1.9872662319412553 -0.15907721870062105
-1.9888981121895812 -0.14859571474919275
-1.9903685846829302 -0.1384565566372611
-1.99168845193085 -0.12866295176878195
-1.992868193947307 -0.11921778361196567
-1.9939179573264159 -0.1101236332567327
-1.9948475454390917 -0.10138280049063056
-1.995666409678316 -0.09299732433710303
-1.9963836416812202 -0.08496900300581013
-1.9970079664571856 -0.07729941321015783
-1.9975477363524579 -0.06998992881230029
-1.9980109257834229 -0.0630417387606192
-1.9984051266726204 -0.05645586428906938
-1.998737544523756 -0.05023317535180852
-1.9990149950743656 -0.044374406270206744
-1.9992439014673589 -0.038880170572669584
-1.999430291885459 -0.033750975010717596
-1.9995797975953806 -0.028987232737453968
-1.9996976513516436 -0.024589275636941178
-1.9997886861129783 -0.020557365795105646
-1.9998573340274683 -0.016891706104617963
-1.999907625645812 -0.013592449997769917
-1.9999431893253594 -0.010659710302706694
-1.9999672507909239 -0.008093567219493102
-1.9999826328217047 -0.0058940754134133725
-1.9999917550370365 -0.0040612702236463615
-1.9999966337570925 -0.00259517298604013
-1.9999988819180348 -0.0014957954691520276
-1.999999709024551 -0.0007631434230426037
-1.9999999211261068 -0.00039721924053367455
-1.9999999208066654 -0.0003980237307826163
-1.9999997071810525 -0.0007655570051067539
-1.9999988758945484 -0.0014998184750333236
-1.9999966191257192 -0.0026008059625721226
-1.999991725595911 -0.004068513922729641
-1.9999825805922542 -0.005902930778325297
-1.9999671660144334 -0.008104035367252196
-1.9999430604589106 -0.01067179250246722
-1.9999074393576872 -0.013606147645217356
-1.9998570751921079 -0.016907020692332027
-1.999788337805618 -0.02057429887885398
-1.9996971948427609 -0.024607828797864037
-1.9995792123450988 -0.029007407540098108
-1.9994295555380757 -0.03377277295687654
-1.9992429898461894 -0.03890359305098768
-1.999013882177094 -0.044399454501504676
-1.998736202518525 -0.05025985033009166
-1.9984035258950927 -0.05648416671818283
-1.99800903473508 -0.0630716689865197
-1.9975455217004052 -0.0700214867509215
-1.9970053930357714 -0.077332598270855
-1.996380672495783 -0.08500381401038064
-1.9956630059113958 -0.09303375943439186
-1.9948436664594604 -0.10142085706674554
-1.9939135607013152 -0.11016330784091238
-1.9928632354582734 -0.11925907177816063
-1.99168288559355 -0.128705848033036
-1.9903623627714375 -0.13850105435100216
-1.9888911852655382 -0.14864180598857252
-1.987258548888388 -0.15912489415207443
-1.9854533391149296 -0.16994676401733888
-1.983464144471886 -0.18110349239908444
-1.9812792712641665 -0.19259076514553786
-1.9788867597079212 -0.20440385434088879
-1.976274401537668 -0.21653759540546377
-1.9734297591521284 -0.22898636419101195
-1.97034018635976 -0.241744054176138
-1.9669928507806749 -0.2548040538746918
-1.9633747579563954 -0.26815922457771874
-1.9594727772128644 -0.2818018785573651
-1.9552736693151738 -0.29572375786881844
-1.9507641159445397 -0.3099160138938637
-1.9459307510192319 -0.32436918777688056
-1.940760193871264 -0.3390731919109626
-1.9352390842798455 -0.3540172926382467
-1.9293541193507078 -0.3691900943343356
-1.9230920922176038 -0.3845795250518177
-1.916439932528457 -0.4001728239021676
-1.9093847486638844 -0.4159565303586423
-1.9019138716201882 -0.431916475665052
-1.8940149004724296 -0.44803777653632193
-1.8856757493160008 -0.4643048313364782
-1.8768846955672303 -0.48070131891792534
-1.8676304294851511 -0.497210200302529
-1.8579021047577555 -0.5138137233799676
-1.8476893899769706 -0.5304934307919226
-1.8369825208074468 -0.547230171161898
-1.8257723526351468 -0.5640041138196424
-1.8140504134629871 -0.5807947671563066
-1.8018089568024842 -0.59758100073146
-1.789041014292859 -0.6143410712359777
-1.7757404477625143 -0.6310526523955218
-1.7619020004325072 -0.6476928688779467
-1.7475213469478403 -0.6642383342444637
-1.7325951419103718 -0.6806651929589594
-1.7171210665771357 -0.6969491664425067
-1.7010978733801414 -0.7130656031310502
-1.6845254279185384 -0.7289895324636552
-1.667404748071623 -0.7446957226967807
-1.649738039881743 -0.7601587424070627
-1.6315287298599312 -0.7753530255113216
-1.6127814933742348 -0.7902529395982876
-1.5935022787913378 -0.8048328573321988
-1.5736983270563165 -0.81906723065435
-1.5533781864132472 -0.8329306674752351
-1.5325517219909681 -0.8463980105175797
-1.511230120003494 -0.8594444179396734
-1.4894258863433465 -0.8720454453394698
-1.467152839378241 -0.8841771287133041
-1.4444260967969687 -0.8958160679192375
-1.4212620563886853 -0.9069395101743739
-1.3976783706808702 -0.917525433098364
-1.3736939154045795 -0.9275526268021167
-1.3493287518009163 -0.9370007745117428
-1.3246040828293955 -0.9458505312132678
-1.2995422033866306 -0.9540835998038814
-1.2741664446920016 -0.9616828042405834
-1.2485011130450958 -0.9686321591871885
-1.2225714232072413 -0.9749169356757469
-1.1964034267057506 -0.9805237223185357
-1.170023935404021 -0.9854404816317511
-1.1434604407228262 -0.9896566010617207
-1.116741028937443 -0.9931629383385985
-1.0898942930111484 -0.9959518608208197
-1.0629492414576605 -0.9980172785356634
-1.0359352047528125 -0.9993546706666955
-1.0088817398387715 -0.9999611052871318
-0.9818185332821516 -0.999835252188746
-0.9547753036601412 -0.9989773887082717
-0.9277817037561052 -0.9973893985067089
-0.9008672231479418 -0.9950747633109361
-0.874061091768717 -0.9920385476808913
-0.8473921850098564 -0.9882873769187304
-0.8208889309225371 -0.9838294082881504
-0.7945792200531245 -0.9786742957619022
-0.7684903184237935 -0.9728331485628521
-0.7426487841402115 -0.966318483808256
-0.7170803880747338 -0.9591441736077182
-0.6918100390364182 -0.9513253870021973
-0.6668617137988021 -0.9428785271640515
-0.6422583923133257 -0.9338211643061762
-0.618021998391075 -0.9241719647715783
-0.5941733460887345 -0.9139506167930944
-0.5707320919868489 -0.9031777534263162
-0.5477166935002588 -0.8918748731671272
-0.5251443733124701 -0.880064258768653
-0.5030310899782575 -0.8677688947709818
-0.48139151469250885 -0.8550123842509387
-0.4602390141786559 -0.8418188652887042
-0.4395856396074428 -0.8282129276334701
-0.4194421214166328 -0.8142195300319334
-0.3998178698648945 -0.7998639186616143
-0.38072098111880737 -0.7851715470861427
-0.3621582486409272 -0.7701679981221877
-0.3441351796193164 -0.7548789079780474
-0.3266560161550024 -0.7393298929924821
-0.3097237609035354 -0.7235464792696092
-0.29334020685020173 -0.7075540354719835
-0.27750597088547907 -0.6913777089997879
-0.26222053083791064 -0.6750423657497258
-0.24748226561562567 -0.6585725336131132
-0.2332884981050896 -0.641992349839153
-0.21963554047614026 -0.6253255123567337
-0.20651874154576738 -0.6085952351166181
-0.19393253585917694 -0.5918242074858047
-0.18187049415522233 -0.575034557697371
-0.17032537489401375 -0.5582478203324107
-0.15928917653718475 -0.5414849077858932
-0.14875319028563241 -0.5247660856455175
-0.13870805299529143 -0.5081109518919622
-0.1291438000084 -0.4915384198104025
-0.12004991765551296 -0.4750667044867843
-0.11141539520197605 -0.45871331274809907
-0.10322877603147212 -0.4424950363937637
-0.09547820787836803 -0.4264279485551134
-0.08815149193973794 -0.4105274030118944
-0.08123613071693556 -0.39480803628840333
-0.07471937445527095 -0.37928377234746496
-0.06858826606857729 -0.36396782969764685
-0.06282968445310079 -0.3488727307278742
-0.05743038611210966 -0.33401031308378715
-0.05237704502880169 -0.31939174290166084
-0.04765629074042402 -0.3050275297183501
-0.043254744580946004 -0.29092754287939343
-0.0391590540731015 -0.27710102927199154
-0.035355925463115605 -0.263556632214937
-0.031832154402932814 -0.2503024113435912
-0.028574654795267346 -0.23734586333457247
-0.025570485826305632 -0.22469394332182013
-0.022806877219421467 -0.21235308686303697
-0.02027125275083706 -0.20032923232308486
-0.01795125207480939 -0.18862784354863685
-0.015834750911673755 -0.1772539327161832
-0.0139098796569755 -0.1662120832432843
-0.012165040474008855 -0.15550647266069223
-0.010588922935403634 -0.1451408953505658
-0.009170518282006273 -0.13511878506343414
-0.007899132369234297 -0.12544323713377695
-0.006764397372396894 -0.11611703032104596
-0.005756282323215341 -0.10714264820962612
-0.004865102549991378 -0.09852230010759917
-0.004081528093608578 -0.0902579413902058
-0.0033965911708576076 -0.08235129323959535
-0.002801692755487795 -0.07480386173779129
-0.002288608345955084 -0.06761695627478141
-0.0018494929870910227 -0.060791707238262604
-0.001476885610899978 -0.05432908295583326
-0.0011637127594353058 -0.048229905864334635
-0.0009032917502400881 -0.042494867884604846
-0.0006893333421936501 -0.037124544983133646
-0.0005159439568091013 -0.03211941090500549
-0.00037762750710030105 -0.027479850065104207
-0.00026928688310193 -0.02320616958684072
-0.00018622514000483906 -0.019298610479670797
-0.0001241464316701619 -0.01575735794840957
-7.915672903357018e-05 -0.012582550828841337
-4.7764359609443506e-05 -0.00977429014538472
-2.6880400969427356e-05 -0.00733264678762386
-1.3818957707646891e-05 -0.005257668303374692
-6.297348022912365e-06 -0.003549384806641017
-2.4362226514998813e-06 -0.00220781399934783
-7.596354809300163e-07 -0.0012329653061386972
-1.9508176183237687e-07 -0.0006248431218101493
-7.351642137045039e-08 -0.00038344917114874037
-1.2936156479850442e-07 -0.0005087839810558194
-5.005088332898779e-07 -0.0010008474649111344
-1.7283188681344854e-06 -0.0018596386191591944
-4.757616713429955e-06 -0.0030851543321219433
-1.093667856972667e-05 -0.004677387305067747
-2.2017201894632813e-05 -0.006636323085620093
-4.015424742705534e-05 -0.008961936213689741
-6.790613829776375e-05 -0.011654185480281416
-0.00010823429797463277 -0.014713008299780558
-0.00016450300538434104 -0.018138314196687013
-0.00024047904215208462 -0.02192997740825104
-0.0003403312035137195 -0.02608782860510208
-0.00046862964108554416 -0.030611645732762566
-0.0006303450023304844 -0.03550114397792665
-0.0008308473282473429 -0.040755964864576805
-0.0010759046675380966 -0.04637566448642824
-0.0013716813622926735 -0.052359700883850654
-0.0017247359570807495 -0.05870742057533677
-0.0021420186802759643 -0.06541804425578417
-0.0026308684434737536 -0.07249065167634774
-0.0031990093020242295 -0.07992416572341864
-0.0038545463170041334 -0.08771733571740686
-0.004605960756427783 -0.09586871995545958
-0.005462104571169594 -0.10437666752604555
-0.006432194078973387 -0.11323929942748766
-0.007525802788087903 -0.12245448902703374
-0.008752853290531205 -0.13201984190192353
-0.01012360815378489 -0.14193267510913807
-0.011648659738894798 -0.1521899959360994
-0.01333891887254964 -0.16278848019051845
-0.015205602300767234 -0.1737244500938515
-0.017260218852388293 -0.18499385184940495
-0.019514554241701124 -0.1965922329630012
-0.021980654441257356 -0.208514719401256
-0.024670807558321944 -0.22075599267988388
-0.02759752415149361 -0.23331026698200694
-0.030773515927873175 -0.24617126641413664
-0.034211672765794475 -0.25933220251528327
-0.03792503801361408 -0.2727857521424525
-0.04192678202141479 -0.28652403586354624
-0.046230173869758064 -0.30053859699632185
-0.050848551267846 -0.3148203814394842
-0.0557952886026556 -0.3293597184491081
-0.061083763130796984 -0.3441463025203058
-0.06672731931603922 -0.35916917654026065
-0.07273923132763457 -0.3744167163843338
-0.07913266372774504 -0.38987661713179056
-0.08592063039041085 -0.40553588108166866
-0.09311595170955715 -0.4213808077522942
-0.10073121016946301 -0.4373969860498064
-0.10877870436784727 -0.45356928879166186
-0.11727040159917411 -0.4698818697703071
-0.1262178891238434 -0.4863181635399238
-0.13563232426749386 -0.5028608881052269
-0.1455243835135636 -0.5194920506856329
-0.15590421077138006 -0.536192956720589
-0.16678136502120036 -0.552944222272393
-0.17816476755661886 -0.569725789971332
-0.1900626490633851 -0.5865169486343956
-0.20248249679170727 -0.6032963566730979
-0.2154310020963319 -0.6200420693880901
-0.22891400863482536 -0.6367315702282358
-0.24293646152929627 -0.6533418060697057
