-3500.0
-7000.0
-10500.0
-14000.0
-17500.0
-21000.0
-24500.0
-28000.0
-31500.000000000004
-35000.00000000001
-38500.00000000001
-42000.000000000015
-45500.000000000015
-49000.00000000002
-52500.00000000002
-56000.00000000002
-59500.00000000003
-63000.00000000003
-66500.00000000003
-70000.00000000004
-73500.00000000004
-77000.00000000004
-80500.00000000004
-84000.00000000004
-87500.00000000006
-91000.00000000006
-94500.00000000006
-98000.00000000006
-101500.00000000007
-105000.00000000007
-108500.00000000007
-112000.00000000007
-115500.00000000007
-119000.00000000009
-122500.00000000009
-126000.00000000009
-129500.00000000009
-133000.0000000001
-136500.0000000001
-140000.0000000001
-143500.00000000012
-147000.00000000012
-150500.00000000012
-154000.00000000012
-157500.00000000012
-161000.00000000012
-164500.00000000012
-168000.00000000012
-171500.00000000012
-175000.00000000015
-178500.00000000015
-182000.00000000015
-185500.00000000015
-189000.00000000015
-192500.00000000015
-196000.00000000015
-199500.00000000015
-203000.00000000015
-206500.00000000015
-210000.00000000017
-213500.00000000017
-217000.00000000017
-220500.00000000015
-224000.00000000015
-227500.00000000015
-231000.00000000015
-234500.00000000015
-238000.00000000017
-241500.00000000017
-245000.00000000017
-248500.00000000017
-252000.00000000017
-255500.00000000017
-259000.00000000017
-262500.0000000002
-266000.0000000002
-269500.0000000002
-273000.0000000002
-276500.0000000002
-280000.0000000002
-283500.0000000002
-287000.00000000023
-290500.00000000023
-294000.00000000023
-297500.00000000023
-301000.00000000023
-304500.00000000023
-308000.00000000023
-311500.00000000023
-315000.00000000023
-318500.00000000023
-322000.00000000023
-325500.00000000023
-329000.00000000023
-332500.00000000023
-336000.00000000023
-339500.00000000023
-343000.00000000023
-346500.00000000023
-350000.0000000003
-353500.0000000003
-357000.0000000003
-360500.0000000003
-364000.0000000003
-367500.0000000003
-371000.0000000003
-374500.0000000003
-378000.0000000003
-381500.0000000003
-385000.0000000003
-388500.0000000003
-392000.0000000003
-395500.0000000003
-399000.0000000003
-402500.0000000003
-406000.0000000003
-409500.0000000003
-413000.0000000003
-416500.00000000035
-420000.00000000035
-423500.00000000035
-427000.00000000035
-430500.00000000035
-434000.00000000035
-437500.0000000003
-441000.0000000003
-444500.0000000003
-448000.0000000003
-451500.0000000003
-455000.0000000003
-458500.0000000003
-462000.0000000003
-465500.0000000003
-469000.0000000003
-472500.00000000035
-476000.00000000035
-479500.00000000035
-483000.00000000035
-486500.00000000035
-490000.00000000035
-493500.00000000035
-497000.00000000035
-500500.00000000035
-504000.00000000035
-507500.00000000035
-511000.00000000035
-514500.00000000035
-518000.00000000035
-521500.00000000035
-525000.0000000003
-528500.0000000003
-532000.0000000003
-535500.0000000003
-539000.0000000003
-542500.0000000003
-546000.0000000003
-549500.0000000003
-553000.0000000003
-556500.0000000003
-560000.0000000003
-563500.0000000003
-567000.0000000003
-570500.0000000005
-574000.0000000005
-577500.0000000005
-581000.0000000005
-584500.0000000005
-588000.0000000005
-591500.0000000005
-595000.0000000005
-598500.0000000005
-602000.0000000005
-605500.0000000005
-609000.0000000005
-612500.0000000005
-616000.0000000005
-619500.0000000005
-623000.0000000005
-626500.0000000005
-630000.0000000005
-633500.0000000005
-637000.0000000005
-640500.0000000005
-644000.0000000005
-647500.0000000005
-651000.0000000005
-654500.0000000005
-658000.0000000005
-661500.0000000005
-665000.0000000005
-668500.0000000005
-672000.0000000005
-675500.0000000005
-679000.0000000005
-682500.0000000005
-686000.0000000005
-689500.0000000005
-693000.0000000005
-696500.0000000005
-700000.0000000006
-703500.0000000006
-707000.0000000006
-710500.0000000006
-714000.0000000006
-717500.0000000006
-721000.0000000006
-724500.0000000006
-728000.0000000006
-731500.0000000006
-735000.0000000006
-738500.0000000006
-742000.0000000006
-745500.0000000006
-749000.0000000006
-752500.0000000006
-756000.0000000006
-759500.0000000006
-763000.0000000006
-766500.0000000006
-770000.0000000006
-773500.0000000006
-777000.0000000006
-780500.0000000006
-784000.0000000006
-787500.0000000006
-791000.0000000006
-794500.0000000006
-798000.0000000006
-801500.0000000006
-805000.0000000006
-808500.0000000006
-812000.0000000006
-815500.0000000006
-819000.0000000006
-822500.0000000006
-826000.0000000006
-829500.0000000006
-833000.0000000007
-836500.0000000007
-840000.0000000007
-843500.0000000007
-847000.0000000007
-850500.0000000007
-854000.0000000007
-857500.0000000007
-861000.0000000007
-864500.0000000007
-868000.0000000007
-871500.0000000007
-875000.0000000006
-878500.0000000006
-882000.0000000006
-885500.0000000006
-889000.0000000006
-892500.0000000006
-896000.0000000006
-899500.0000000006
-903000.0000000006
-906500.0000000006
-910000.0000000006
-913500.0000000006
-917000.0000000006
-920500.0000000006
-924000.0000000006
-927500.0000000006
-931000.0000000006
-934500.0000000006
-938000.0000000006
-941500.0000000007
-945000.0000000007
-948500.0000000007
-952000.0000000007
-955500.0000000007
-959000.0000000007
-962500.0000000007
-966000.0000000007
-969500.0000000007
-973000.0000000007
-976500.0000000007
-980000.0000000007
-983500.0000000007
-987000.0000000007
-990500.0000000007
-994000.0000000007
-997500.0000000007
-1001000.0000000007
-1004500.0000000007
-1008000.0000000007
-1011500.0000000007
-1015000.0000000007
-1018500.0000000007
-1022000.0000000007
-1025500.0000000007
-1029000.0000000007
-1032500.0000000007
-1036000.0000000007
-1039500.0000000007
-1043000.0000000007
-1046500.0000000007
-1050000.0000000007
-1053500.0000000007
-1057000.0000000007
-1060500.0000000007
-1064000.0000000007
-1067500.0000000007
-1071000.0000000007
-1074500.0000000007
-1078000.0000000007
-1081500.0000000007
-1085000.0000000007
-1088500.0000000007
-1092000.0000000007
-1095500.0000000007
-1099000.0000000007
-1102500.0000000007
-1106000.0000000007
-1109500.0000000007
-1113000.0000000007
-1116500.0000000007
-1120000.0000000007
-1123500.0000000007
-1127000.0000000007
-1130500.0000000007
-1134000.0000000007
-1137500.000000001
-1141000.000000001
-1144500.000000001
-1148000.000000001
-1151500.000000001
-1155000.000000001
-1158500.000000001
-1162000.000000001
-1165500.000000001
-1169000.000000001
-1172500.000000001
-1176000.000000001
-1179500.000000001
-1183000.000000001
-1186500.000000001
-1190000.000000001
-1193500.000000001
-1197000.000000001
-1200500.000000001
-1204000.000000001
-1207500.000000001
-1211000.000000001
-1214500.000000001
-1218000.000000001
-1221500.000000001
-1225000.000000001
-1228500.000000001
-1232000.000000001
-1235500.000000001
-1239000.000000001
-1242500.000000001
-1246000.000000001
-1249500.000000001
-1253000.000000001
-1256500.000000001
-1260000.000000001
-1263500.000000001
-1267000.000000001
-1270500.000000001
-1274000.000000001
-1277500.000000001
-1281000.000000001
-1284500.000000001
-1288000.000000001
-1291500.000000001
-1295000.000000001
-1298500.000000001
-1302000.000000001
-1305500.000000001
-1309000.000000001
-1312500.000000001
-1316000.000000001
-1319500.000000001
-1323000.000000001
-1326500.000000001
-1330000.000000001
-1333500.000000001
-1337000.000000001
-1340500.000000001
-1344000.000000001
-1347500.000000001
-1351000.000000001
-1354500.000000001
-1358000.000000001
-1361500.000000001
-1365000.000000001
-1368500.000000001
-1372000.000000001
-1375500.000000001
-1379000.000000001
-1382500.000000001
-1386000.000000001
-1389500.000000001
-1393000.000000001
-1396500.000000001
-1400000.0000000012
-1403500.0000000012
-1407000.0000000012
-1410500.0000000012
-1414000.0000000012
-1417500.0000000012
-1421000.0000000012
-1424500.0000000012
-1428000.0000000012
-1431500.0000000012
-1435000.0000000012
-1438500.0000000012
-1442000.0000000012
-1445500.0000000012
-1449000.0000000012
-1452500.0000000012
-1456000.0000000012
-1459500.0000000012
-1463000.0000000012
-1466500.0000000012
-1470000.0000000012
-1473500.0000000012
-1477000.0000000012
-1480500.0000000012
-1484000.0000000012
-1487500.0000000012
-1491000.0000000012
-1494500.0000000012
-1498000.0000000012
-1501500.0000000012
-1505000.0000000012
-1508500.0000000012
-1512000.0000000012
-1515500.0000000012
-1519000.0000000012
-1522500.0000000012
-1526000.0000000012
-1529500.0000000012
-1533000.0000000012
-1536500.0000000012
-1540000.0000000012
-1543500.0000000012
-1547000.0000000012
-1550500.0000000012
-1554000.0000000012
-1557500.0000000012
-1561000.0000000012
-1564500.0000000012
-1568000.0000000012
-1571500.0000000012
-1575000.0000000012
-1578500.0000000012
-1582000.0000000012
-1585500.0000000012
-1589000.0000000012
-1592500.0000000012
-1596000.0000000012
-1599500.0000000012
-1603000.0000000012
-1606500.0000000012
-1610000.0000000012
-1613500.0000000012
-1617000.0000000012
-1620500.0000000012
-1624000.0000000012
-1627500.0000000012
-1631000.0000000012
-1634500.0000000012
-1638000.0000000012
-1641500.0000000012
-1645000.0000000012
-1648500.0000000012
-1652000.0000000012
-1655500.0000000012
-1659000.0000000012
-1662500.0000000014
-1666000.0000000014
-1669500.0000000014
-1673000.0000000014
-1676500.0000000014
-1680000.0000000014
-1683500.0000000014
-1687000.0000000014
-1690500.0000000014
-1694000.0000000014
-1697500.0000000014
-1701000.0000000014
-1704500.0000000014
-1708000.0000000014
-1711500.0000000014
-1715000.0000000014
-1718500.0000000014
-1722000.0000000014
-1725500.0000000014
-1729000.0000000014
-1732500.0000000014
-1736000.0000000014
-1739500.0000000014
-1743000.0000000014
-1746500.0000000014
-1750000.0000000012
-1753500.0000000012
-1757000.0000000012
-1760500.0000000012
-1764000.0000000012
-1767500.0000000012
-1771000.0000000012
-1774500.0000000012
-1778000.0000000012
-1781500.0000000012
-1785000.0000000012
-1788500.0000000012
-1792000.0000000012
-1795500.0000000012
-1799000.0000000012
-1802500.0000000012
-1806000.0000000012
-1809500.0000000012
-1813000.0000000012
-1816500.0000000012
-1820000.0000000012
-1823500.0000000012
-1827000.0000000012
-1830500.0000000012
-1834000.0000000012
-1837500.0000000012
-1841000.0000000012
-1844500.0000000012
-1848000.0000000012
-1851500.0000000012
-1855000.0000000012
-1858500.0000000012
-1862000.0000000012
-1865500.0000000012
-1869000.0000000012
-1872500.0000000012
-1876000.0000000012
-1879500.0000000014
-1883000.0000000014
-1886500.0000000014
-1890000.0000000014
-1893500.0000000014
-1897000.0000000014
-1900500.0000000014
-1904000.0000000014
-1907500.0000000014
-1911000.0000000014
-1914500.0000000014
-1918000.0000000014
-1921500.0000000014
-1925000.0000000014
-1928500.0000000014
-1932000.0000000014
-1935500.0000000014
-1939000.0000000014
-1942500.0000000014
-1946000.0000000014
-1949500.0000000014
-1953000.0000000014
-1956500.0000000014
-1960000.0000000014
-1963500.0000000014
-1967000.0000000014
-1970500.0000000014
-1974000.0000000014
-1977500.0000000014
-1981000.0000000014
-1984500.0000000014
-1988000.0000000014
-1991500.0000000014
-1995000.0000000014
-1998500.0000000014
-2002000.0000000014
-2005500.0000000014
-2009000.0000000014
-2012500.0000000014
-2016000.0000000014
-2019500.0000000014
-2023000.0000000014
-2026500.0000000014
-2030000.0000000014
-2033500.0000000014
-2037000.0000000014
-2040500.0000000014
-2044000.0000000014
-2047500.0000000014
-2051000.0000000014
-2054500.0000000014
-2058000.0000000014
-2061500.0000000014
-2065000.0000000014
-2068500.0000000014
-2072000.0000000014
-2075500.0000000014
-2079000.0000000014
-2082500.0000000014
-2086000.0000000014
-2089500.0000000014
-2093000.0000000014
-2096500.0000000014
-2100000.0000000014
-2103500.0000000014
-2107000.0000000014
-2110500.0000000014
-2114000.0000000014
-2117500.0000000014
-2121000.0000000014
-2124500.0000000014
-2128000.0000000014
-2131500.0000000014
-2135000.0000000014
-2138500.0000000014
-2142000.0000000014
-2145500.0000000014
-2149000.0000000014
-2152500.0000000014
-2156000.0000000014
-2159500.0000000014
-2163000.0000000014
-2166500.0000000014
-2170000.0000000014
-2173500.0000000014
-2177000.0000000014
-2180500.0000000014
-2184000.0000000014
-2187500.0000000014
-2191000.0000000014
-2194500.0000000014
-2198000.0000000014
-2201500.0000000014
-2205000.0000000014
-2208500.0000000014
-2212000.0000000014
-2215500.0000000014
-2219000.0000000014
-2222500.0000000014
-2226000.0000000014
-2229500.0000000014
-2233000.0000000014
-2236500.0000000014
-2240000.0000000014
-2243500.0000000014
-2247000.0000000014
-2250500.0000000014
-2254000.0000000014
-2257500.0000000014
-2261000.0000000014
-2264500.0000000014
-2268000.0000000014
-2271500.0000000014
-2275000.000000002
-2278500.000000002
-2282000.000000002
-2285500.000000002
-2289000.000000002
-2292500.000000002
-2296000.000000002
-2299500.000000002
-2303000.000000002
-2306500.000000002
-2310000.000000002
-2313500.000000002
-2317000.000000002
-2320500.000000002
-2324000.000000002
-2327500.000000002
-2331000.000000002
-2334500.000000002
-2338000.000000002
-2341500.000000002
-2345000.000000002
-2348500.000000002
-2352000.000000002
-2355500.000000002
-2359000.000000002
-2362500.000000002
-2366000.000000002
-2369500.000000002
-2373000.000000002
-2376500.000000002
-2380000.000000002
-2383500.000000002
-2387000.000000002
-2390500.000000002
-2394000.000000002
-2397500.000000002
-2401000.000000002
-2404500.000000002
-2408000.000000002
-2411500.000000002
-2415000.000000002
-2418500.000000002
-2422000.000000002
-2425500.000000002
-2429000.000000002
-2432500.000000002
-2436000.000000002
-2439500.000000002
-2443000.000000002
-2446500.000000002
-2450000.000000002
-2453500.000000002
-2457000.000000002
-2460500.000000002
-2464000.000000002
-2467500.000000002
-2471000.000000002
-2474500.000000002
-2478000.000000002
-2481500.000000002
-2485000.000000002
-2488500.000000002
-2492000.000000002
-2495500.000000002
-2499000.000000002
-2502500.000000002
-2506000.000000002
-2509500.000000002
-2513000.000000002
-2516500.000000002
-2520000.000000002
-2523500.000000002
-2527000.000000002
-2530500.000000002
-2534000.000000002
-2537500.000000002
-2541000.000000002
-2544500.000000002
-2548000.000000002
-2551500.000000002
-2555000.000000002
-2558500.000000002
-2562000.000000002
-2565500.000000002
-2569000.000000002
-2572500.000000002
-2576000.000000002
-2579500.000000002
-2583000.000000002
-2586500.000000002
-2590000.000000002
-2593500.000000002
-2597000.000000002
-2600500.000000002
-2604000.000000002
-2607500.000000002
-2611000.000000002
-2614500.000000002
-2618000.000000002
-2621500.000000002
-2625000.000000002
-2628500.000000002
-2632000.000000002
-2635500.000000002
-2639000.000000002
-2642500.000000002
-2646000.000000002
-2649500.000000002
-2653000.000000002
-2656500.000000002
-2660000.000000002
-2663500.000000002
-2667000.000000002
-2670500.000000002
-2674000.000000002
-2677500.000000002
-2681000.000000002
-2684500.000000002
-2688000.000000002
-2691500.000000002
-2695000.000000002
-2698500.000000002
-2702000.000000002
-2705500.000000002
-2709000.000000002
-2712500.000000002
-2716000.000000002
-2719500.000000002
-2723000.000000002
-2726500.000000002
-2730000.000000002
-2733500.000000002
-2737000.000000002
-2740500.000000002
-2744000.000000002
-2747500.000000002
-2751000.000000002
-2754500.000000002
-2758000.000000002
-2761500.000000002
-2765000.000000002
-2768500.000000002
-2772000.000000002
-2775500.000000002
-2779000.000000002
-2782500.000000002
-2786000.000000002
-2789500.000000002
-2793000.000000002
-2796500.000000002
-2800000.0000000023
-2803500.0000000023
-2807000.0000000023
-2810500.0000000023
-2814000.0000000023
-2817500.0000000023
-2821000.0000000023
-2824500.0000000023
-2828000.0000000023
-2831500.0000000023
-2835000.0000000023
-2838500.0000000023
-2842000.0000000023
-2845500.0000000023
-2849000.0000000023
-2852500.0000000023
-2856000.0000000023
-2859500.0000000023
-2863000.0000000023
-2866500.0000000023
-2870000.0000000023
-2873500.0000000023
-2877000.0000000023
-2880500.0000000023
-2884000.0000000023
-2887500.0000000023
-2891000.0000000023
-2894500.0000000023
-2898000.0000000023
-2901500.0000000023
-2905000.0000000023
-2908500.0000000023
-2912000.0000000023
-2915500.0000000023
-2919000.0000000023
-2922500.0000000023
-2926000.0000000023
-2929500.0000000023
-2933000.0000000023
-2936500.0000000023
-2940000.0000000023
-2943500.0000000023
-2947000.0000000023
-2950500.0000000023
-2954000.0000000023
-2957500.0000000023
-2961000.0000000023
-2964500.0000000023
-2968000.0000000023
-2971500.0000000023
-2975000.0000000023
-2978500.0000000023
-2982000.0000000023
-2985500.0000000023
-2989000.0000000023
-2992500.0000000023
-2996000.0000000023
-2999500.0000000023
-3003000.0000000023
-3006500.0000000023
-3010000.0000000023
-3013500.0000000023
-3017000.0000000023
-3020500.0000000023
-3024000.0000000023
-3027500.0000000023
-3031000.0000000023
-3034500.0000000023
-3038000.0000000023
-3041500.0000000023
-3045000.0000000023
-3048500.0000000023
-3052000.0000000023
-3055500.0000000023
-3059000.0000000023
-3062500.0000000023
-3066000.0000000023
-3069500.0000000023
-3073000.0000000023
-3076500.0000000023
-3080000.0000000023
-3083500.0000000023
-3087000.0000000023
-3090500.0000000023
-3094000.0000000023
-3097500.0000000023
-3101000.0000000023
-3104500.0000000023
-3108000.0000000023
-3111500.0000000023
-3115000.0000000023
-3118500.0000000023
-3122000.0000000023
-3125500.0000000023
-3129000.0000000023
-3132500.0000000023
-3136000.0000000023
-3139500.0000000023
-3143000.0000000023
-3146500.0000000023
-3150000.0000000023
-3153500.0000000023
-3157000.0000000023
-3160500.0000000023
-3164000.0000000023
-3167500.0000000023
-3171000.0000000023
-3174500.0000000023
-3178000.0000000023
-3181500.0000000023
-3185000.0000000023
-3188500.0000000023
-3192000.0000000023
-3195500.0000000023
-3199000.0000000023
-3202500.0000000023
-3206000.0000000023
-3209500.0000000023
-3213000.0000000023
-3216500.0000000023
-3220000.0000000023
-3223500.0000000023
-3227000.0000000023
-3230500.0000000023
-3234000.0000000023
-3237500.0000000023
-3241000.0000000023
-3244500.0000000023
-3248000.0000000023
-3251500.0000000023
-3255000.0000000023
-3258500.0000000023
-3262000.0000000023
-3265500.0000000023
-3269000.0000000023
-3272500.0000000023
-3276000.0000000023
-3279500.0000000023
-3283000.0000000023
-3286500.0000000023
-3290000.0000000023
-3293500.0000000023
-3297000.0000000023
-3300500.0000000023
-3304000.0000000023
-3307500.0000000023
-3311000.0000000023
-3314500.0000000023
-3318000.0000000023
-3321500.000000003
-3325000.000000003
-3328500.000000003
-3332000.000000003
-3335500.000000003
-3339000.000000003
-3342500.000000003
-3346000.000000003
-3349500.000000003
-3353000.000000003
-3356500.000000003
-3360000.000000003
-3363500.000000003
-3367000.000000003
-3370500.000000003
-3374000.000000003
-3377500.000000003
-3381000.000000003
-3384500.000000003
-3388000.000000003
-3391500.000000003
-3395000.000000003
-3398500.000000003
-3402000.000000003
-3405500.000000003
-3409000.000000003
-3412500.000000003
-3416000.000000003
-3419500.000000003
-3423000.000000003
-3426500.000000003
-3430000.000000003
-3433500.000000003
-3437000.000000003
-3440500.000000003
-3444000.000000003
-3447500.000000003
-3451000.000000003
-3454500.000000003
-3458000.000000003
-3461500.000000003
-3465000.000000003
-3468500.000000003
-3472000.000000003
-3475500.000000003
-3479000.000000003
-3482500.000000003
-3486000.000000003
-3489500.000000003
-3493000.000000003
-3496500.000000003
-3500000.0000000023
-3503500.000000002
-3507000.0000000014
-3510500.0000000014
-3514000.000000001
-3517500.0000000005
-3521000.0
-3524499.9999999995
-3527999.999999999
-3531499.999999999
-3534999.9999999986
-3538499.999999998
-3541999.9999999977
-3545499.999999997
-3548999.9999999967
-3552499.9999999967
-3555999.9999999963
-3559499.999999996
-3562999.9999999953
-3566499.999999995
-3569999.9999999944
-3573499.9999999944
-3576999.999999994
-3580499.9999999935
-3583999.999999993
-3587499.9999999925
-3590999.999999992
-3594499.999999992
-3597999.9999999916
-3601499.999999991
-3604999.9999999907
-3608499.99999999
-3611999.99999999
-3615499.9999999898
-3618999.9999999893
-3622499.999999989
-3625999.9999999884
-3629499.999999988
-3632999.999999988
-3636499.9999999874
-3639999.999999987
-3643499.9999999865
-3646999.999999986
-3650499.9999999856
-3653999.9999999856
-3657499.999999985
-3660999.9999999846
-3664499.999999984
-3667999.9999999837
-3671499.9999999832
-3674999.9999999832
-3678499.999999983
-3681999.9999999823
-3685499.999999982
-3688999.9999999814
-3692499.999999981
-3695999.999999981
-3699499.9999999804
-3702999.99999998
-3706499.9999999795
-3709999.999999979
-3713499.999999979
-3716999.9999999786
-3720499.999999978
-3723999.9999999776
-3727499.999999977
-3730999.9999999767
-3734499.9999999767
-3737999.9999999763
-3741499.999999976
-3744999.9999999753
-3748499.999999975
-3751999.9999999744
-3755499.9999999744
-3758999.999999974
-3762499.9999999735
-3765999.999999973
-3769499.9999999725
-3772999.999999972
-3776499.999999972
-3779999.9999999716
-3783499.999999971
-3786999.9999999707
-3790499.99999997
-3793999.9999999697
-3797499.9999999697
-3800999.9999999693
-3804499.999999969
-3807999.9999999683
-3811499.999999968
-3814999.999999968
-3818499.9999999674
-3821999.999999967
-3825499.9999999665
-3828999.999999966
-3832499.9999999655
-3835999.9999999655
-3839499.999999965
-3842999.9999999646
-3846499.999999964
-3849999.9999999637
-3853499.999999963
-3856999.999999963
-3860499.9999999627
-3863999.9999999623
-3867499.999999962
-3870999.9999999614
-3874499.999999961
-3877999.999999961
-3881499.9999999604
-3884999.99999996
-3888499.9999999595
-3891999.999999959
-3895499.9999999586
-3898999.9999999586
-3902499.999999958
-3905999.9999999576
-3909499.999999957
-3912999.9999999567
-3916499.999999956
-3919999.999999956
-3923499.9999999558
-3926999.9999999553
-3930499.999999955
-3933999.9999999544
-3937499.9999999544
-3940999.999999954
-3944499.9999999534
-3947999.999999953
-3951499.9999999525
-3954999.999999952
-3958499.999999952
-3961999.9999999516
-3965499.999999951
-3968999.9999999506
-3972499.99999995
-3975999.9999999497
-3979499.9999999497
-3982999.9999999492
-3986499.999999949
-3989999.9999999483
-3993499.999999948
-3996999.9999999474
-4000499.9999999474
-4003999.999999947
-4007499.9999999464
-4010999.999999946
-4014499.9999999455
-4017999.999999945
-4021499.999999945
-4024999.9999999446
-4028499.999999944
-4031999.9999999437
-4035499.999999943
-4038999.999999943
-4042499.9999999427
-4045999.9999999423
-4049499.999999942
-4052999.9999999413
-4056499.999999941
-4059999.999999941
-4063499.9999999404
-4066999.99999994
-4070499.9999999395
-4073999.999999939
-4077499.9999999385
-4080999.9999999385
-4084499.999999938
-4087999.9999999376
-4091499.999999937
-4094999.9999999367
-4098499.999999936
-4101999.999999936
-4105499.9999999357
-4108999.9999999353
-4112499.999999935
-4115999.9999999343
-4119499.999999934
-4122999.999999934
-4126499.9999999334
-4129999.999999933
-4133499.9999999325
-4136999.999999932
-4140499.999999932
-4143999.9999999315
-4147499.999999931
-4150999.9999999306
-4154499.99999993
-4157999.9999999297
-4161499.9999999297
-4164999.999999929
-4168499.9999999288
-4171999.9999999283
-4175499.999999928
-4178999.9999999274
-4182499.9999999274
-4185999.999999927
-4189499.9999999264
-4192999.999999926
-4196499.9999999255
-4199999.9999999255
-4203499.999999925
-4206999.999999925
-4210499.999999924
-4213999.999999924
-4217499.999999924
-4220999.999999923
-4224499.999999923
-4227999.999999922
-4231499.999999922
-4234999.999999922
-4238499.999999921
-4241999.999999921
-4245499.99999992
-4248999.99999992
-4252499.99999992
-4255999.999999919
-4259499.999999919
-4262999.999999918
-4266499.999999918
-4269999.999999917
-4273499.999999917
-4276999.999999917
-4280499.999999916
-4283999.999999916
-4287499.999999915
-4290999.999999915
-4294499.999999915
-4297999.999999914
-4301499.999999914
-4304999.999999913
-4308499.999999913
-4311999.999999912
-4315499.999999912
-4318999.999999912
-4322499.9999999115
-4325999.9999999115
-4329499.999999911
-4332999.999999911
-4336499.999999911
-4339999.99999991
-4343499.99999991
-4346999.999999909
-4350499.999999909
-4353999.999999909
-4357499.999999908
-4360999.999999908
-4364499.999999907
-4367999.999999907
-4371499.999999906
-4374999.999999906
-4378499.999999906
-4381999.999999905
-4385499.999999905
-4388999.999999904
-4392499.999999904
-4395999.999999904
-4399499.999999903
-4402999.999999903
-4406499.999999902
-4409999.999999902
-4413499.999999901
-4416999.999999901
-4420499.999999901
-4423999.9999999
-4427499.9999999
-4430999.999999899
-4434499.999999899
-4437999.999999899
-4441499.9999998985
-4444999.9999998985
-4448499.999999898
-4451999.999999898
-4455499.999999898
-4458999.999999897
-4462499.999999897
-4465999.999999896
-4469499.999999896
-4472999.999999895
-4476499.999999895
-4479999.999999895
-4483499.999999894
-4486999.999999894
-4490499.999999893
-4493999.999999893
-4497499.999999893
-4500999.999999892
-4504499.999999892
-4507999.999999891
-4511499.999999891
-4514999.99999989
-4518499.99999989
-4521999.99999989
-4525499.999999889
-4528999.999999889
-4532499.999999888
-4535999.999999888
-4539499.999999888
-4542999.999999887
-4546499.999999887
-4549999.999999886
-4553499.999999886
-4556999.999999886
-4560499.999999885
-4563999.999999885
-4567499.9999998845
-4570999.9999998845
-4574499.999999884
-4577999.999999884
-4581499.999999884
-4584999.999999883
-4588499.999999883
-4591999.999999882
-4595499.999999882
-4598999.999999882
-4602499.999999881
-4605999.999999881
-4609499.99999988
-4612999.99999988
-4616499.999999879
-4619999.999999879
-4623499.999999879
-4626999.999999878
-4630499.999999878
-4633999.999999877
-4637499.999999877
-4640999.999999877
-4644499.999999876
-4647999.999999876
-4651499.999999875
-4654999.999999875
-4658499.999999875
-4661999.999999874
-4665499.999999874
-4668999.999999873
-4672499.999999873
-4675999.999999872
-4679499.999999872
-4682999.999999872
-4686499.9999998715
-4689999.9999998715
-4693499.999999871
-4696999.999999871
-4700499.999999871
-4703999.99999987
-4707499.99999987
-4710999.999999869
-4714499.999999869
-4717999.999999868
-4721499.999999868
-4724999.999999868
-4728499.999999867
-4731999.999999867
-4735499.999999866
-4738999.999999866
-4742499.999999866
-4745999.999999865
-4749499.999999865
-4752999.999999864
-4756499.999999864
-4759999.999999864
-4763499.999999863
-4766999.999999863
-4770499.999999862
-4773999.999999862
-4777499.999999861
-4780999.999999861
-4784499.999999861
-4787999.99999986
-4791499.99999986
-4794999.999999859
-4798499.999999859
-4801999.999999859
-4805499.999999858
-4808999.999999858
-4812499.9999998575
-4815999.9999998575
-4819499.999999857
-4822999.999999857
-4826499.999999857
-4829999.999999856
-4833499.999999856
-4836999.999999855
-4840499.999999855
-4843999.999999855
-4847499.999999854
-4850999.999999854
-4854499.999999853
-4857999.999999853
-4861499.999999852
-4864999.999999852
-4868499.999999852
-4871999.999999851
-4875499.999999851
-4878999.99999985
-4882499.99999985
-4885999.99999985
-4889499.999999849
-4892999.999999849
-4896499.999999848
-4899999.999999848
-4903499.999999848
-4906999.999999847
-4910499.999999847
-4913999.999999846
-4917499.999999846
-4920999.999999845
-4924499.999999845
-4927999.999999845
-4931499.9999998445
-4934999.9999998445
-4938499.999999844
-4941999.999999844
-4945499.999999844
-4948999.999999843
-4952499.999999843
-4955999.999999842
-4959499.999999842
-4962999.999999841
-4966499.999999841
-4969999.999999841
-4973499.99999984
-4976999.99999984
-4980499.999999839
-4983999.999999839
-4987499.999999839
-4990999.999999838
-4994499.999999838
-4997999.999999837
-5001499.999999837
-5004999.999999837
-5008499.999999836
-5011999.999999836
-5015499.999999835
-5018999.999999835
-5022499.999999834
-5025999.999999834
-5029499.999999834
-5032999.999999833
-5036499.999999833
-5039999.999999832
-5043499.999999832
-5046999.999999832
-5050499.999999831
-5053999.999999831
-5057499.9999998305
-5060999.9999998305
-5064499.99999983
-5067999.99999983
-5071499.99999983
-5074999.999999829
-5078499.999999829
-5081999.999999828
-5085499.999999828
-5088999.999999828
-5092499.999999827
-5095999.999999827
-5099499.999999826
-5102999.999999826
-5106499.999999826
-5109999.999999825
-5113499.999999825
-5116999.999999824
-5120499.999999824
-5123999.999999823
-5127499.999999823
-5130999.999999823
-5134499.999999822
-5137999.999999822
-5141499.999999821
-5144999.999999821
-5148499.999999821
-5151999.99999982
-5155499.99999982
-5158999.999999819
-5162499.999999819
-5165999.999999818
-5169499.999999818
-5172999.999999818
-5176499.999999817
-5179999.999999817
-5183499.9999998165
-5186999.9999998165
-5190499.9999998165
-5193999.999999816
-5197499.999999816
-5200999.999999815
-5204499.999999815
-5207999.999999815
-5211499.999999814
-5214999.999999814
-5218499.999999813
-5221999.999999813
-5225499.999999812
-5228999.999999812
-5232499.999999812
-5235999.999999811
-5239499.999999811
-5242999.99999981
-5246499.99999981
-5249999.99999981
-5253499.999999809
-5256999.999999809
-5260499.999999808
-5263999.999999808
-5267499.999999807
-5270999.999999807
-5274499.999999807
-5277999.999999806
-5281499.999999806
-5284999.999999805
-5288499.999999805
-5291999.999999805
-5295499.999999804
-5298999.999999804
-5302499.9999998035
-5305999.9999998035
-5309499.9999998035
-5312999.999999803
-5316499.999999803
-5319999.999999802
-5323499.999999802
-5326999.999999801
-5330499.999999801
-5333999.999999801
-5337499.9999998
-5340999.9999998
-5344499.999999799
-5347999.999999799
-5351499.999999799
-5354999.999999798
-5358499.999999798
-5361999.999999797
-5365499.999999797
-5368999.999999796
-5372499.999999796
-5375999.999999796
-5379499.999999795
-5382999.999999795
-5386499.999999794
-5389999.999999794
-5393499.999999794
-5396999.999999793
-5400499.999999793
-5403999.999999792
-5407499.999999792
-5410999.999999792
-5414499.999999791
-5417999.999999791
-5421499.99999979
-5424999.99999979
-5428499.9999997895
-5431999.9999997895
-5435499.9999997895
-5438999.999999789
-5442499.999999789
-5445999.999999788
-5449499.999999788
-5452999.999999788
-5456499.999999787
-5459999.999999787
-5463499.999999786
-5466999.999999786
-5470499.999999785
-5473999.999999785
-5477499.999999785
-5480999.999999784
-5484499.999999784
-5487999.999999783
-5491499.999999783
-5494999.999999783
-5498499.999999782
-5501999.999999782
-5505499.999999781
-5508999.999999781
-5512499.999999781
-5515999.99999978
-5519499.99999978
-5522999.999999779
-5526499.999999779
-5529999.999999778
-5533499.999999778
-5536999.999999778
-5540499.999999777
-5543999.999999777
-5547499.9999997765
-5550999.9999997765
-5554499.9999997765
-5557999.999999776
-5561499.999999776
-5564999.999999775
-5568499.999999775
-5571999.999999774
-5575499.999999774
-5578999.999999774
-5582499.999999773
-5585999.999999773
-5589499.999999772
-5592999.999999772
-5596499.999999772
-5599999.999999771
-5603499.999999771
-5606999.99999977
-5610499.99999977
-5613999.99999977
-5617499.999999769
-5620999.999999769
-5624499.999999768
-5627999.999999768
-5631499.999999767
-5634999.999999767
-5638499.999999767
-5641999.999999766
-5645499.999999766
-5648999.999999765
-5652499.999999765
-5655999.999999765
-5659499.999999764
-5662999.999999764
-5666499.999999763
-5669999.999999763
-5673499.9999997625
-5676999.9999997625
-5680499.9999997625
-5683999.999999762
-5687499.999999762
-5690999.999999761
-5694499.999999761
-5697999.999999761
-5701499.99999976
-5704999.99999976
-5708499.999999759
-5711999.999999759
-5715499.999999759
-5718999.999999758
-5722499.999999758
-5725999.999999757
-5729499.999999757
-5732999.999999756
-5736499.999999756
-5739999.999999756
-5743499.999999755
-5746999.999999755
-5750499.999999754
-5753999.999999754
-5757499.999999754
-5760999.999999753
-5764499.999999753
-5767999.999999752
-5771499.999999752
-5774999.999999751
-5778499.999999751
-5781999.999999751
-5785499.99999975
-5788999.99999975
-5792499.9999997495
-5795999.9999997495
-5799499.9999997495
-5802999.999999749
-5806499.999999749
-5809999.999999748
-5813499.999999748
-5816999.999999748
-5820499.999999747
-5823999.999999747
-5827499.999999746
-5830999.999999746
-5834499.999999745
-5837999.999999745
-5841499.999999745
-5844999.999999744
-5848499.999999744
-5851999.999999743
-5855499.999999743
-5858999.999999743
-5862499.999999742
-5865999.999999742
-5869499.999999741
-5872999.999999741
-5876499.99999974
-5879999.99999974
-5883499.99999974
-5886999.999999739
-5890499.999999739
-5893999.999999738
-5897499.999999738
-5900999.999999738
-5904499.999999737
-5907999.999999737
-5911499.999999736
-5914999.999999736
-5918499.999999736
-5921999.9999997355
-5925499.9999997355
-5928999.999999735
-5932499.999999735
-5935999.999999734
-5939499.999999734
-5942999.999999734
-5946499.999999733
-5949999.999999733
-5953499.999999732
-5956999.999999732
-5960499.999999732
-5963999.999999731
-5967499.999999731
-5970999.99999973
-5974499.99999973
-5977999.999999729
-5981499.999999729
-5984999.999999729
-5988499.999999728
-5991999.999999728
-5995499.999999727
-5998999.999999727
-6002499.999999727
-6005999.999999726
-6009499.999999726
-6012999.999999725
-6016499.999999725
-6019999.999999724
-6023499.999999724
-6026999.999999724
-6030499.999999723
-6033999.999999723
-6037499.9999997225
-6040999.9999997225
-6044499.9999997225
-6047999.999999722
-6051499.999999722
-6054999.999999721
-6058499.999999721
-6061999.999999721
-6065499.99999972
-6068999.99999972
-6072499.999999719
-6075999.999999719
-6079499.999999718
-6082999.999999718
-6086499.999999718
-6089999.999999717
-6093499.999999717
-6096999.999999716
-6100499.999999716
-6103999.999999716
-6107499.999999715
-6110999.999999715
-6114499.999999714
-6117999.999999714
-6121499.999999713
-6124999.999999713
-6128499.999999713
-6131999.999999712
-6135499.999999712
-6138999.999999711
-6142499.999999711
-6145999.999999711
-6149499.99999971
-6152999.99999971
-6156499.999999709
-6159999.999999709
-6163499.999999709
-6166999.9999997085
-6170499.9999997085
-6173999.999999708
-6177499.999999708
-6180999.999999707
-6184499.999999707
-6187999.999999707
-6191499.999999706
-6194999.999999706
-6198499.999999705
-6201999.999999705
-6205499.999999705
-6208999.999999704
-6212499.999999704
-6215999.999999703
-6219499.999999703
-6222999.999999702
-6226499.999999702
-6229999.999999702
-6233499.999999701
-6236999.999999701
-6240499.9999997
-6243999.9999997
-6247499.9999997
-6250999.999999699
-6254499.999999699
-6257999.999999698
-6261499.999999698
-6264999.999999698
-6268499.999999697
-6271999.999999697
-6275499.999999696
-6278999.999999696
-6282499.999999695
-6285999.999999695
-6289499.999999695
-6292999.9999996945
-6296499.9999996945
-6299999.999999694
-6303499.999999694
-6306999.999999694
-6310499.999999693
-6313999.999999693
-6317499.999999692
-6320999.999999692
-6324499.999999691
-6327999.999999691
-6331499.999999691
-6334999.99999969
-6338499.99999969
-6341999.999999689
-6345499.999999689
-6348999.999999689
-6352499.999999688
-6355999.999999688
-6359499.999999687
-6362999.999999687
-6366499.999999687
-6369999.999999686
-6373499.999999686
-6376999.999999685
-6380499.999999685
-6383999.999999684
-6387499.999999684
-6390999.999999684
-6394499.999999683
-6397999.999999683
-6401499.999999682
-6404999.999999682
-6408499.999999682
-6411999.9999996815
-6415499.9999996815
-6418999.999999681
-6422499.999999681
-6425999.99999968
-6429499.99999968
-6432999.99999968
-6436499.999999679
-6439999.999999679
-6443499.999999678
-6446999.999999678
-6450499.999999678
-6453999.999999677
-6457499.999999677
-6460999.999999676
-6464499.999999676
-6467999.999999676
-6471499.999999675
-6474999.999999675
-6478499.999999674
-6481999.999999674
-6485499.999999673
-6488999.999999673
-6492499.999999673
-6495999.999999672
-6499499.999999672
-6502999.999999671
-6506499.999999671
-6509999.999999671
-6513499.99999967
-6516999.99999967
-6520499.999999669
-6523999.999999669
-6527499.999999668
-6530999.999999668
-6534499.999999668
-6537999.9999996675
-6541499.9999996675
-6544999.999999667
-6548499.999999667
-6551999.999999667
-6555499.999999666
-6558999.999999666
-6562499.999999665
-6565999.999999665
-6569499.999999665
-6572999.999999664
-6576499.999999664
-6579999.999999663
-6583499.999999663
-6586999.999999662
-6590499.999999662
-6593999.999999662
-6597499.999999661
-6600999.999999661
-6604499.99999966
-6607999.99999966
-6611499.99999966
-6614999.999999659
-6618499.999999659
-6621999.999999658
-6625499.999999658
-6628999.999999657
-6632499.999999657
-6635999.999999657
-6639499.999999656
-6642999.999999656
-6646499.999999655
-6649999.999999655
-6653499.999999655
-6656999.9999996545
-6660499.9999996545
-6663999.999999654
-6667499.999999654
-6670999.999999654
-6674499.999999653
-6677999.999999653
-6681499.999999652
-6684999.999999652
-6688499.999999651
-6691999.999999651
-6695499.999999651
-6698999.99999965
-6702499.99999965
-6705999.999999649
-6709499.999999649
-6712999.999999649
-6716499.999999648
-6719999.999999648
-6723499.999999647
-6726999.999999647
-6730499.999999646
-6733999.999999646
-6737499.999999646
-6740999.999999645
-6744499.999999645
-6747999.999999644
-6751499.999999644
-6754999.999999644
-6758499.999999643
-6761999.999999643
-6765499.999999642
-6768999.999999642
-6772499.999999642
-6775999.999999641
-6779499.999999641
-6782999.9999996405
-6786499.9999996405
-6789999.99999964
-6793499.99999964
-6796999.99999964
-6800499.999999639
-6803999.999999639
-6807499.999999638
-6810999.999999638
-6814499.999999638
-6817999.999999637
-6821499.999999637
-6824999.999999636
-6828499.999999636
-6831999.999999635
-6835499.999999635
-6838999.999999635
-6842499.999999634
-6845999.999999634
-6849499.999999633
-6852999.999999633
-6856499.999999633
-6859999.999999632
-6863499.999999632
-6866999.999999631
-6870499.999999631
-6873999.999999631
-6877499.99999963
-6880999.99999963
-6884499.999999629
-6887999.999999629
-6891499.999999628
-6894999.999999628
-6898499.999999628
-6901999.9999996275
-6905499.9999996275
-6908999.999999627
-6912499.999999627
-6915999.999999627
-6919499.999999626
-6922999.999999626
-6926499.999999625
-6929999.999999625
-6933499.999999624
-6936999.999999624
-6940499.999999624
-6943999.999999623
-6947499.999999623
-6950999.999999622
-6954499.999999622
-6957999.999999622
-6961499.999999621
-6964999.999999621
-6968499.99999962
-6971999.99999962
-6975499.99999962
-6978999.999999619
-6982499.999999619
-6985999.999999618
-6989499.999999618
-6992999.999999617
-6996499.999999617
-6999999.999999617
-7003499.999999617
