-9.961585088974372e-06 -0.0022124692256090244
-8.103227682580164e-05 -0.007929293973464285
-0.000281392591166041 -0.016311466560968078
-0.0006322743244994954 -0.026432205724925932
-0.0010958454390193092 -0.03772045022785074
-0.0016594185772031424 -0.05004709935523751
-0.0024544714333488526 -0.06394147327939653
-0.0037405967607510187 -0.08020392938512147
-0.005751836392430767 -0.09907563341017314
-0.008563052184176778 -0.11980658272928399
-0.012041185779403281 -0.14103712919271663
-0.01588556981443421 -0.16150096819102958
-0.019771524353034448 -0.18046591848319252
-0.023539952515757554 -0.19780378615144745
-0.02726985531591841 -0.21378756690376358
-0.031132372301607262 -0.22871662759173936
-0.03515432852416262 -0.24256446429848974
-0.03910360536258299 -0.2548718392035101
-0.042557922247208016 -0.2649337195627956
-0.04508188605563957 -0.27212654051459456
-0.0464157750754753 -0.27616763260152005
-0.04657933932222698 -0.2771798874580197
-0.045817829530971625 -0.27556001483442566
-0.04442303797474678 -0.27174527358624184
-0.042565289810735284 -0.26600790044989264
-0.04024939781128262 -0.2583782843749648
-0.03739542317851957 -0.2487273620907224
-0.03396758395516287 -0.23695554015418624
-0.030068239502969937 -0.2231769825459372
-0.025943312254343518 -0.20779121818694105
-0.021896932822707733 -0.19140309381120668
-0.018174090986443306 -0.17464311686274647
-0.014890893004292126 -0.15799465248614103
-0.012046628220262904 -0.1417230593115217
-0.009587516303290812 -0.12593728700734524
-0.0074685751647203345 -0.11073579083945026
-0.005680343608032599 -0.09634064679311867
-0.004237515393716368 -0.08313587625729578
-0.0031476836411161915 -0.0715903249487557
-0.0023869083454211943 -0.06211765160464976
-0.0018996877078566456 -0.05495896048108371
-0.0016188627253660261 -0.05015191069484609
-0.001487280663516916 -0.04759416030881602
-0.0014696573829218451 -0.047154691650063064
-0.00155626773840776 -0.04876380159650835
-0.0017629360052001518 -0.052431712122403426
-0.0021269867938004906 -0.05819259844902361
-0.002697525086363614 -0.06601509493263971
-0.0035217851063034725 -0.07573607567488917
-0.004632193082909638 -0.08705580790077244
-0.006039702285107869 -0.09959388329549193
-0.007737305701329104 -0.11297052530664152
-0.009711380496949506 -0.12686676197994595
-0.011950881110737915 -0.14103438809611796
-0.014444172323801506 -0.1552595849846645
-0.017163149167840366 -0.16931077981589662
-0.020045518487587493 -0.18290652983585926
-0.022988740574079788 -0.19572289123446926
-0.02586191956092162 -0.20743439366957722
-0.028530778572423057 -0.21776405633761917
-0.03088274212555988 -0.22651557202593015
-0.03283912812188542 -0.23357397403143015
-0.0343501589193684 -0.238880041265177
-0.03538007947521411 -0.24239685459898755
-0.035895427353800975 -0.24408815662326974
-0.035865624739783795 -0.2439189489109974
-0.03527546942696743 -0.24187544400954417
-0.03414088123920925 -0.23799125300210164
-0.03251720978294434 -0.2323643490108921
-0.030494125215057864 -0.2251554291491251
-0.02817936269074099 -0.21656892850618323
-0.025679939846742147 -0.20682707050994725
-0.023089770301080535 -0.1961501503562216
-0.02048726215128863 -0.1847516139557844
-0.017939917839149475 -0.17284732908907505
-0.015509608921080423 -0.16067007248088894
-0.013253488169609876 -0.14847750712919036
-0.011219689160369334 -0.13654627570406305
-0.009440958963657696 -0.12515341479480974
-0.007930677494882039 -0.11455371614375004
-0.0066838871671388205 -0.10496353678605888
-0.005682752841358645 -0.09655717340930578
-0.004903714448895559 -0.08947435678267432
-0.004323574623258496 -0.08383140237336505
-0.00392317386535406 -0.07972747967819357
-0.0036887900211340467 -0.0772415224375402
-0.0036121436972735518 -0.07642161666189859
-0.0036898653297555858 -0.07727333406399982
-0.003922878728249832 -0.07975388387736425
-0.0043158021629500255 -0.08377532925726738
-0.004876311652401571 -0.08921495335083873
-0.005614298567392766 -0.09592728922672247
-0.006540460568016159 -0.10375225942056589
-0.007663889291779024 -0.11251701078993041
-0.008988570299530044 -0.12203322976032424
-0.01050944064288585 -0.13209440718791554
-0.012209256629007513 -0.14247726385253182
-0.014057479564113143 -0.15294880143684433
-0.016011596651742704 -0.16327707734044114
-0.018020202264666278 -0.17324184193902623
-0.02002647156389858 -0.18264160037892704
-0.02197084110327981 -0.1912959384830712
-0.023792646473003904 -0.1990445455488525
-0.025431475387780213 -0.20574576669375327
-0.02682934012166422 -0.2112771144994292
-0.027934220692645298 -0.2155384575752016
-0.028704491038322982 -0.21845672186048895
-0.029112936888860012 -0.21998994753673087
-0.029149033847544626 -0.22012886435166193
-0.028818885156759746 -0.2188954424334079
-0.028143235196417864 -0.216339330829043
-0.0271546395057459 -0.21253391325914286
-0.02589482565491749 -0.2075735179333378
-0.024412656691219302 -0.20157231305436493
-0.022762397719420027 -0.19466421200167833
-0.021001663211116406 -0.18700237711401854
-0.019188648629587732 -0.17875702720304756
-0.017378810242489152 -0.17011111074380159
-0.015621645470082154 -0.16125448357101996
-0.013958328211304724 -0.1523779074098391
-0.012420639381632277 -0.14366810639824573
-0.011031139004534804 -0.13530438363497382
-0.009804160063297596 -0.12745638477268895
-0.00874713347096612 -0.120282049806712
-0.007861930466479008 -0.11392490845314689
-0.007146152837327061 -0.10851052483489788
-0.006594444102250157 -0.10414264903851699
-0.006199879206678829 -0.10090002654757954
-0.005955374475017019 -0.09883464329419767
-0.005854946901284452 -0.09797158841658732
-0.005894613074211213 -0.09831007770273947
-0.006072761131163956 -0.09982486748571213
-0.006389922449818461 -0.10246744677434899
-0.006847978731691786 -0.10616688278475833
-0.007448941334807863 -0.11083069252065035
-0.008193513289606765 -0.11634632644869206
-0.009079668616106545 -0.12258367894670591
-0.010101445479254519 -0.12939861646841605
-0.011248062676799541 -0.1366371039062353
-0.012503375906560246 -0.14413934363920347
-0.0138456423964771 -0.15174348596399068
-0.01524758338527894 -0.15928880355002037
-0.016676797229832813 -0.16661853061730167
-0.018096619125265563 -0.1735826760626648
-0.019467492405745527 -0.18004099338000093
-0.020748807118345 -0.18586603504267912
-0.02190102653801843 -0.1909460029899671
-0.022887836259605044 -0.1951870551052702
-0.02367806040762718 -0.1985148566165636
-0.0242471840010444 -0.20087538796550544
-0.024578439447459844 -0.20223520801316644
-0.024663491226667986 -0.2025814291216473
-0.024502755606273855 -0.2019215753942375
-0.024105344305765976 -0.200283331701492
-0.02348857756131492 -0.19771404760244882
-0.022677020599692975 -0.19427981348648918
-0.021701066578996293 -0.1900639929047535
-0.020595184901106345 -0.1851652292318094
-0.019396025133135594 -0.17969506853921974
-0.01814057836422026 -0.17377538894057015
-0.016864550689241656 -0.16753578245343304
-0.015601029889234128 -0.16111093517040803
-0.014379465745886798 -0.1546379611239027
-0.013224958639023994 -0.14825362003858605
-0.012157854758353974 -0.14209140231730477
-0.011193656102571939 -0.13627856156148427
-0.010343247117677867 -0.1309332564565595
-0.009613410708525484 -0.12616198237595905
-0.009007565360667272 -0.12205741989382383
-0.008526621090253988 -0.1186967352009117
-0.00816983916631361 -0.11614028805782636
-0.007935591781996628 -0.11443067582479736
-0.007821945757332584 -0.1135920726104036
-0.007827027890589451 -0.1136298821452232
-0.007949159958240703 -0.11453076915933387
-0.008186774546296358 -0.1162631365620422
-0.008538138837684995 -0.1187780729095233
-0.009000924284806163 -0.12201073151980599
-0.009571668504299283 -0.12588205364485314
-0.010245184042406465 -0.13030073629552222
-0.011013977566019057 -0.13516536989515351
-0.011867750562590136 -0.14036671036921075
-0.012793054294371898 -0.14579007702080685
-0.013773162703674622 -0.15131786490586613
-0.014788205342224093 -0.15683213136111193
-0.01581557157813115 -0.16221717982881798
-0.016830565130133524 -0.16736204254066378
-0.01780726280887041 -0.17216276946952272
-0.018719517740447583 -0.1765244607166451
-0.019542043840669744 -0.18036301734061522
-0.02025151920038008 -0.18360661360863753
-0.020827645832118536 -0.18619690176842607
-0.021254100599989133 -0.18808995094997785
-0.021519310785682363 -0.1892569061389626
-0.021616993490922234 -0.18968434426143066
-0.021546414610908494 -0.18937430934700414
-0.02131234902148637 -0.18834402554084229
-0.020924752842701764 -0.1866253066802653
-0.020398183775033947 -0.18426369443471452
-0.019751021710477847 -0.18131735842605365
-0.019004548801275025 -0.1778557832771637
-0.01818194922474101 -0.17395825670805298
-0.017307287991517248 -0.16971216809176967
-0.016404527183171112 -0.16521113289643866
-0.015496635869944094 -0.16055297349366032
-0.014604843897443492 -0.15583760417210843
-0.01374807771414044 -0.1511648800311206
-0.012942598868875728 -0.14663247113945574
-0.012201845669742762 -0.1423338157611876
-0.01153645973280287 -0.13835619482754521
-0.010954464906211787 -0.13477896042226042
-0.010461557547640447 -0.1316719474304225
-0.010061463771555243 -0.12909409883143302
-0.009756319659501456 -0.1270923371428063
-0.009547033362805267 -0.12570071253500986
-0.00943359307199615 -0.12493984993629309
-0.009415292086115455 -0.12481670454672855
-0.009490851821698999 -0.12532462171193595
-0.00965843524605946 -0.1264436872448563
-0.0099155559755153 -0.1281413498619486
-0.010258900731329434 -0.13037329708671672
-0.01068409340300978 -0.13308456635930488
-0.011185436231987016 -0.13621087088494882
-0.011755666726606377 -0.13968011371511946
-0.01238576771347195 -0.14341405506861735
-0.013064863005574417 -0.14733008999722969
-0.013780223574032585 -0.15134308903960833
-0.014517399950605392 -0.15536725464041706
-0.015260486665839047 -0.15931794988544276
-0.015992514258211098 -0.16311346127952536
-0.016695954023548277 -0.1666766617759061
-0.01735331066483322 -0.16993654322743432
-0.017947769235889664 -0.1728295895415011
-0.0184638564557066 -0.17530096455315472
-0.0188880737126066 -0.17730549317158625
-0.019209460409944323 -0.17880842081012976
-0.019420051438502835 -0.1797859434302766
-0.019515200530210452 -0.18022550712793112
-0.019493750840976282 -0.1801258808252298
-0.01935804431054515 -0.17949700804870805
-0.019113771534886727 -0.1783596447650945
-0.018769673726466193 -0.17674479115187902
-0.018337117488336708 -0.1746929271623906
-0.01782957101458345 -0.17225306522220282
-0.017262016154293118 -0.1694816379224383
-0.016650333764233863 -0.166441243192037
-0.016010699497893913 -0.16319927321317623
-0.015359023749492554 -0.1598264558681924
-0.014710463510079349 -0.15639533895913374
-0.014079026290624273 -0.15297874836203443
-0.013477277909870179 -0.1496482521216569
-0.012916157536366477 -0.14647266328701686
-0.01240489542168654 -0.14351661459141557
-0.011951021672949336 -0.14083923724489675
-0.011560448596611754 -0.13849297367671629
-0.011237605032720544 -0.13652255006678723
-0.01098559906590929 -0.13496412945835048
-0.010806385749627166 -0.13384466090522606
-0.01070091895389686 -0.13318143510106945
-0.010669270809061132 -0.13298185249812883
-0.01071070792117497 -0.13324340586969752
-0.010823719925504056 -0.1339538752192833
-0.011006002369185018 -0.13509172859438037
-0.011254401794718441 -0.13662671772014048
-0.011564835769063836 -0.13852065272698955
-0.011932204125901581 -0.14072833604074433
-0.012350309628576943 -0.14319863207890154
-0.012811806485208892 -0.14587564686204949
-0.013308193623728495 -0.1486999898883359
-0.013829866451620085 -0.15161008942879964
-0.01436623621675712 -0.15454353166328635
-0.014905920442476225 -0.1574383938486459
-0.01543700175547501 -0.1602345421918172
-0.015947346351523495 -0.16287486649516397
-0.016424967923230536 -0.16530642601384937
-0.016858418575120847 -0.16748148416535008
-0.017237185392967928 -0.16935841343560634
-0.01755207008365646 -0.1709024556601523
-0.017795529502067996 -0.17208632653206618
-0.01796195688224298 -0.17289065657518343
-0.018047887057192062 -0.17330426394826523
-0.01805211365501992 -0.1733242574184664
-0.017975711856862402 -0.1729559707502281
-0.017821966347820833 -0.17221273261724254
-0.017596210075305645 -0.17111547891095652
-0.017305584844942126 -0.1696922169197112
-0.016958739204762333 -0.167977353253481
-0.016565482193114295 -0.1660108996148218
-0.016136413195599383 -0.1638375726289364
-0.015682548340005042 -0.16150580598982814
-0.015214962626617068 -0.15906669513052105
-0.01474446449848058 -0.15657289636859967
-0.014281316031327575 -0.1540775038356742
-0.013835007667141979 -0.15163292828890143
-0.013414091790655292 -0.14928980200143105
-0.01302607484997468 -0.14709593330754112
-0.012677363538547785 -0.14509533309548497
-0.01237325712000268 -0.14332733370297285
-0.012117975534994706 -0.14182581838425196
-0.011914711617038587 -0.14061857686351023
-0.011765695590684197 -0.13972679951875397
-0.011672260961314402 -0.13916471950037676
-0.011634902781498802 -0.13893940864716517
-0.011653321880389983 -0.13905072951845773
-0.01172645170838314 -0.13949144233271502
-0.011852467686880629 -0.14024746220086717
-0.012028782060094204 -0.14129825884748148
-0.01225202993394476 -0.14261738806610652
-0.012518054207767658 -0.14417314147479074
-0.012821898273331923 -0.1459292987422466
-0.013157815570698832 -0.14784596438522465
-0.013519304341043523 -0.14988046956162182
-0.013899174281283268 -0.15198831808348454
-0.014289649439772404 -0.15412415521959155
-0.014682508810100565 -0.15624273778412487
-0.015069262931276063 -0.15829988450624408
-0.015441361652852799 -0.1602533866955587
-0.0157904253348473 -0.16206386068698045
-0.01610848936537559 -0.1636955253845643
-0.016388250196040996 -0.16511689034996457
-0.016623300262839088 -0.16630134222348542
-0.01680833925499058 -0.16722761975137612
-0.016939350212638316 -0.1678801702472287
-0.01701373079424065 -0.16824938286498017
-0.017030372603263035 -0.16833169654362684
-0.01698968449615717 -0.1681295828573862
-0.016893559072777415 -0.16765140625336172
-0.016745284829108788 -0.1669111662875824
-0.016549409491845236 -0.1659281284961609
-0.01631156264116114 -0.16472635247375966
-0.01603824768715025 -0.1633341275728936
-0.015736614473490437 -0.16178332835987005
-0.015414224176869355 -0.16010870352307766
-0.015078817757226965 -0.15834711327367015
-0.014738098062340683 -0.15653673135382914
-0.014399533928826879 -0.1547162285266744
-0.01407019242204811 -0.15292395482712529
-0.013756602917503061 -0.15119713787725797
-0.013464654251402846 -0.1495711141958092
-0.013199523854194808 -0.14807860965415232
-0.01296563579968487 -0.14674908406005624
-0.012766643190349512 -0.14560815331350396
-0.012605429348078697 -0.14467710072169948
-0.012484121930269616 -0.14397248694372092
-0.01240411433271402 -0.14350586572754287
-0.012366089511517521 -0.14328361017200503
-0.012370042550966055 -0.1433068517568121
-0.012415299784210342 -0.1435715318901882
-0.012500533880547152 -0.144068563275567
-0.012623775883693976 -0.14478409604205517
-0.012782426566148917 -0.14569988136485096
-0.012973270524314713 -0.14679372326874132
-0.013192497079012473 -0.1480400075069669
-0.01343573220748776 -0.1494102948821301
-0.013698085400563966 -0.1508739651616822
-0.013974214540458588 -0.15239889686539357
-0.01425841069987011 -0.1539521676841235
-0.014544703274738904 -0.15550076013646993
-0.014826984210610104 -0.15701225728062093
-0.015099148409097528 -0.15845551385997342
-0.015355245851592666 -0.15980128914779762
-0.01558963968615753 -0.16102282893132747
-0.015797163602185287 -0.16209638549179467
-0.015973271346206727 -0.1630016660402025
-0.016114171254127053 -0.16372220180361988
-0.016216939193267797 -0.16424563177148463
-0.016279604285717206 -0.16456389696104454
-0.016301203150926206 -0.1646733429097153
-0.01628180005909195 -0.16457472992237746
-0.016222472205508223 -0.1642731523727241
-0.01612526116663397 -0.16377787006321132
-0.015993093348060386 -0.1631020562733648
-0.015829673760715427 -0.16226246865660035
-0.015639358663141693 -0.16127905056536945
-0.015427013411540938 -0.16017447167499502
-0.01519786222580858 -0.15897361791666156
-0.014957336504403338 -0.15770304169534569
-0.014710927832973453 -0.1563903841326292
-0.014464050990717967 -0.15506378161081322
-0.014221921148246197 -0.15375126917965662
-0.013989448171591931 -0.152480193402214
-0.013771149607412417 -0.15127664695184526
-0.013571082631554432 -0.1501649367287924
-0.013392794094582093 -0.1491670964524926
-0.013239286873530534 -0.14830245362536712
-0.01311300009567328 -0.14758725948350923
-0.013015800466993813 -0.14703438908382443
-0.012948981916581717 -0.14665311706425088
-0.012913271032554236 -0.1464489728947721
-0.01290883626596193 -0.14642367765435976
-0.012935299548720774 -0.14657516256519793
-0.012991749730289518 -0.14689766773209584
-0.013076758001289894 -0.14738191781168292
-0.01318839615899601 -0.1480153697101721
-0.01332425910774327 -0.14878252591471977
-0.013481493320678658 -0.14966530573316497
-0.013656833081995681 -0.1506434655783019
-0.013846646167940204 -0.15169505851008033
-0.014046990221165003 -0.15279692256183308
-0.01425368045945024 -0.15392518693866436
-0.014462368588400115 -0.1550557849945317
-0.014668631924687404 -0.15616496296869867
-0.014868070856280488 -0.15722977378355008
-0.015056411945277227 -0.1582285457581039
-0.015229613289364242 -0.15914131685223157
-0.015383968260908817 -0.1599502259978663
-0.015516203484191502 -0.16063985416429957
-0.015623566918099243 -0.1611975090124824
-0.015703902189371084 -0.16161344828565483
-0.015755705854480998 -0.1618810384297344
-0.01577816502086056 -0.1619968463083712
-0.01577117367813477 -0.16196066324922134
-0.015735327112911656 -0.16177546200783388
-0.01567189483518085 -0.16144728854447235
-0.01558277345829491 -0.1609850917601807
-0.015470421880300546 -0.16040049551557395
-0.01533778185439439 -0.1597075183435377
-0.015188187566921802 -0.15892224724919485
-0.01502526813607537 -0.15806247285046687
-0.014852846995286483 -0.15714729383332987
-0.014674841942740718 -0.1561966992608735
-0.014495169249946267 -0.15523113766941118
-0.014317654669379174 -0.15427108209569396
-0.01414595351560106 -0.15333660019802683
-0.01398348127311099 -0.15244693845672327
-0.013833355465440319 -0.15162012906712505
-0.013698348857470241 -0.15087262757823652
-0.01358085350227221 -0.15021898859430963
-0.013482854719037126 -0.14967158596305777
-0.013405913820196442 -0.14924038284461405
-0.013351158299202472 -0.14893275591544727
-0.013319278236655293 -0.14875337673926547
-0.013310527859500194 -0.148704152061994
-0.013324731463257694 -0.1487842234902625
-0.013361293240799217 -0.14899002572229186
-0.013419210909690059 -0.14931540124560047
-0.013497093350733897 -0.1497517682251703
-0.013593182724526047 -0.1502883372044606
-0.013705381689625241 -0.15091237125352217
-0.013831286384634942 -0.1516094833443348
-0.013968225748092204 -0.15236396403100405
-0.014113307538012177 -0.15315913197549752
-0.014263471092522698 -0.15397769949783444
-0.014415546469916857 -0.15480214514812737
-0.01456631915435984 -0.15561508529686716
-0.014712599051153918 -0.15639963691478811
-0.014851292063311206 -0.15713976405539826
-0.014979472177833745 -0.15782060104851842
-0.015094451729130254 -0.15842874604518803
-0.015193847374146023 -0.15895251930368265
-0.01527563932485445 -0.15938218145209063
-0.015338221543399812 -0.15971010788310752
-0.01538044090658304 -0.15993091640973262
-0.015401623771923775 -0.1600415463154498
-0.015401588900302311 -0.1600412879495128
-0.015380646276216546 -0.15993176302877482
-0.015339581977722476 -0.15971685679512052
-0.015279629844655855 -0.1594026041261905
-0.015202431238086858 -0.15899703259191975
-0.015109984643153853 -0.15850996627637343
-0.015004587215560883 -0.15795279493000877
-0.014888770592057426 -0.15733821366897224
-0.01476523336993962 -0.1566799389832869
-0.014636772612822752 -0.15599240724379224
-0.014506216571816728 -0.15529046219898723
-0.014376360542977518 -0.15458903812004623
-0.014249907439760661 -0.15390284528032896
-0.014129414273121027 -0.1532460643428178
-0.014017245332984115 -0.15263205597658205
-0.013915532482759315 -0.15207309163661473
-0.0138261426393634 -0.15158011092875867
-0.013750652235239327 -0.15116251035478812
-0.013690328259471158 -0.1508279675068319
-0.013646115357986079 -0.15058230397246422
-0.013618628435927442 -0.15042938934109107
-0.013608150239366465 -0.1503710877891783
-0.013614633483434373 -0.15040724778758036
-0.013637707220236325 -0.15053573454008953
-0.013676687280742016 -0.15075250384935182
-0.01373059075814971 -0.15105171523468916
-0.013798154605674715 -0.1514258813150998
-0.013877858482583497 -0.15186604973709963
-0.013967951986882592 -0.15236201328643348
-0.014066486355689576 -0.152902543287987
-0.014171350595717903 -0.1534756409797551
-0.014280311833558705 -0.15406880125183564
-0.014391059461214153 -0.15466928297435445
-0.014501252413767913 -0.155264380100002
-0.014608568673235045 -0.15584168781527225
-0.014710755866762052 -0.15638935822427544
-0.014805681639038927 -0.1568963403720686
-0.014891382346215478 -0.15735259984031555
-0.014966108556015868 -0.1577493136642917
-0.015028365855213908 -0.1580790369128844
-0.015076949564378142 -0.15833583792747433
-0.015110972137883939 -0.15851539991613794
-0.015129882275785048 -0.15861508733118423
-0.015133475079220013 -0.15863397620562364
-0.015121892924526151 -0.1585728483732886
-0.01509561709243829 -0.1584341502341714
-0.015055450545935892 -0.1582219174380348
-0.015002492582382374 -0.15794166753314523
-0.01493810637367762 -0.15760026325148777
-0.014863880636872231 -0.1572057496662336
-0.014781586836295655 -0.15676716895156112
-0.014693133401166932 -0.15629435689016186
-0.014600518449743024 -0.15579772560201782
-0.014505782447359719 -0.15528803720280707
-0.014410962100837843 -0.15477617323670007
-0.014318046618870692 -0.1542729047633486
-0.014228937262767357 -0.15378866791162776
-0.014145410890943505 -0.15333334954451666
-0.014069087980145696 -0.152916087414064
-0.014001405401293463 -0.15254508882866585
-0.013943594050076134 -0.15222747141506537
-0.013896661290615007 -0.15196912904475696
-0.01386137806919634 -0.1517746254207427
-0.01383827049480845 -0.15164711719915377
-0.01382761566062824 -0.15158830786543526
-0.013829441489034942 -0.1515984329115696
-0.013843530413011732 -0.15167627618440443
-0.013869426748240751 -0.1518192166106513
-0.013906447651689621 -0.152023303866165
-0.013953697593561144 -0.15228336095950895
-0.014010086281307075 -0.15259311115525426
-0.014074349960618397 -0.15294532618224488
-0.014145075975549906 -0.15333199226582006
-0.01422073039818157 -0.1537444901984877
-0.014299688440729251 -0.1541737854265116
-0.014380267246062861 -0.15461062398387718
-0.014460760524871583 -0.15504573005148267
-0.01453947437959953 -0.15547000095731517
-0.014614763537885668 -0.15587469555984126
-0.014685067122486496 -0.15625161216693953
-0.014748943020293307 -0.1565932524297417
-0.014805099887834447 -0.15689296800656882
-0.014852425849668543 -0.15714508720739584
-0.014890013011305573 -0.15734501929372038
-0.014917177018419261 -0.15748933461154185
-0.014933471044598797 -0.15757581926526823
-0.014938693773308436 -0.1576035035865942
-0.01493289114634387 -0.1575726642037157
-0.014916351869573491 -0.15748480006194032
-0.01488959688507829 -0.15734258327652045
-0.014853363225057821 -0.1571497862026025
-0.014808582846167234 -0.1569111865763617
-0.014756357194173972 -0.15663245300718867
-0.014697928361224072 -0.15632001347548063
-0.01463464776760147 -0.1559809098073175
-0.014567943325601783 -0.15562264135022483
-0.014499286026851674 -0.15525300125861674
-0.014430156840503708 -0.1548799089099262
-0.014362014724769757 -0.15451124201081295
-0.0142962664462769 -0.1541546719166364
-0.014234238779601326 -0.1538175055776237
-0.014177153531997841 -0.15350653734448474
-0.014126105714118297 -0.15322791361884255
-0.014082045063495316 -0.15298701302549464
-0.014045761029148014 -0.15278834442131461
-0.01401787124622348 -0.15263546464787306
-0.013998813470367728 -0.15253091749094166
-0.013988840901703747 -0.15247619484004601
-0.013988020805236541 -0.15247172055576566
-0.013996236324125735 -0.15251685706240795
-0.014013191379544005 -0.15260993419984462
-0.0140384185503704 -0.15274829940127035
-0.014071289822537015 -0.15292838782345955
-0.014111030086958486 -0.15314581065205762
-0.014156733243296657 -0.15339545944487817
-0.014207380732514381 -0.15367162406827134
-0.014261862274099913 -0.15396812153127454
-0.014318998525548087 -0.1542784328339213
-0.0143775653152991 -0.15459584482273445
-0.014436319030293264 -0.15491359398949092
-0.014494022670954697 -0.15522500915870008
-0.014549472025570822 -0.15552365008327385
-0.014601521368430605 -0.15580343910356995
-0.014649108056902461 -0.15605878321806538
-0.014691275396035963 -0.1562846841589495
-0.014727193158022957 -0.15647683435656118
-0.014756175189071971 -0.15663169700572854
-0.014777693607270303 -0.15674656880704466
-0.01479138918941273 -0.15681962433891145
-0.014797077658542369 -0.156849941413596
-0.014794751711735046 -0.15683750717433814
-0.0147845787631855 -0.15678320509260107
-0.014766894514149274 -0.15668878341698766
-0.014742192591975744 -0.15655680600060995
-0.01471111061900844 -0.15639058678470574
-0.014674413173082358 -0.15619410953647841
-0.01463297218049735 -0.155971934722555
-0.014587745336944536 -0.15572909564088314
-0.014539753180756664 -0.15547098612889454
-0.014490055446489713 -0.1552032423108073
-0.01443972730714428 -0.1549316209394555
-0.014389836073475338 -0.15466187692649336
-0.014341418862936151 -0.1543996426387935
-0.014295461683551284 -0.15415031146905192
-0.014252880304301614 -0.15391892806686575
-0.014214503208126006 -0.15371008744583117
-0.014181056850564129 -0.1535278449665405
-0.014153153379739441 -0.15337563893974707
-0.014131280914165984 -0.15325622730428404
-0.01411579642501918 -0.15317163951716567
-0.014106921229209358 -0.15312314445582983
-0.014104739068014417 -0.15311123478226063
-0.014109196721534175 -0.15313562786352528
-0.014120107089622799 -0.15319528299087062
-0.014137154652755888 -0.1532884342975895
-0.014159903209024443 -0.15341263845169154
-0.014187805763944145 -0.15356483589980066
-0.014220216426386236 -0.1537414241698064
-0.01425640413576427 -0.15393834150698252
-0.01429556801256851 -0.1541511589260225
-0.014336854087215507 -0.15437517861320343
-0.014379373122573452 -0.15460553651110903
-0.014422219205716827 -0.1548373068643595
-0.014464488747228898 -0.1550656064988654
-0.014505299494729096 -0.155285696648429
-0.014543809144259331 -0.1554930802292355
-0.014579233121440016 -0.15568359259213088
-0.014610861106093284 -0.155853483950969
-0.014638071890780107 -0.15599949188837772
-0.014660346195979583 -0.15611890257309968
-0.014677277112058686 -0.15620959958017797
-0.014688577899379742 -0.15627009948091367
-0.014694086950623762 -0.1562995736577362
-0.014693769800668567 -0.1562978560938136
-0.014687718155600498 -0.15626543718233224
-0.014676145999790783 -0.15620344388995436
-0.014659382924508182 -0.1561136068873051
-0.014637864899546441 -0.15599821552104226
-0.014612122777535111 -0.15586006174211733
-0.014582768876331142 -0.15570237431870587
-0.014550482026297287 -0.15552874484597753
-0.014515991495378723 -0.15534304721501782
-0.014480060215593928 -0.15514935231709767
-0.014443467730611918 -0.15495183983514682
-0.014406993266984655 -0.15475470901052396
-0.014371399303415905 -0.1545620902696043
-0.014337415975647264 -0.1543779595517561
-0.014305726611792984 -0.1542060570992123
-0.014276954646906441 -0.15404981235222087
-0.014251652118652394 -0.15391227644249972
-0.014230289900273169 -0.1537960635979583
-0.014213249784164403 -0.15370330256602385
-0.014200818490363202 -0.15363559893640624
-0.014193183639577448 -0.1535940090018507
-0.014190431699994082 -0.15357902554276032
-0.014192547890495871 -0.15359057566409362
-0.014199417999252818 -0.15362803055627453
-0.01421083205490801 -0.15369022680152314
-0.014226489766678506 -0.15377549860834613
-0.014246007628676291 -0.15388172013490142
-0.014268927561895644 -0.15400635686111888
-0.014294726944223542 -0.15414652479382335
-0.014322829854526205 -0.15429905614205044
-0.01435261933179083 -0.1544605699839642
-0.014383450425309747 -0.15462754636423337
-0.01441466378818118 -0.15479640221259094
-0.014445599545415157 -0.15496356746100198
-0.014475611151249063 -0.1551255597580431
-0.014504078939459437 -0.15527905623366406
-0.01453042306691587 -0.15542096085367302
-0.01455411555548672 -0.1555484660186453
-0.014574691151405306 -0.15565910720352955
-0.014591756744588 -0.15575080959855916
-0.014604999122888018 -0.1558219258953323
-0.014614190877060078 -0.1558712645599624
-0.014619194319994464 -0.15589810814367933
-0.01461996333682102 -0.15590222139572402
-0.014616543138726497 -0.1558838491593446
-0.014609067950517926 -0.15584370424474936
-0.014597756717789432 -0.15578294567871181
-0.014582906971787095 -0.15570314792509315
-0.01456488703670871 -0.15560626185004706
-0.014544126803553832 -0.15549456836666786
-0.014521107325506202 -0.1553706258332885
-0.014496349511420972 -0.15523721239495308
-0.01447040220603791 -0.15509726454670114
-0.014443829948268545 -0.15495381325867355
-0.014417200692973132 -0.15480991903571986
-0.014391073768073706 -0.15466860728779172
-0.014365988318932653 -0.15453280536217598
-0.014342452467110632 -0.1544052825353915
-0.01432093338239724 -0.1542885941827627
-0.014301848436817961 -0.1541850312392585
-0.014285557578444992 -0.15409657593863058
-0.014272357032339169 -0.15402486467213014
-0.014262474406618422 -0.1539711586464578
-0.014256065253991545 -0.1539363228467363
-0.014253211113339579 -0.1539208136280606
-0.014253919032055098 -0.15392467507257798
-0.014258122547651646 -0.15394754406213632
-0.014265684086297692 -0.15398866383332493
-0.014276398716032668 -0.15404690560609646
-0.014289999173133136 -0.15412079771275547
-0.014306162061157248 -0.1542085615042962
-0.01432451510350138 -0.15430815317885083
-0.01434464531193462 -0.15441731056492972
-0.014366107915821285 -0.15453360380227643
-0.014388435880079944 -0.1546544887970695
-0.014411149825008893 -0.15477736228690145
-0.014433768148700657 -0.1548996173349038
-0.014455817143697945 -0.15501869808147076
-0.014476840894621498 -0.15513215261563224
-0.014496410743448845 -0.1552376828850934
-0.014514134114504565 -0.15533319064268314
-0.01452966250238286 -0.15541681852539296
-0.01454269844303837 -0.15548698547793993
-0.01455300131093828 -0.15554241586313095
-0.014560391812955556 -0.15558216174328401
-0.014564755081809799 -0.15560561796743505
-0.014566042307289669 -0.15561252985477844
-0.014564270880995319 -0.15560299342246567
-0.014559523068575695 -0.15557744826224557
-0.014551943261012081 -0.1555366633222841
-0.014541733892060984 -0.15548171599480776
-0.014529150141273341 -0.15541396504411986
-0.01451449356998438 -0.15533501803044572
-0.01449810486048269 -0.15524669399066188
-0.014480355845652399 -0.1551509822252864
-0.014461641027450466 -0.1550499981105516
-0.014442368787634781 -0.15494593690374472
-0.01442295249345728 -0.15484102653850995
-0.014403801695066517 -0.1547374804141099
-0.014385313600793094 -0.15463745116884736
-0.014367865002099413 -0.15454298639348293
-0.014351804802610496 -0.15445598718651302
-0.014337447286148036 -0.1543781703809639
-0.01432506623785977 -0.15431103518364866
-0.01431489001107108 -0.15425583486469904
-0.01430709761096088 -0.15421355401998801
-0.014301815845012163 -0.15418489180439138
-0.014299117569703942 -0.15417025140247514
-0.014299021043255897 -0.1541697358680172
-0.014301490375465253 -0.15418315032771074
-0.014306437047764837 -0.15421001041036567
-0.014313722459522851 -0.15424955663375145
-0.014323161440234043 -0.15430077435959746
-0.014334526651592521 -0.15436241881566862
-0.01434755378851703 -0.15443304458449306
-0.014361947474138588 -0.1545110388731654
-0.01437738773075995 -0.15459465780927417
-0.0143935368971511 -0.1546820649556314
-0.014410046852624054 -0.15477137120195203
-0.014426566400551772 -0.1548606751753841
-0.014442748658798459 -0.15494810331386333
-0.014458258302333514 -0.1550318487663145
-0.014472778504472504 -0.15511020832101516
-0.014486017427995846 -0.1551816166169028
-0.01449771412598537 -0.1552446769608493
-0.014507643724583383 -0.15529818815526542
-0.01451562177584729 -0.15534116683292126
-0.014521507688106353 -0.1553728648974558
-0.014525207163223417 -0.15539278177644575
-0.014526673594285113 -0.1554006713067481
-0.014525908402735281 -0.15539654318671747
-0.014522960320003782 -0.1553806590444198
-0.014517923644409928 -0.15535352328275817
-0.014510935528692483 -0.1553158689692297
-0.014502172376150594 -0.1552686391377106
-0.014491845443379442 -0.155212963960265
-0.01448019576438931 -0.15515013432674715
-0.014467488524091446 -0.15508157243741408
-0.014454007018472128 -0.15500880006765225
-0.014440046344174026 -0.1549334052033117
-0.014425906961739248 -0.1548570077693977
-0.014411888274657067 -0.15478122518368456
-0.014398282360938326 -0.1547076384601975
-0.014385367985630362 -0.15463775956578882
-0.014373405011967625 -0.15457300069685817
-0.014362629316223735 -0.15451464609357532
-0.014353248297285398 -0.1544638269469705
-0.014345437056963147 -0.15442149988142878
-0.014339335311498417 -0.15438842941313555
-0.014335045078960463 -0.1543651746957224
-0.014332629171522433 -0.1543520807697461
-0.014332110506169187 -0.15434927443477195
-0.014333472232365608 -0.15435666476384877
-0.014336658660704998 -0.15437394818217162
-0.01434157696263454 -0.15440061793679766
-0.01434809959808351 -0.15443597769438325
-0.014356067415268072 -0.15447915892088196
-0.014365293355204131 -0.15452914162264336
-0.014375566682651638 -0.15458477796383874
-0.01438665765549347 -0.15464481822182163
-0.014398322536116634 -0.1547079385008706
-0.014410308841432773 -0.1547727695964356
-0.014422360722986569 -0.1548379263869149
-0.014434224365394746 -0.1549020371282335
-0.01444565329035344 -0.15496377203789663
-0.01445641345482737 -0.1550218705793024
-0.014466288035916578 -0.1550751668932
-0.014475081801329413 -0.1551226128703227
-0.014482624973333703 -0.15516329841624066
-0.014488776505377587 -0.15519646852501678
-0.014493426704027835 -0.15522153685080042
-0.014496499144143027 -0.15523809554444165
-0.014497951841870957 -0.15524592120383746
-0.014497777667656716 -0.15524497687028235
-0.014496003999453133 -0.1552354100868234
-0.014492691634193536 -0.15521754711677163
-0.014487932992785071 -0.15519188349942042
-0.01448184966989949 -0.15515907119407682
-0.014474589394221995 -0.1551199026312604
-0.01446632247718485 -0.15507529205004592
-0.01445723783826516 -0.15502625455188285
-0.014447538702462872 -0.15497388334286938
-0.014437438070496177 -0.1549193256676539
-0.014427154064551853 -0.1548637579583773
-0.014416905252195317 -0.1548083607310748
-0.014406906048440702 -0.15475429375968708
-0.01439736229123161 -0.15470267204448532
-0.014388467078958267 -0.1546545430677112
-0.014380396950435 -0.15461086579522337
-0.014373308478287968 -0.15457249183976302
-0.014367335336261017 -0.15454014915013883
-0.014362585889817519 -0.15451442853237188
-0.014359141347856836 -0.15449577324495653
-0.014357054501598762 -0.15448447184230937
-0.0143563490649099 -0.15448065436969025
-0.014357019618713138 -0.1544842919409217
-0.014359032150769883 -0.1544951996586466
-0.01436232517117179 -0.1545130427671559
-0.014366811373428934 -0.15453734586144038
-0.014372379801198635 -0.15456750491442692
-0.014378898471568495 -0.1546028018285896
-0.014386217397504095 -0.15464242116937177
-0.01439417194472134 -0.15468546869703995
-0.014402586451981376 -0.15473099128145806
-0.014411278038774065 -0.1547779977613661
-0.014420060520697112 -0.1548254802964106
-0.01442874835068561 -0.15487243575653734
-0.014437160503719073 -0.1549178866993445
-0.014445124223818136 -0.1549609015013275
-0.014452478555090463 -0.15500061323315706
-0.014459077583299217 -0.1550362369015714
-0.014464793320858503 -0.15506708472031844
-0.014469518176198204 -0.15509257911890834
-0.014473166957922058 -0.15511226324965818
-0.014475678374885857 -0.15512580880946272
-0.014477016004977103 -0.15513302105168023
-0.014477168717674353 -0.15513384092420118
-0.014476150548067624 -0.15512834433088205
-0.01447400003257882 -0.1551167385737977
-0.014470779028783848 -0.15509935609195186
-0.014466571053173677 -0.15507664566700627
-0.01446147918109318 -0.15504916131715168
-0.014455623562201404 -0.1550175491454534
-0.014449138612393556 -0.154982532448002
-0.014442169949056663 -0.15494489541925469
-0.014434871140703005 -0.15490546581649683
-0.014427400344404696 -0.15486509696197504
-0.014419916905060741 -0.1548246494697159
-0.014412577989440567 -0.15478497308428044
-0.014405535325283403 -0.15474688901082026
-0.014398932111643552 -0.15471117310007354
-0.014392900161335829 -0.15467854022879854
-0.014387557329945563 -0.1546496301861824
-0.014383005278621044 -0.15462499534069815
-0.01437932760995772 -0.15460509032055958
-0.014376588407902069 -0.1545902638952839
-0.014374831203921534 -0.15458075319693368
-0.01437407838286507 -0.15457668036845398
-0.014374331033122119 -0.1545780516742574
-0.014375569237005061 -0.15458475905595526
-0.014377752788851873 -0.15459658406499563
-0.01438082232027926 -0.15461320405500675
-0.014384700804419923 -0.1546342004708651
-0.014389295403949265 -0.15465906902982743
-0.014394499621347853 -0.15468723155330827
-0.014400195704257948 -0.15471804917674795
-0.014406257254073697 -0.1547508366400764
-0.014412551982152225 -0.15478487734296556
-0.014418944555335865 -0.1548194388376628
-0.014425299470916569 -0.15485378842784514
-0.014431483900813941 -0.1548872085446103
-0.014437370445622754 -0.15491901158026267
-0.014442839741330663 -0.15494855387665285
-0.01444778286489899 -0.1549752485870489
-0.01445210348949119 -0.15499857715829585
-0.014455719745841217 -0.15501809921268883
-0.014458565752960227 -0.15503346064578669
-0.014460592788930918 -0.155044399796492
-0.014461770080752783 -0.15505075158823534
-0.014462085200873455 -0.15505244958409747
-0.014461544066945806 -0.1550495259432462
-0.01446017055025652 -0.1550421093102162
-0.01445800570694681 -0.15503042071140424
-0.014455106654365538 -0.1550147675738147
-0.014451545122451333 -0.15499553601875815
-0.014447405716751856 -0.15497318161713086
-0.0144427839354011 -0.15494821882243603
-0.014437783986972914 -0.15492120932229386
-0.014432516459529596 -0.15489274956837973
-0.014427095893347144 -0.15486345775820715
-0.014421638310718549 -0.15483396054973
-0.014416258755943042 -0.15480487979130161
-0.014411068897163907 -0.15477681954514483
-0.014406174739205333 -0.15475035367233514
-0.014401674493088046 -0.15472601423166574
-0.014397656643592906 -0.1547042809240567
-0.014394198251225246 -0.1546855717888927
-0.014391363519339916 -0.15467023532942142
-0.014389202651156724 -0.1546585442117863
-0.014387751015056162 -0.15465069064713605
-0.014387028630022237 -0.15464678352932423
-0.01438703997651272 -0.15464684736278822
-0.01438777413149686 -0.15465082297709226
-0.014389205220011858 -0.15465856998713942
-0.014391293169451718 -0.1546698709219828
-0.014393984747005418 -0.15468443691123865
-0.014397214855297486 -0.1547019147870056
-0.014400908056433674 -0.1547218954315415
-0.014404980290400384 -0.15474392317727012
-0.014409340750180851 -0.1547675060464281
-0.014413893873105302 -0.1547921266031557
-0.014418541405905564 -0.15481725318131623
-0.014423184499746783 -0.15484235124692544
-0.01442772579119972 -0.15486689465479608
-0.014432071425714628 -0.154890376564765
-0.014436132981667089 -0.15491231979346798
-0.014439829255448972 -0.15493228639276901
-0.01444308787133313 -0.15494988626524797
-0.014445846683886831 -0.15496478465013455
-0.014448054945459093 -0.1549767083392105
-0.014449674216616729 -0.15498545051089446
-0.014450679003225558 -0.15499087410132928
-0.014451057110027483 -0.15499291366314816
-0.014450809706900386 -0.1549915756950145
-0.0144499511103481 -0.1549869374573277
-0.014448508288993455 -0.15497914432098733
-0.014446520107788031 -0.1549684057261701
-0.014444036331162301 -0.15495498985608389
-0.014441116410292188 -0.15493921715607176
-0.014437828083942044 -0.15492145285074885
-0.014434245825871867 -0.15490209863064644
-0.014430449174503724 -0.1548815836947673
-0.014426520982388264 -0.15486035534626574
-0.014422545623982158 -0.15483886934498872
-0.014418607200348765 -0.15481758022277337
-0.014414787778656438 -0.15479693176520773
-0.014411165702821364 -0.1547773478571313
-0.014407814009387343 -0.1547592238786758
-0.014404798979830711 -0.15474291882440058
-0.014402178857011234 -0.15472874830041122
-0.0144000027495501 -0.15471697853368607
-0.014398309743601064 -0.15470782150464804
-0.01439712823688553 -0.1547014312888321
-0.014396475505082343 -0.15469790166687053
-0.014396357505791565 -0.15469726503452821
-0.014396768920418563 -0.1546994926167614
-0.014397693429534291 -0.15470449596233193
-0.014399104212643845 -0.1547121296689594
-0.014400964658913334 -0.15472219526388245
-0.01440322927133842 -0.1547344461415328
-0.014405844743154156 -0.15474859343926456
-0.014408751182049455 -0.15476431271412563
-0.014411883455015428 -0.1547812512688449
-0.014415172624478091 -0.1547990359638042
-0.014418547444783957 -0.1548172813439554
-0.014421935887155738 -0.15483559790554208
-0.014425266660938987 -0.1548536003271222
-0.01442847069932846 -0.1548709154927142
-0.014431482578794272 -0.15488719014177932
-0.014434241843105525 -0.15490209799100885
-0.014436694205141801 -0.15491534618624106
-0.014438792602542303 -0.15492668095896187
-0.014440498086609679 -0.15493589238036656
-0.014441780527682012 -0.15494281812645264
-0.014442619124328274 -0.15494734618961784
-0.014443002708110452 -0.15494941649527014
-0.014442929840185114 -0.15494902140551936
-0.014442408700582436 -0.1549462051156138
-0.01444145677549103 -0.15494106197191465
-0.014440100352186762 -0.1549337337623898
-0.014438373835273344 -0.15492440605140667
-0.014436318901559692 -0.1549133036495957
-0.014433983514106016 -0.15490068532637077
-0.014431420818660336 -0.154886837887011
-0.014428687947829031 -0.15487206974776502
-0.01442584475984469 -0.15485670415103087
-0.014422952539695185 -0.1548410721681575
-0.014420072690655154 -0.15482550563973305
-0.014417265443929465 -0.1548103302023679
-0.0144145886132039 -0.15479585854701297
-0.014412096419440048 -0.15478238404689737
-0.014409838409297623 -0.1547701748834184
-0.014407858488175931 -0.1547594687860107
-0.01440619408609926 -0.15475046848745772
-0.01440487547159557 -0.15474333797962372
-0.01440392522540569 -0.15473819963655353
-0.014403357882380648 -0.15473513225270827
-0.014403179746347096 -0.15473417002420287
-0.01440338887911874 -0.15473530248070896
-0.014403975261268749 -0.15473847535561747
-0.0144049211188205 -0.15474359236253765
-0.014406201406723987 -0.15475051782764654
-0.014407784436920043 -0.15475908011017064
