0.00025
0.0005
0.00075
0.001
0.00125
0.0015
0.00175
0.002
0.0022500000000000003
0.0025000000000000005
0.0027500000000000007
0.003000000000000001
0.003250000000000001
0.0035000000000000014
0.0037500000000000016
0.004000000000000002
0.004250000000000002
0.004500000000000002
0.0047500000000000025
0.005000000000000003
0.005250000000000003
0.005500000000000003
0.005750000000000003
0.006000000000000004
0.006250000000000004
0.006500000000000004
0.006750000000000004
0.0070000000000000045
0.007250000000000005
0.007500000000000005
0.007750000000000005
0.008000000000000005
0.008250000000000006
0.008500000000000006
0.008750000000000006
0.009000000000000006
0.009250000000000006
0.009500000000000007
0.009750000000000007
0.010000000000000007
0.010250000000000007
0.010500000000000008
0.010750000000000008
0.011000000000000008
0.011250000000000008
0.011500000000000008
0.011750000000000009
0.012000000000000009
0.01225000000000001
0.01250000000000001
0.01275000000000001
0.01300000000000001
0.01325000000000001
0.01350000000000001
0.01375000000000001
0.01400000000000001
0.014250000000000011
0.014500000000000011
0.014750000000000011
0.015000000000000012
0.015250000000000012
0.015500000000000012
0.01575000000000001
0.01600000000000001
0.01625000000000001
0.01650000000000001
0.01675000000000001
0.01700000000000001
0.017250000000000012
0.017500000000000012
0.017750000000000012
0.018000000000000013
0.018250000000000013
0.018500000000000013
0.018750000000000013
0.019000000000000013
0.019250000000000014
0.019500000000000014
0.019750000000000014
0.020000000000000014
0.020250000000000015
0.020500000000000015
0.020750000000000015
0.021000000000000015
0.021250000000000015
0.021500000000000016
0.021750000000000016
0.022000000000000016
0.022250000000000016
0.022500000000000017
0.022750000000000017
0.023000000000000017
0.023250000000000017
0.023500000000000017
0.023750000000000018
0.024000000000000018
0.024250000000000018
0.02450000000000002
0.02475000000000002
0.02500000000000002
0.02525000000000002
0.02550000000000002
0.02575000000000002
0.02600000000000002
0.02625000000000002
0.02650000000000002
0.02675000000000002
0.02700000000000002
0.02725000000000002
0.02750000000000002
0.02775000000000002
0.02800000000000002
0.02825000000000002
0.028500000000000022
0.028750000000000022
0.029000000000000022
0.029250000000000023
0.029500000000000023
0.029750000000000023
0.030000000000000023
0.030250000000000023
0.030500000000000024
0.030750000000000024
0.031000000000000024
0.03125000000000002
0.03150000000000002
0.03175000000000002
0.03200000000000002
0.03225000000000002
0.03250000000000002
0.03275000000000002
0.03300000000000002
0.03325000000000002
0.03350000000000002
0.03375000000000002
0.03400000000000002
0.034250000000000023
0.034500000000000024
0.034750000000000024
0.035000000000000024
0.035250000000000024
0.035500000000000025
0.035750000000000025
0.036000000000000025
0.036250000000000025
0.036500000000000025
0.036750000000000026
0.037000000000000026
0.037250000000000026
0.037500000000000026
0.03775000000000003
0.03800000000000003
0.03825000000000003
0.03850000000000003
0.03875000000000003
0.03900000000000003
0.03925000000000003
0.03950000000000003
0.03975000000000003
0.04000000000000003
0.04025000000000003
0.04050000000000003
0.04075000000000003
0.04100000000000003
0.04125000000000003
0.04150000000000003
0.04175000000000003
0.04200000000000003
0.04225000000000003
0.04250000000000003
0.04275000000000003
0.04300000000000003
0.04325000000000003
0.04350000000000003
0.04375000000000003
0.04400000000000003
0.04425000000000003
0.04450000000000003
0.04475000000000003
0.04500000000000003
0.04525000000000003
0.045500000000000033
0.045750000000000034
0.046000000000000034
0.046250000000000034
0.046500000000000034
0.046750000000000035
0.047000000000000035
0.047250000000000035
0.047500000000000035
0.047750000000000035
0.048000000000000036
0.048250000000000036
0.048500000000000036
0.048750000000000036
0.04900000000000004
0.04925000000000004
0.04950000000000004
0.04975000000000004
0.05000000000000004
0.05025000000000004
0.05050000000000004
0.05075000000000004
0.05100000000000004
0.05125000000000004
0.05150000000000004
0.05175000000000004
0.05200000000000004
0.05225000000000004
0.05250000000000004
0.05275000000000004
0.05300000000000004
0.05325000000000004
0.05350000000000004
0.05375000000000004
0.05400000000000004
0.05425000000000004
0.05450000000000004
0.05475000000000004
0.05500000000000004
0.05525000000000004
0.05550000000000004
0.05575000000000004
0.05600000000000004
0.05625000000000004
0.05650000000000004
0.05675000000000004
0.057000000000000044
0.057250000000000044
0.057500000000000044
0.057750000000000044
0.058000000000000045
0.058250000000000045
0.058500000000000045
0.058750000000000045
0.059000000000000045
0.059250000000000046
0.059500000000000046
0.059750000000000046
0.060000000000000046
0.06025000000000005
0.06050000000000005
0.06075000000000005
0.06100000000000005
0.06125000000000005
0.06150000000000005
0.06175000000000005
0.06200000000000005
0.06225000000000005
0.06250000000000004
0.06275000000000004
0.06300000000000004
0.06325000000000004
0.06350000000000004
0.06375000000000004
0.06400000000000004
0.06425000000000004
0.06450000000000004
0.06475000000000004
0.06500000000000004
0.06525000000000004
0.06550000000000004
0.06575000000000004
0.06600000000000004
0.06625000000000004
0.06650000000000005
0.06675000000000005
0.06700000000000005
0.06725000000000005
0.06750000000000005
0.06775000000000005
0.06800000000000005
0.06825000000000005
0.06850000000000005
0.06875000000000005
0.06900000000000005
0.06925000000000005
0.06950000000000005
0.06975000000000005
0.07000000000000005
0.07025000000000005
0.07050000000000005
0.07075000000000005
0.07100000000000005
0.07125000000000005
0.07150000000000005
0.07175000000000005
0.07200000000000005
0.07225000000000005
0.07250000000000005
0.07275000000000005
0.07300000000000005
0.07325000000000005
0.07350000000000005
0.07375000000000005
0.07400000000000005
0.07425000000000005
0.07450000000000005
0.07475000000000005
0.07500000000000005
